osu file format v14

[General]
AudioFilename: SOLIZY, XVTS - Alex Love.mp3
AudioLeadIn: 0
PreviewTime: 64112
Countdown: 0
SampleSet: Soft
StackLeniency: 0.7
Mode: 0
LetterboxInBreaks: 0
WidescreenStoryboard: 1

[Editor]
DistanceSpacing: 1.2
BeatDivisor: 4
GridSize: 16
TimelineZoom: 1

[Metadata]
Title:Phonk Pack
TitleUnicode:Phonk Pack
Artist:Phonk Pack
ArtistUnicode:Phonk Pack
Creator:weldon1232
Version:song #5
Source:
Tags:
BeatmapID:3831841
BeatmapSetID:1863371

[Difficulty]
HPDrainRate:6
CircleSize:4
OverallDifficulty:5
ApproachRate:9.4
SliderMultiplier:1.4
SliderTickRate:1

[Events]
//Background and Video events
0,0,"85449380_p1.jpg",0,0
//Break Periods
//Storyboard Layer 0 (Background)
//Storyboard Layer 1 (Fail)
//Storyboard Layer 2 (Pass)
//Storyboard Layer 3 (Foreground)
//Storyboard Layer 4 (Overlay)
//Storyboard Sound Samples

[TimingPoints]
16112,500,4,2,0,100,1,0
51237,-100,4,2,0,50,0,0
63112,-100,4,2,0,15,0,0
64112,-47.6190476190476,4,2,0,100,0,0
80112,-100,4,2,0,100,0,0
111112,-47.6190476190476,4,2,0,100,0,0
112112,-100,4,2,0,100,0,0


[HitObjects]
84,68,16112,6,0,L|143:120,2,70
289,140,17112,6,0,L|237:191,1,70
159,137,17487,2,0,L|121:116,1,35
257,53,18112,2,0,L|336:86,1,70
466,35,18612,1,0,0:0:0:0:
402,161,18862,5,0,0:0:0:0:
283,140,19112,2,0,P|217:133|192:142,1,70
139,137,19612,5,0,0:0:0:0:
69,242,19862,1,0,0:0:0:0:
346,164,20112,6,0,L|291:228,2,70
205,188,21112,6,0,P|195:127|198:113,1,70
245,53,21487,2,0,L|191:44,1,35
96,66,22112,6,0,L|75:142,1,70
143,191,22487,1,0,0:0:0:0:
260,135,22612,1,0,0:0:0:0:
261,248,22862,1,0,0:0:0:0:
157,313,23112,2,0,L|86:340,1,70
48,269,23487,5,0,0:0:0:0:
142,198,23612,1,0,0:0:0:0:
42,147,23862,1,0,0:0:0:0:
472,39,24112,6,0,L|417:87,2,70
304,78,25112,6,0,L|217:62,1,70
304,78,25487,2,0,L|246:68,1,35
148,58,26112,5,0,0:0:0:0:
69,184,26362,1,0,0:0:0:0:
179,180,26612,2,0,P|209:217|218:257,1,70
134,277,27112,2,0,P|175:324|200:331,1,70
303,294,27612,1,0,0:0:0:0:
303,294,27862,1,0,0:0:0:0:
466,343,28112,6,0,L|407:292,2,70
358,162,29112,6,0,P|282:178|270:189,1,70
268,262,29487,2,0,P|230:249|217:234,1,35
50,331,30112,5,0,0:0:0:0:
97,198,30487,2,0,P|121:237|132:253,1,35
260,191,30862,1,0,0:0:0:0:
386,241,31112,6,0,P|394:169|367:118,1,105
259,57,31862,5,0,0:0:0:0:
321,195,32112,6,0,L|257:248,2,70
106,197,33112,6,0,P|101:250|103:286,1,70
168,328,33487,2,0,P|198:287|198:282,1,35
258,85,34112,6,0,P|303:135|312:158,2,70
44,40,34862,1,0,0:0:0:0:
94,132,35112,1,0,0:0:0:0:
34,188,35362,2,0,L|31:285,1,70
119,332,35862,1,0,0:0:0:0:
259,190,36112,6,0,L|192:245,2,70
118,83,37112,6,0,P|111:141|115:177,1,70
188,204,37487,2,0,L|237:229,1,35
423,299,38112,6,0,P|402:227|373:208,1,105
226,118,38612,5,0,0:0:0:0:
171,246,38862,1,0,0:0:0:0:
97,149,39112,1,0,0:0:0:0:
97,149,39362,2,0,L|138:124,1,35
244,77,39612,6,0,P|308:117|312:138,1,70
259,195,40112,5,0,0:0:0:0:
132,200,40362,1,0,0:0:0:0:
132,200,40612,1,0,0:0:0:0:
81,86,41112,5,0,0:0:0:0:
167,74,41362,2,0,L|202:106,2,35
356,293,42112,6,0,P|310:251|279:242,2,70
183,209,42862,1,0,0:0:0:0:
297,134,43112,1,0,0:0:0:0:
162,94,43362,1,0,0:0:0:0:
67,164,43612,2,0,P|55:221|68:250,1,70
447,189,44112,6,0,L|366:191,2,70
265,71,45112,6,0,P|222:58|183:63,1,70
119,122,45487,1,0,0:0:0:0:
119,122,45612,1,0,0:0:0:0:
85,309,46112,6,0,P|136:288|187:292,1,105
313,155,46612,2,0,P|298:212|289:230,1,70
135,136,47112,1,0,0:0:0:0:
259,69,47487,1,0,0:0:0:0:
398,172,47862,1,0,0:0:0:0:
250,351,48112,6,0,L|172:351,1,70
48,328,49112,5,0,0:0:0:0:
89,247,49362,2,0,L|112:212,1,35
254,89,49737,5,0,0:0:0:0:
46,46,50112,1,0,0:0:0:0:
46,46,50487,1,0,0:0:0:0:
95,147,50862,5,0,0:0:0:0:
258,225,51112,1,0,0:0:0:0:
418,43,51487,5,0,0:0:0:0:
254,93,51862,1,0,0:0:0:0:
248,95,52112,1,0,0:0:0:0:
333,198,52362,1,0,0:0:0:0:
463,341,53112,5,0,0:0:0:0:
365,305,53362,1,0,0:0:0:0:
324,289,53487,1,0,0:0:0:0:
212,335,53737,5,0,0:0:0:0:
77,297,54112,5,0,0:0:0:0:
149,187,54487,1,0,0:0:0:0:
41,121,54862,1,0,0:0:0:0:
39,242,55112,1,0,0:0:0:0:
43,349,55487,1,0,0:0:0:0:
160,329,55862,6,0,P|186:277|171:250,1,70
97,200,56362,1,0,0:0:0:0:
97,200,56612,1,0,0:0:0:0:
196,89,57112,5,0,0:0:0:0:
271,156,57362,2,0,L|315:186,2,35
379,113,57737,1,0,0:0:0:0:
238,49,58112,5,0,0:0:0:0:
102,107,58487,1,0,0:0:0:0:
51,228,58612,1,0,0:0:0:0:
262,335,58862,2,0,P|262:288|249:266,1,70
461,340,59362,5,0,0:0:0:0:
363,208,59487,1,0,0:0:0:0:
454,116,59612,1,0,0:0:0:0:
259,46,59862,5,0,0:0:0:0:
188,166,60112,1,0,0:0:0:0:
41,344,60362,2,0,P|66:295|57:262,1,70
214,42,61112,5,0,0:0:0:0:
115,73,61362,1,0,0:0:0:0:
115,73,61487,1,0,0:0:0:0:
194,144,61612,1,0,0:0:0:0:
320,198,61737,1,0,0:0:0:0:
455,48,62112,6,0,L|457:160,1,105
456,250,62612,2,0,P|451:295|412:326,1,70
307,292,63112,5,0,0:0:0:0:
183,293,63487,1,0,0:0:0:0:
46,297,63862,1,0,0:0:0:0:
77,102,64112,5,0,0:0:0:0:
110,129,64237,1,0,0:0:0:0:
136,151,64362,1,0,0:0:0:0:
161,174,64487,1,0,0:0:0:0:
185,198,64612,1,0,0:0:0:0:
224,195,64737,1,0,0:0:0:0:
250,174,64862,1,0,0:0:0:0:
277,153,64987,1,0,0:0:0:0:
297,136,65112,1,0,0:0:0:0:
325,108,65237,5,0,0:0:0:0:
356,78,65362,1,0,0:0:0:0:
393,100,65487,1,0,0:0:0:0:
421,130,65612,1,0,0:0:0:0:
443,163,65737,1,0,0:0:0:0:
459,197,65862,1,0,0:0:0:0:
456,237,65987,1,0,0:0:0:0:
265,166,66112,6,0,P|195:129|187:133,1,73.4999977569581
146,194,66362,2,0,P|132:117|136:115,1,73.4999977569581
161,55,66612,2,0,P|237:66|242:73,1,73.4999977569581
317,106,66862,2,0,L|369:195,1,73.4999977569581
385,277,67112,2,0,P|348:355|345:355,1,73.4999977569581
261,325,67362,5,0,0:0:0:0:
156,202,67487,1,0,0:0:0:0:
53,342,67612,1,0,0:0:0:0:
248,231,67737,1,0,0:0:0:0:
248,231,67862,1,0,0:0:0:0:
248,231,67987,1,0,0:0:0:0:
443,346,68112,6,0,P|463:266|454:260,1,73.4999977569581
399,262,68362,2,0,P|415:164|417:163,1,73.4999977569581
475,180,68612,2,0,P|460:100|457:98,1,73.4999977569581
441,32,68862,5,0,0:0:0:0:
339,35,68987,1,0,0:0:0:0:
401,102,69112,1,0,0:0:0:0:
282,109,69237,6,0,P|221:44|219:44,1,73.4999977569581
137,43,69487,5,0,0:0:0:0:
42,46,69612,1,0,0:0:0:0:
42,46,69737,1,0,0:0:0:0:
42,46,69862,1,0,0:0:0:0:
42,46,69987,1,0,0:0:0:0:
40,128,70112,6,0,B|49:225|52:233|91:240,1,73.4999977569581
132,180,70362,2,0,P|134:264|130:275,1,73.4999977569581
45,320,70612,2,0,P|119:344|124:341,1,73.4999977569581
227,328,70862,1,0,0:0:0:0:
342,191,70987,1,0,0:0:0:0:
203,125,71112,1,0,0:0:0:0:
348,293,71237,1,0,0:0:0:0:
437,260,71362,6,0,P|443:160|419:146,1,73.4999977569581
381,132,71612,2,0,P|431:69|435:73,2,73.4999977569581
250,38,71987,5,0,0:0:0:0:
146,138,72112,1,0,0:0:0:0:
261,242,72237,1,0,0:0:0:0:
334,130,72362,1,0,0:0:0:0:
243,144,72487,6,0,P|188:213|188:226,1,73.4999977569581
290,242,72737,2,0,P|227:304|219:308,1,73.4999977569581
132,291,72987,5,0,0:0:0:0:
44,343,73112,1,0,0:0:0:0:
132,291,73237,1,0,0:0:0:0:
35,258,73362,2,0,L|37:160,1,73.4999977569581
45,97,73612,2,0,P|101:39|103:40,2,73.4999977569581
155,71,73987,5,0,0:0:0:0:
270,192,74112,1,0,0:0:0:0:
371,78,74237,1,0,0:0:0:0:
463,52,74362,6,0,L|461:142,1,73.4999977569581
419,205,74612,2,0,P|343:246|334:239,1,73.4999977569581
276,226,74862,2,0,P|332:160|352:164,1,73.4999977569581
407,153,75112,2,0,P|395:237|377:260,1,73.4999977569581
320,301,75362,5,0,0:0:0:0:
181,256,75487,1,0,0:0:0:0:
36,342,75612,2,0,L|85:282,2,73.4999977569581
79,178,75987,5,0,0:0:0:0:
202,89,76112,1,0,0:0:0:0:
299,53,76237,6,0,P|298:141|290:159,1,73.4999977569581
220,155,76487,2,0,P|218:234|225:247,1,73.4999977569581
305,244,76737,2,0,P|294:327|282:342,1,73.4999977569581
132,309,76987,5,0,0:0:0:0:
29,197,77112,1,0,0:0:0:0:
94,71,77237,1,0,0:0:0:0:
251,140,77362,1,0,0:0:0:0:
383,73,77487,1,0,0:0:0:0:
452,163,77612,2,0,P|466:249|454:313,1,146.999995513916
69,151,78112,6,0,P|136:106|140:108,4,73.4999977569581
137,183,78737,2,0,P|85:251|72:255,3,73.4999977569581
33,198,79237,2,0,P|68:123|70:122,3,73.4999977569581
142,81,79737,5,0,0:0:0:0:
194,69,79862,1,0,0:0:0:0:
237,63,79987,1,0,0:0:0:0:
390,126,80112,6,0,L|363:166,2,35
465,58,80612,5,0,0:0:0:0:
475,151,80737,2,0,L|471:209,1,35
361,252,81112,6,0,L|306:217,2,35
141,146,81612,5,0,0:0:0:0:
70,220,81737,2,0,L|43:251,1,35
50,337,82112,6,0,L|102:337,2,35
184,335,82612,1,0,0:0:0:0:
279,331,82737,2,0,L|326:329,1,35
429,329,83112,1,0,0:0:0:0:
391,243,83237,2,0,L|354:215,1,35
363,117,83612,6,0,L|313:164,2,35
227,193,84112,2,0,L|260:174,2,35
130,115,84612,2,0,L|88:80,2,35
71,195,85112,5,0,0:0:0:0:
165,263,85237,1,0,0:0:0:0:
70,200,85362,1,0,0:0:0:0:
211,148,85612,6,0,L|261:126,2,35
370,73,86112,5,0,0:0:0:0:
411,160,86237,2,0,L|424:214,1,35
330,275,86612,5,0,0:0:0:0:
220,227,86737,2,0,L|181:197,1,35
157,131,87112,6,0,L|189:106,2,35
270,122,87612,6,0,L|302:140,2,35
452,59,88112,5,0,0:0:0:0:
390,142,88237,2,0,L|365:189,1,35
280,243,88612,1,0,0:0:0:0:
192,188,88737,2,0,L|146:142,1,35
212,83,89112,2,0,L|263:59,2,35
104,51,89612,5,0,0:0:0:0:
59,151,89737,2,0,L|40:203,1,35
105,266,90112,1,0,0:0:0:0:
45,333,90237,2,0,L|29:367,1,35
253,202,90612,6,0,L|297:200,2,35
394,271,91112,1,0,0:0:0:0:
431,193,91237,2,0,L|443:150,1,35
343,98,91612,1,0,0:0:0:0:
414,57,91737,2,0,L|473:37,1,35
250,62,92112,6,0,L|215:118,2,35
144,197,92612,5,0,0:0:0:0:
204,269,92737,2,0,L|243:297,1,35
336,189,93112,1,0,0:0:0:0:
400,125,93237,2,0,L|426:92,1,35
459,326,93612,6,0,L|416:299,2,35
288,301,94112,1,0,0:0:0:0:
188,304,94237,2,0,L|145:304,1,35
48,247,94612,1,0,0:0:0:0:
110,175,94737,2,0,L|139:151,1,35
255,81,95112,6,0,L|303:116,2,35
260,326,95612,5,0,0:0:0:0:
179,273,95737,2,0,L|129:237,1,35
195,178,96112,1,0,0:0:0:0:
286,179,96237,2,0,L|333:177,1,35
438,208,96612,6,0,L|432:157,2,35
259,89,97112,5,0,0:0:0:0:
167,173,97237,2,0,L|123:209,1,35
43,331,97612,1,0,0:0:0:0:
147,303,97737,2,0,L|198:287,1,35
285,300,98112,2,0,L|326:328,2,35
461,336,98612,5,0,0:0:0:0:
417,252,98737,2,0,L|385:209,1,35
273,178,99112,1,0,0:0:0:0:
337,112,99237,2,0,L|365:86,1,35
217,60,99612,6,0,L|178:100,2,35
370,73,100112,5,0,0:0:0:0:
411,160,100237,2,0,L|424:214,1,35
330,275,100612,5,0,0:0:0:0:
220,227,100737,2,0,L|181:197,1,35
157,131,101112,6,0,L|189:106,2,35
270,122,101612,6,0,L|302:140,2,35
452,59,102112,5,0,0:0:0:0:
390,142,102237,2,0,L|365:189,1,35
280,243,102612,1,0,0:0:0:0:
192,188,102737,2,0,L|146:142,1,35
212,83,103112,2,0,L|263:59,2,35
104,51,103612,5,0,0:0:0:0:
59,151,103737,2,0,L|40:203,1,35
105,266,104112,1,0,0:0:0:0:
45,333,104237,2,0,L|29:367,1,35
253,202,104612,6,0,L|297:200,2,35
394,271,105112,1,0,0:0:0:0:
431,193,105237,2,0,L|443:150,1,35
343,98,105612,1,0,0:0:0:0:
414,57,105737,2,0,L|473:37,1,35
250,62,106112,6,0,L|215:118,2,35
144,197,106612,5,0,0:0:0:0:
204,269,106737,2,0,L|243:297,1,35
336,189,107112,1,0,0:0:0:0:
400,125,107237,2,0,L|426:92,1,35
459,326,107612,6,0,L|416:299,2,35
288,301,108112,1,0,0:0:0:0:
188,304,108237,2,0,L|145:304,1,35
48,247,108612,1,0,0:0:0:0:
110,175,108737,2,0,L|139:151,1,35
255,81,109112,6,0,L|303:116,2,35
458,191,109612,5,0,0:0:0:0:
361,240,109737,2,0,L|321:273,1,35
211,204,110112,1,0,0:0:0:0:
271,124,110237,2,0,L|319:88,1,35
155,62,110612,2,0,L|113:95,2,35
79,187,111112,6,0,P|100:262|108:266,1,73.4999977569581
181,227,111362,2,0,P|198:304|191:315,1,73.4999977569581
83,314,111612,2,0,P|86:231|90:227,1,73.4999977569581
133,137,111862,5,0,0:0:0:0:
438,328,112112,6,0,P|434:268|370:229,1,140
283,240,113112,2,0,P|319:175|373:137,1,140
295,68,114112,6,0,P|238:91|228:111,1,70
293,155,114612,2,0,P|238:177|226:168,1,70
167,101,115112,1,0,0:0:0:0:
92,184,115362,2,0,P|85:235|92:272,2,70
244,342,116112,6,0,L|329:342,1,70
430,342,116612,2,0,P|449:302|436:270,2,70
368,244,117362,6,0,P|379:180|390:174,1,70
413,100,118112,6,0,P|378:66|353:75,1,70
292,148,118612,2,0,P|239:168|225:153,2,70
174,95,119362,6,0,P|135:135|143:164,2,70
226,191,120112,1,0,0:0:0:0:
