osu file format v14

[General]
AudioFilename: audio.mp3
AudioLeadIn: 0
PreviewTime: 35971
Countdown: 0
SampleSet: None
StackLeniency: 0.7
Mode: 0
LetterboxInBreaks: 0
WidescreenStoryboard: 1

[Editor]
DistanceSpacing: 1.1
BeatDivisor: 2
GridSize: 16
TimelineZoom: 1.4

[Metadata]
Title:We Fell Apart
TitleUnicode:We Fell Apart
Artist:overrated, Akucum
ArtistUnicode:overrated, Akucum
Creator:[JK] Hy6uK
Version:Insane
Source:
Tags:
BeatmapID:4617581
BeatmapSetID:2165834

[Difficulty]
HPDrainRate:4
CircleSize:4
OverallDifficulty:6
ApproachRate:9.2
SliderMultiplier:2.2
SliderTickRate:1

[Events]
//Background and Video events
0,0,"anime-manga-crying-darkness-screenshot-computer-wallpaper-47424.jpg",0,0
//Break Periods
//Storyboard Layer 0 (Background)
//Storyboard Layer 1 (Fail)
//Storyboard Layer 2 (Pass)
//Storyboard Layer 3 (Foreground)
//Storyboard Layer 4 (Overlay)
//Storyboard Sound Samples

[TimingPoints]
8749,277.777777777778,4,1,0,100,1,0
9582,-133.333333333333,4,1,0,100,0,0
9721,-100,4,1,0,100,0,0
17221,-200,4,1,0,100,0,0
22776,-100,4,1,0,100,0,0
22776,-133.333333333333,4,1,0,100,0,0
35971,-66.6666666666667,4,1,0,100,0,0
35971,-100,4,1,0,100,0,0
40415,-100,4,1,0,100,0,0
40415,-66.6666666666667,4,1,0,100,0,0
46943,-66.6666666666667,4,1,0,100,0,0
49026,-100,4,1,0,100,0,0
65137,-200,4,1,0,100,0,0
75415,-100,4,1,0,100,0,0
75415,-100,4,1,0,100,0,0
84304,-80,4,1,0,100,0,0
97221,-100,4,1,0,100,0,0
112846,-133.333333333333,4,1,0,100,0,0
115137,-80,4,1,0,100,0,0
124026,-80,4,1,0,100,0,0


[HitObjects]
137,274,8748,6,0,P|103:154|119:137,1,110
194,125,9026,1,0,0:0:0:0:
194,125,9165,1,0,0:0:0:0:
350,73,9304,6,0,P|395:173|379:202,1,110
259,241,9582,1,0,0:0:0:0:
259,241,9721,1,0,0:0:0:0:
142,166,9860,6,0,P|176:298|190:301,1,110
251,127,10137,1,0,0:0:0:0:
339,87,10276,1,0,0:0:0:0:
339,87,10415,5,0,0:0:0:0:
316,268,10554,1,0,0:0:0:0:
316,268,10693,2,0,P|195:244|143:147,1,220
214,90,11249,5,0,0:0:0:0:
353,107,11387,1,0,0:0:0:0:
353,107,11526,2,0,P|343:234|324:254,1,110
239,266,11804,5,0,0:0:0:0:
239,266,11943,1,0,0:0:0:0:
150,131,12082,2,0,P|134:250|153:289,1,110
355,225,12452,6,0,L|325:148,6,73.3333333333333
200,259,13471,6,0,P|134:166|139:147,1,110
211,86,13749,1,0,0:0:0:0:
211,86,13887,1,0,0:0:0:0:
338,157,14026,6,0,P|294:262|284:270,1,110
183,275,14443,2,0,P|107:174|116:112,1,110
191,112,14721,5,0,0:0:0:0:
298,180,14860,1,0,0:0:0:0:
269,80,14999,1,0,0:0:0:0:
198,201,15137,1,0,0:0:0:0:
198,201,15276,2,0,P|233:313|352:309,1,220
376,164,15832,5,0,0:0:0:0:
146,124,16110,5,0,0:0:0:0:
205,281,16387,5,0,0:0:0:0:
271,87,16665,5,0,0:0:0:0:
120,189,16943,6,0,P|183:302|285:326,1,220
159,212,18332,6,0,P|203:290|235:303,1,110
325,90,18887,6,0,P|328:174|317:195,1,110
98,204,19443,6,0,P|167:137|196:143,1,110
297,137,19860,6,0,L|296:216,1,55
297,137,20137,2,0,L|297:231,1,55
302,327,20554,6,0,P|388:262|389:233,1,110
210,57,21110,6,0,P|124:122|123:151,1,110
240,312,21665,6,0,P|177:234|180:202,1,110
298,185,22082,6,0,L|352:136,1,55
338,148,22360,2,0,L|280:193,1,55
148,267,22776,6,0,P|94:184|100:148,1,82.5000031471254
263,119,23332,2,0,P|298:205|336:214,1,82.5000031471254
262,309,23887,6,0,P|184:251|183:227,1,82.5000031471254
185,180,24304,5,0,0:0:0:0:
378,102,24582,1,0,0:0:0:0:
314,244,25137,5,0,0:0:0:0:
152,135,25415,5,0,0:0:0:0:
328,66,25832,5,0,0:0:0:0:
234,267,26526,5,0,0:0:0:0:
138,180,26711,6,0,L|159:113,2,55.0000020980836
377,204,27082,6,0,P|306:114|253:102,1,165.000006294251
143,186,27499,6,0,P|156:277|165:279,1,82.5000031471254
234,300,27776,2,0,P|352:295|371:275,1,110
320,153,28054,1,0,0:0:0:0:
172,73,28193,2,0,P|120:148|116:184,1,82.5000031471254
245,279,28471,5,0,0:0:0:0:
245,279,28610,1,0,0:0:0:0:
245,279,28749,2,0,P|344:253|352:223,1,82.5000031471254
360,115,29165,5,0,0:0:0:0:
228,108,29304,1,0,0:0:0:0:
228,108,29443,2,0,P|148:191|145:227,1,110
320,229,29721,6,0,P|232:262|178:236,2,82.5000031471254
131,241,30276,5,0,0:0:0:0:
149,153,30415,2,0,P|222:60|240:60,1,110
305,75,30693,1,0,0:0:0:0:
305,75,30832,1,0,0:0:0:0:
305,75,30971,2,0,P|344:160|336:209,1,82.5000031471254
362,251,31526,6,0,P|226:275|178:234,1,165.000006294251
104,170,31943,5,0,0:0:0:0:
178,71,32082,1,0,0:0:0:0:
240,154,32221,1,0,0:0:0:0:
379,171,32499,6,0,P|310:247|279:250,1,82.5000031471254
191,241,32776,2,0,P|121:189|109:142,1,82.5000031471254
225,60,33054,6,0,P|316:87|344:133,1,82.5000031471254
324,207,33471,5,0,0:0:0:0:
316,101,33749,5,0,0:0:0:0:
264,113,33887,1,0,0:0:0:0:
226,155,34026,1,0,0:0:0:0:
212,207,34165,1,0,0:0:0:0:
223,255,34304,5,0,0:0:0:0:
266,297,34443,1,0,0:0:0:0:
322,307,34582,1,0,0:0:0:0:
368,285,34721,5,0,0:0:0:0:
383,249,34860,2,0,L|376:169,10,55
124,253,35971,6,0,P|87:136|99:120,1,110
189,57,36249,2,0,P|162:172|170:189,1,110
293,266,36526,6,0,P|177:257|162:238,1,110
91,75,36804,2,0,P|183:135|225:129,1,110
118,295,37082,6,0,P|167:167|205:163,1,110
306,142,37360,2,0,P|208:230|162:224,1,110
91,115,37637,6,0,P|184:189|246:155,1,110
264,91,37915,2,0,L|263:165,1,55
264,91,38054,2,0,L|263:168,1,55
276,228,38193,6,0,P|163:278|120:251,1,110
136,92,38471,2,0,P|249:144|272:133,1,110
294,56,38749,6,0,P|203:169|167:164,1,110
244,284,39026,2,0,P|147:209|159:173,1,110
280,126,39304,6,0,P|181:206|146:197,1,110
90,175,39582,2,0,P|222:152|231:128,1,110
355,71,39860,6,0,P|263:151|229:142,1,110
199,289,40137,2,0,P|136:175|154:141,1,110
105,217,40415,6,0,L|172:123,1,110
209,265,40763,2,0,P|265:148|289:138,1,110
384,258,41040,6,0,B|329:213|329:213|269:227,1,110
128,126,41318,2,0,B|183:171|183:171|243:157,1,110
384,126,41596,6,0,B|329:171|329:171|269:157,1,110
162,323,41874,2,0,P|121:238|160:188,1,110
277,194,42151,6,0,P|183:144|182:113,1,110
387,96,42429,1,0,0:0:0:0:
235,113,42568,5,0,0:0:0:0:
209,134,42637,1,0,0:0:0:0:
205,167,42707,1,0,0:0:0:0:
371,291,43054,6,0,P|325:203|349:179,1,82.5000031471254
106,125,43332,2,0,P|99:229|81:238,1,82.5000031471254
329,83,43610,6,0,P|261:155|276:181,1,82.5000031471254
329,301,43887,6,0,P|261:229|276:203,1,82.5000031471254
116,139,44165,6,0,B|107:214|107:214|169:256,1,110
252,230,44443,6,0,B|239:128|239:128|289:90,1,110
379,177,44721,6,0,L|355:228,3,55.0000020980836
251,302,44999,6,0,P|156:253|179:182,1,110
244,123,45276,2,0,P|287:107|309:216,1,110
326,247,45554,2,0,P|421:224|419:131,1,110
418,93,45832,2,0,B|320:104|320:104|294:183,1,110
284,172,46110,6,0,B|201:156|201:156|160:200,1,110
153,209,46387,2,0,P|212:285|303:268,1,110
275,294,46665,6,0,P|252:203|206:150,1,110
207,149,46943,2,0,L|249:68,1,82.5000031471254
325,109,47082,5,0,0:0:0:0:
325,109,47221,2,0,P|131:189|136:220,1,165.000006294251
365,240,47499,2,0,P|200:257|176:234,1,165.000006294251
257,200,47776,6,0,P|151:64|111:65,1,165.000006294251
125,108,48054,2,0,P|80:287|96:307,1,165.000006294251
252,305,48332,6,0,P|169:145|173:115,1,165.000006294251
317,273,48610,2,0,P|239:111|206:101,1,165.000006294251
145,272,48887,6,0,P|258:130|309:120,1,165.000006294251
330,208,49165,6,0,P|199:96|165:89,1,110
113,110,49443,6,0,P|113:231|85:239,1,110
206,149,49721,6,0,P|206:270|178:278,1,110
304,193,49999,6,0,P|304:314|276:322,1,110
408,236,50276,6,0,P|408:357|380:365,1,110
165,326,50554,6,0,L|82:240,1,110
183,245,50832,6,0,L|138:138,1,110
242,201,51110,6,0,L|245:75,1,110
387,204,51387,5,0,0:0:0:0:
231,57,51526,5,0,0:0:0:0:
192,91,51596,1,0,0:0:0:0:
168,142,51665,1,0,0:0:0:0:
144,298,51943,6,0,P|277:264|279:224,1,110
368,86,52221,2,0,P|235:120|233:160,1,110
144,298,52499,6,0,P|277:264|279:224,1,110
368,86,52776,2,0,P|235:120|233:160,1,110
98,79,53054,6,0,P|87:209|123:241,1,110
195,272,53332,2,0,P|184:142|220:110,1,110
255,76,53610,6,0,P|266:206|230:238,1,110
276,201,53860,2,0,L|332:221,2,44
134,285,57360,6,0,P|94:167|111:147,1,110
196,83,57637,1,0,0:0:0:0:
346,141,57915,5,0,0:0:0:0:
303,266,58054,2,0,P|170:260|151:230,1,110
127,173,58471,5,0,0:0:0:0:
175,90,58610,1,0,0:0:0:0:
175,90,58749,1,0,0:0:0:0:
258,170,58887,5,0,0:0:0:0:
322,102,59026,2,0,P|356:200|309:221,1,110
144,254,59582,5,0,0:0:0:0:
200,94,59721,1,0,0:0:0:0:
367,111,59860,6,0,P|308:222|281:226,1,110
232,226,60137,5,0,0:0:0:0:
130,113,60276,1,0,0:0:0:0:
245,66,60415,6,0,P|195:187|145:192,1,110
119,291,60693,5,0,0:0:0:0:
171,199,60832,1,0,0:0:0:0:
114,113,60971,1,0,0:0:0:0:
196,43,61110,1,0,0:0:0:0:
272,107,61249,2,0,P|309:219|434:201,1,220
230,266,61804,5,0,0:0:0:0:
230,266,61943,1,0,0:0:0:0:
125,155,62082,2,0,L|262:118,1,110
280,76,62360,5,0,0:0:0:0:
280,76,62499,1,0,0:0:0:0:
175,187,62638,2,0,L|312:224,1,110
402,206,62915,5,0,0:0:0:0:
301,280,63054,1,0,0:0:0:0:
189,264,63193,1,0,0:0:0:0:
120,177,63332,1,0,0:0:0:0:
161,74,63471,2,0,P|287:66|348:117,1,110
278,159,64026,5,0,0:0:0:0:
152,268,64304,5,0,0:0:0:0:
169,92,64582,5,0,0:0:0:0:
320,263,64860,5,0,0:0:0:0:
87,228,65137,6,0,P|193:135|365:186,1,330
149,274,66619,6,0,L|155:195,1,55
338,85,67174,6,0,L|304:176,1,55
121,157,67730,6,0,L|208:207,1,55
334,164,68100,5,0,0:0:0:0:
204,281,68378,5,0,0:0:0:0:
154,90,68841,6,0,P|122:134|108:131,1,73.3333333333333
154,294,69397,6,0,P|122:250|108:253,1,73.3333333333333
251,172,69952,6,0,P|283:216|297:213,1,73.3333333333333
145,250,70323,5,0,0:0:0:0:
395,147,70600,5,0,0:0:0:0:
214,117,71063,6,0,B|207:167|207:167|234:186,1,73.3333333333333
174,314,71619,6,0,B|196:277|196:277|179:241,1,73.3333333333333
340,163,72174,6,0,B|305:206|305:206|334:236,1,73.3333333333333
125,223,72545,5,0,0:0:0:0:
345,107,72823,5,0,0:0:0:0:
314,251,73286,5,0,0:0:0:0:
80,80,73841,5,0,0:0:0:0:
334,157,74397,5,0,0:0:0:0:
106,276,74860,5,0,0:0:0:0:
331,263,75137,5,0,0:0:0:0:
126,94,75415,6,0,P|246:92|275:112,1,146.666666666667
265,126,75832,5,0,0:0:0:0:
348,79,75971,1,0,0:0:0:0:
269,45,76110,1,0,0:0:0:0:
280,276,76387,5,0,0:0:0:0:
212,222,76526,1,0,0:0:0:0:
206,130,76665,1,0,0:0:0:0:
277,78,76804,1,0,0:0:0:0:
277,78,76943,2,0,L|145:54,1,110
128,292,77360,5,0,0:0:0:0:
182,161,77499,1,0,0:0:0:0:
223,246,77637,1,0,0:0:0:0:
82,139,77776,1,0,0:0:0:0:
121,65,77915,6,0,P|240:69|337:134,1,220
310,218,78332,1,0,0:0:0:0:
180,320,78610,5,0,0:0:0:0:
249,258,78749,1,0,0:0:0:0:
191,184,78887,1,0,0:0:0:0:
248,113,79026,1,0,0:0:0:0:
248,113,79165,2,0,P|367:103|383:121,1,110
99,205,79721,6,0,P|216:256|209:271,1,110
172,252,79999,6,0,P|289:201|282:186,1,110
249,71,80276,6,0,P|137:117|141:129,1,110
254,131,80554,2,0,P|373:87|416:127,1,110
343,215,80832,6,0,P|231:215|205:186,1,110
192,137,81110,6,0,P|119:223|127:256,1,110
262,173,81387,2,0,P|300:55|333:60,1,110
155,284,81665,6,0,P|280:301|304:272,1,110
313,236,81897,2,0,L|283:119,11,73.3333333333333
202,133,83054,2,0,L|141:120,22,36.6666666666667
148,311,84304,6,0,P|296:249|300:228,1,137.5
360,188,84582,6,0,P|212:250|208:271,1,137.5
306,247,84860,6,0,P|229:121|162:104,1,137.5
209,191,85137,6,0,P|327:96|377:96,1,137.5
216,71,85415,6,0,P|170:234|197:254,1,137.5
237,136,85693,6,0,P|95:98|47:129,1,137.5
165,165,85971,6,0,P|260:277|304:280,1,137.5
321,226,86249,5,0,0:0:0:0:
321,226,86387,1,0,0:0:0:0:
289,74,86526,6,0,P|155:160|152:204,1,137.5
239,145,86804,2,0,P|161:274|178:325,1,137.5
237,235,87082,6,0,P|226:381|263:407,1,137.5
278,291,87360,6,0,P|424:315|459:280,1,137.5
349,243,87637,2,0,P|442:137|430:60,1,137.5
357,137,87915,2,0,P|275:24|179:24,1,137.5
270,121,88193,6,0,P|425:53|484:78,1,137.5
357,137,88471,2,0,P|457:247|450:292,1,137.5
131,325,88749,6,0,P|74:190|121:129,1,137.5
209,128,89026,2,0,P|138:255|158:309,1,137.5
360,158,89304,6,0,P|205:213|172:181,1,137.5
191,55,89582,2,0,P|220:217|277:240,1,137.5
305,217,89860,6,0,P|136:181|137:124,1,137.5
125,90,90137,2,0,P|181:247|215:267,1,137.5
370,209,90415,6,0,P|254:83|256:42,1,137.5
172,272,90693,5,0,0:0:0:0:
155,245,90762,1,0,0:0:0:0:
148,210,90832,1,0,0:0:0:0:
156,80,90971,6,0,P|301:154|331:138,1,137.5
243,230,91249,2,0,P|411:201|419:155,1,137.5
347,62,91526,6,0,P|204:129|148:119,1,137.5
201,65,91804,2,0,P|57:124|9:90,1,137.5
356,181,92082,6,0,P|232:254|243:291,1,137.5
300,231,92360,6,0,P|176:158|187:121,1,137.5
247,179,92637,6,0,P|123:252|134:289,1,137.5
140,71,92915,5,0,0:0:0:0:
140,71,92985,1,0,0:0:0:0:
140,71,93054,1,0,0:0:0:0:
167,126,97221,5,0,0:0:0:0:
321,176,97499,1,0,0:0:0:0:
392,256,97776,5,0,0:0:0:0:
200,294,98054,1,0,0:0:0:0:
217,87,98332,5,0,0:0:0:0:
217,87,98610,1,0,0:0:0:0:
217,87,98887,1,0,0:0:0:0:
361,197,99096,5,0,0:0:0:0:
335,232,99165,1,0,0:0:0:0:
302,264,99235,1,0,0:0:0:0:
126,232,99443,5,0,0:0:0:0:
250,74,99721,5,0,0:0:0:0:
250,74,99860,1,0,0:0:0:0:
362,113,100137,2,0,P|288:214|258:216,1,110
188,229,100554,5,0,0:0:0:0:
135,73,100832,5,0,0:0:0:0:
135,73,100971,1,0,0:0:0:0:
297,137,101249,5,0,0:0:0:0:
297,137,101387,2,0,P|215:239|164:247,1,110
188,310,101804,6,0,P|113:206|148:100,1,220
213,106,102221,2,0,P|348:114|412:206,1,220
312,287,102776,6,0,P|273:151|177:101,1,220
148,184,103332,2,0,P|353:186|377:152,1,220
239,50,103887,6,0,P|129:169|131:228,1,220
213,177,104443,2,0,P|338:84|429:95,1,220
400,167,104999,6,0,P|228:200|205:270,1,220
325,262,105554,6,0,B|302:134|302:134|205:83,1,220
142,95,106110,5,0,0:0:0:0:
279,169,106387,1,0,0:0:0:0:
314,106,106665,5,0,0:0:0:0:
166,286,106943,5,0,0:0:0:0:
131,145,107221,5,0,0:0:0:0:
269,49,107499,1,0,0:0:0:0:
386,137,107776,2,0,P|266:250|87:236,1,330
152,157,108471,5,0,0:0:0:0:
317,78,108749,1,0,0:0:0:0:
317,78,108887,1,0,0:0:0:0:
361,173,109165,6,0,P|286:255|308:321,1,110
129,260,109582,5,0,0:0:0:0:
212,66,109860,1,0,0:0:0:0:
212,66,109999,1,0,0:0:0:0:
292,128,110276,5,0,0:0:0:0:
247,259,110415,1,0,0:0:0:0:
357,260,110693,6,0,P|430:147|426:51,1,220
356,111,111249,2,0,P|241:218|151:226,1,220
250,114,111804,6,0,P|102:171|33:140,1,220
149,218,112360,6,0,P|311:249|366:223,1,220
334,54,112915,6,0,L|246:206,1,165.000006294251
379,147,113471,2,0,L|188:114,1,165.000006294251
260,55,114026,6,0,L|152:207,1,165.000006294251
314,146,114582,6,0,P|146:223|131:302,1,247.500009441376
291,299,115137,6,0,P|369:157|359:131,1,137.5
288,192,115415,2,0,P|270:41|220:24,1,137.5
235,123,115693,2,0,P|116:50|77:49,1,137.5
100,217,116110,5,0,0:0:0:0:
157,303,116249,1,0,0:0:0:0:
241,268,116387,1,0,0:0:0:0:
323,323,116526,1,0,0:0:0:0:
323,323,116665,2,0,P|377:170|357:137,1,137.5
269,76,117359,5,0,0:0:0:0:
211,144,117498,1,0,0:0:0:0:
271,217,117637,1,0,0:0:0:0:
144,292,117776,1,0,0:0:0:0:
144,292,117915,6,0,P|69:135|94:75,2,137.5
143,104,118471,5,0,0:0:0:0:
201,218,118610,1,0,0:0:0:0:
227,115,118749,1,0,0:0:0:0:
109,198,118887,1,0,0:0:0:0:
109,198,119026,2,0,P|190:322|234:330,1,137.5
319,321,119582,6,0,P|396:182|391:153,1,137.5
445,275,119860,2,0,P|309:184|304:106,1,137.5
380,134,120137,2,0,P|231:86|179:113,1,137.5
288,153,120415,6,0,P|215:286|239:332,1,137.5
294,237,120693,2,0,P|150:210|150:190,1,137.5
183,104,120971,2,0,P|105:244|109:291,1,137.5
213,227,121249,6,0,P|262:67|310:62,1,137.5
326,120,121619,5,0,0:0:0:0:
326,120,121711,1,0,0:0:0:0:
326,120,121804,1,0,0:0:0:0:
346,224,122082,6,0,P|179:224|139:266,1,137.5
249,126,122360,2,0,P|88:209|89:264,1,137.5
108,285,122637,6,0,P|265:233|331:249,1,137.5
254,296,122915,2,0,P|420:251|462:277,1,137.5
399,144,123193,6,0,P|218:153|180:92,1,137.5
312,123,123471,2,0,P|168:73|154:37,1,137.5
130,188,123749,5,0,0:0:0:0:
148,220,123818,1,0,0:0:0:0:
175,245,123887,1,0,0:0:0:0:
310,239,124026,6,0,L|214:99,1,137.5
330,152,124304,2,0,L|240:21,1,137.5
400,185,124582,2,0,L|358:32,1,137.5
249,140,124860,6,0,L|99:59,1,137.5
231,183,125137,2,0,L|45:183,1,137.5
243,227,125415,2,0,L|81:339,1,137.5
283,197,125693,6,0,L|447:198,1,137.5
361,92,126040,5,0,0:0:0:0:
321,81,126110,1,0,0:0:0:0:
277,87,126179,1,0,0:0:0:0:
239,103,126249,1,0,0:0:0:0:
202,280,126526,6,0,P|79:189|83:167,1,137.5
169,216,126804,2,0,P|319:183|344:201,1,137.5
263,241,127082,2,0,P|196:102|146:94,1,137.5
86,192,127360,6,0,P|213:89|264:107,1,137.5
310,83,127637,2,0,P|176:198|178:256,1,137.5
198,250,127915,2,0,P|322:143|391:159,1,137.5
372,164,128193,2,0,P|279:283|277:320,1,137.5
150,278,128471,6,0,L|164:200,3,55
89,167,128887,6,0,P|221:77|224:52,1,137.5
89,217,129165,6,0,P|221:307|224:332,1,137.5
263,191,129443,6,0,P|131:101|128:76,1,137.5
68,153,129721,6,0,P|200:63|203:38,1,137.5
89,217,129999,6,0,P|221:307|224:332,1,137.5
288,150,130276,6,0,P|420:60|423:35,1,137.5
222,246,130554,5,0,0:0:0:0:
274,263,130624,1,0,0:0:0:0:
333,258,130693,1,0,0:0:0:0:
380,215,130762,1,0,0:0:0:0:
143,107,131110,6,0,P|48:240|58:275,1,137.5
193,46,131387,2,0,P|280:172|314:181,1,137.5
283,95,131665,2,0,P|448:73|476:54,1,137.5
369,177,131943,6,0,P|229:264|188:256,1,137.5
286,179,132221,2,0,P|203:49|227:35,1,137.5
247,116,132499,2,0,P|382:48|443:86,1,137.5
157,251,132776,6,0,L|242:252,3,68.75
