osu file format v14

[General]
AudioFilename: audio.mp3
AudioLeadIn: 0
PreviewTime: -1
Countdown: 0
SampleSet: Normal
StackLeniency: 0.7
Mode: 0
LetterboxInBreaks: 0
WidescreenStoryboard: 1

[Editor]
DistanceSpacing: 1.1
BeatDivisor: 4
GridSize: 8
TimelineZoom: 1.1

[Metadata]
Title:Anubis
TitleUnicode:Anubis
Artist:EnV
ArtistUnicode:EnV
Creator:RyuuST
Version:Attack of Anubis [Jump]
Source:
Tags:
BeatmapID:2466140
BeatmapSetID:1182841

[Difficulty]
HPDrainRate:6.5
CircleSize:4
OverallDifficulty:8.5
ApproachRate:9.2
SliderMultiplier:2
SliderTickRate:1

[Events]
//Background and Video events
0,0,"FL7nQc.jpg",0,0
//Break Periods
//Storyboard Layer 0 (Background)
//Storyboard Layer 1 (Fail)
//Storyboard Layer 2 (Pass)
//Storyboard Layer 3 (Foreground)
//Storyboard Layer 4 (Overlay)
//Storyboard Sound Samples

[TimingPoints]
0,468.75,4,1,0,100,1,0
30117,-100,4,2,0,75,0,1
45000,-40,4,2,0,70,0,1
45000,-100,4,1,0,100,0,0
55722,-50,4,1,0,100,0,0
56308,-100,4,2,0,100,0,1
116250,-100,4,1,0,100,0,0
131250,-100,4,1,0,100,0,0
146367,-100,4,2,0,100,0,1
161250,-66.6666666666667,4,3,1,100,0,0
179509,-50,4,3,1,100,0,0
180117,-100,4,2,1,100,0,1
240058,-100,4,1,1,100,0,0


[HitObjects]
464,31,30117,5,0,0:0:0:0:
462,338,30351,1,0,0:0:0:0:
68,342,30585,1,0,0:0:0:0:
64,37,30820,1,0,0:0:0:0:
457,216,31054,5,0,0:0:0:0:
90,37,31289,1,0,0:0:0:0:
426,321,31523,5,0,0:0:0:0:
94,49,31757,1,0,0:0:0:0:
331,351,31992,5,0,0:0:0:0:
73,37,32226,1,0,0:0:0:0:
455,45,32460,1,0,0:0:0:0:
462,348,32695,1,0,0:0:0:0:
64,353,32929,1,0,0:0:0:0:
64,41,33164,1,0,0:0:0:0:
469,42,33398,5,0,0:0:0:0:
64,189,33632,1,0,0:0:0:0:
359,375,33867,1,0,0:0:0:0:
314,29,34101,5,0,0:0:0:0:
64,258,34335,1,0,0:0:0:0:
450,365,34570,1,0,0:0:0:0:
188,32,34804,5,0,0:0:0:0:
104,352,35039,1,0,0:0:0:0:
454,193,35273,1,0,0:0:0:0:
102,24,35507,5,0,0:0:0:0:
452,188,35742,1,0,0:0:0:0:
100,364,35976,1,0,0:0:0:0:
442,369,36210,5,0,0:0:0:0:
64,177,36445,1,0,0:0:0:0:
417,25,36679,1,0,0:0:0:0:
64,356,36914,5,0,0:0:0:0:
459,50,37148,1,0,0:0:0:0:
96,52,37382,1,0,0:0:0:0:
438,361,37617,1,0,0:0:0:0:
456,50,37851,5,0,0:0:0:0:
69,323,38085,1,0,0:0:0:0:
67,45,38320,1,0,0:0:0:0:
446,45,38554,1,0,0:0:0:0:
451,361,38789,5,0,0:0:0:0:
325,31,39023,5,0,0:0:0:0:
311,359,39257,5,0,0:0:0:0:
177,33,39492,5,0,0:0:0:0:
64,353,39726,5,0,0:0:0:0:
276,39,39960,5,0,0:0:0:0:
189,361,40195,5,0,0:0:0:0:
64,24,40429,5,0,0:0:0:0:
386,357,40664,5,0,0:0:0:0:
390,50,40898,5,0,0:0:0:0:
102,345,41132,5,0,0:0:0:0:
88,45,41367,5,0,0:0:0:0:
465,41,41601,1,0,0:0:0:0:
253,364,41835,1,0,0:0:0:0:
64,150,42070,5,0,0:0:0:0:
379,32,42304,1,0,0:0:0:0:
343,343,42539,1,0,0:0:0:0:
149,31,42773,5,0,0:0:0:0:
454,184,43007,1,0,0:0:0:0:
163,346,43242,1,0,0:0:0:0:
272,39,43476,5,0,0:0:0:0:
447,304,43710,1,0,0:0:0:0:
64,317,43945,1,0,0:0:0:0:
426,54,44179,5,0,0:0:0:0:
98,344,44414,1,0,0:0:0:0:
102,39,44648,5,0,0:0:0:0:
419,343,44882,1,0,0:0:0:0:
