osu file format v14

[General]
AudioFilename: audio.mp3
AudioLeadIn: 0
PreviewTime: 34093
Countdown: 0
SampleSet: Soft
StackLeniency: 0.7
Mode: 0
LetterboxInBreaks: 0
WidescreenStoryboard: 1

[Editor]
Bookmarks: 12102,23959,35456,46953,58450,71384,81803,85755
DistanceSpacing: 0.2
BeatDivisor: 4
GridSize: 4
TimelineZoom: 2.599999

[Metadata]
Title:aiue feat. Minami, SAKURAmoti (TV Size)
TitleUnicode:アイウエ feat. 美波, SAKURAmoti
Artist:MAISONdes
ArtistUnicode:MAISONdes
Creator:Sweets
Version:bIG data's bIG expert?
Source:うる星やつら
Tags:urusei yatsura pop jpop op opening japanese anime imwater kyairie murada itscactus bigdata onegaimao baack 
BeatmapID:3890449
BeatmapSetID:1869947

[Difficulty]
HPDrainRate:5.2
CircleSize:4.8
OverallDifficulty:8.5
ApproachRate:9
SliderMultiplier:1.6
SliderTickRate:1

[Events]
//Background and Video events
0,0,"6e082fee7c9efa603129b1aa93f4f1375b85ebff_waifu2x_art_noise1_scale_tta_1_waifu2x_art_noise1_scale_tta_1 (1).png",0,0
Video,0,"Vidio.m4v"
//Break Periods
//Storyboard Layer 0 (Background)
//Storyboard Layer 1 (Fail)
//Storyboard Layer 2 (Pass)
//Storyboard Layer 3 (Foreground)
//Storyboard Layer 4 (Overlay)
//Storyboard Sound Samples

[TimingPoints]
770,359.281437125748,4,2,1,72,1,0
770,-133.333333333333,4,2,1,72,0,0
1488,-105.263157894737,4,2,1,72,0,0
2207,-133.333333333333,4,2,1,72,0,0
3644,-133.333333333333,4,2,1,72,0,0
4362,-105.263157894737,4,2,1,72,0,0
5081,-133.333333333333,4,2,1,72,0,0
6518,-100,4,2,1,72,0,0
12267,-100,4,2,1,60,0,0
12626,-133.333333333333,4,2,1,60,0,0
22326,-100,4,2,1,60,0,0
23045,-500,4,2,1,60,0,0
23404,-83.3333333333333,4,2,1,60,0,0
23764,-100,4,2,1,66,0,0
27356,-100,4,2,1,66,0,0
30949,-71.4285714285714,4,2,1,66,0,0
32386,-181.818181818181,4,2,1,66,0,0
33464,-100,4,2,1,66,0,0
34452,-500,4,2,1,66,0,0
35261,-50,4,2,2,78,0,0
35620,-66.6666666666667,4,2,2,78,0,0
36698,-50,4,2,2,78,0,0
37057,-66.6666666666667,4,2,2,78,0,0
38135,-66.6666666666667,4,2,2,78,0,0
39213,-50,4,2,2,78,0,0
39572,-58.8235294117647,4,2,2,78,0,0
40111,-66.6666666666667,4,2,2,78,0,0
40470,-76.9230769230769,4,2,2,78,0,0
41009,-50,4,2,2,78,0,0
41368,-66.6666666666667,4,2,2,78,0,0
41548,-55.5555555555556,4,2,2,78,0,0
42267,-66.6666666666667,4,2,2,78,0,0
42446,-50,4,2,2,78,0,0
42805,-66.6666666666667,4,2,2,78,0,0
42985,-58.8235294117647,4,2,2,78,0,0
43344,-66.6666666666667,4,2,2,78,0,0
43883,-41.6666666666667,4,2,2,78,0,0
44243,-66.6666666666667,4,2,2,78,0,0
44422,-47.6190476190476,4,2,2,78,0,0
44781,-66.6666666666667,4,2,2,78,0,0
45320,-50,4,2,2,78,0,0
45859,-100,4,2,2,78,0,0
46039,-58.8235294117647,4,2,2,78,0,0
46758,-45.4545454545455,4,2,2,78,0,0
47117,-66.6666666666667,4,2,2,78,0,0
47296,-58.8235294117647,4,2,2,78,0,0
48015,-66.6666666666667,4,2,2,78,0,0
48195,-45.4545454545455,4,2,2,78,0,0
48554,-66.6666666666667,4,2,2,78,0,0
48734,-58.8235294117647,4,2,2,78,0,0
49452,-133.333333333333,4,2,2,78,0,0
49632,-45.4545454545455,4,2,2,78,0,0
49991,-111.111111111111,4,2,2,78,0,0
50171,-66.6666666666667,4,2,2,78,0,0
50350,-58.8235294117647,4,2,2,78,0,0
50710,-52.6315789473684,4,2,2,78,0,0
50889,-105.263157894737,4,2,2,78,0,0
51069,-45.4545454545455,4,2,2,78,0,0
51787,-66.6666666666667,4,2,2,78,0,0
51967,-50,4,2,2,78,0,0
52147,-133.333333333333,4,2,2,78,0,0
52506,-58.8235294117647,4,2,2,78,0,0
52865,-71.4285714285714,4,2,2,78,0,0
53225,-52.6315789473684,4,2,2,78,0,0
54302,-66.6666666666667,4,2,2,78,0,0
54662,-52.6315789473684,4,2,2,78,0,0
55380,-133.333333333333,4,2,2,78,0,0
56099,-100,4,2,2,78,0,0
56728,-50,4,2,2,78,0,0
57177,-100,4,2,2,78,0,0
57356,-40,4,2,2,78,0,0
57895,-50,4,2,2,78,0,0
58255,-83.3333333333333,4,2,2,78,0,0
59332,-100,4,2,2,78,0,0
59692,-52.6315789473684,4,2,2,78,0,0
60769,-166.666666666667,4,2,2,78,0,0
61129,-166.666666666667,4,2,2,78,0,0
61847,-166.666666666667,4,2,2,60,0,0
62565,-58.8235294117647,4,2,2,72,0,0
62925,-71.4285714285714,4,2,2,72,0,0
63284,-58.8235294117647,4,2,2,72,0,0
64003,-66.6666666666667,4,2,2,72,0,0
64722,-76.9230769230769,4,2,2,72,0,0
65081,-66.6666666666667,4,2,2,72,0,0
65440,-58.8235294117647,4,2,2,72,0,0
66877,-55.5555555555556,4,2,2,72,0,0
67955,-71.4285714285714,4,2,2,72,0,0
68314,-58.8235294117647,4,2,2,72,0,0
68674,-71.4285714285714,4,2,2,72,0,0
69033,-58.8235294117647,4,2,2,72,0,0
69752,-66.6666666666667,4,2,2,72,0,0
70471,-58.8235294117647,4,2,2,72,0,0
71189,-58.8235294117647,4,2,2,72,0,0
71907,-55.5555555555556,4,2,2,72,0,0
72267,-58.8235294117647,4,2,2,72,0,0
72626,-55.5555555555556,4,2,2,72,0,0
73704,-71.4285714285714,4,2,2,72,0,0
74063,-58.8235294117647,4,2,2,75,0,0
74422,-71.4285714285714,4,2,2,75,0,0
74782,-58.8235294117647,4,2,2,75,0,0
75501,-66.6666666666667,4,2,2,75,0,0
76220,-76.9230769230769,4,2,2,75,0,0
76579,-66.6666666666667,4,2,2,75,0,0
76938,-58.8235294117647,4,2,2,75,0,0
78375,-55.5555555555556,4,2,2,75,0,0
78913,-66.6666666666667,4,2,2,75,0,0
80350,-58.8235294117647,4,2,2,75,0,0
80531,-58.8235294117647,4,2,2,75,0,0
81249,-66.6666666666667,4,2,2,75,0,0
81787,-58.8235294117647,4,2,2,75,0,0
85560,-58.8235294117647,4,2,2,66,0,0
86638,-58.8235294117647,4,2,1,60,0,0


[Colours]
Combo1 : 193,134,234
Combo2 : 56,183,197

[HitObjects]
86,57,770,5,6,3:2:0:0:
86,57,1129,2,0,L|71:135,1,60.0000022888184,2|0,3:2|1:0,0:0:0:0:
179,150,1488,2,0,L|150:3,2,113.999996955872,2|2|2,3:2|1:2|1:2,0:0:0:0:
245,61,2207,1,0,3:2:0:0:
245,61,2386,2,0,L|252:8,1,30.0000011444092,2|0,1:2|1:0,0:0:0:0:
315,75,2566,1,2,3:2:0:0:
315,75,2745,2,0,L|322:22,1,30.0000011444092,2|0,1:2|0:0,0:0:0:0:
371,134,2925,6,0,P|428:117|494:110,1,120.000004577637,2|0,3:2|3:0,0:0:0:0:
474,224,3464,1,0,1:0:0:0:
454,335,3644,6,0,L|429:211,1,120.000004577637,2|2,3:2|3:2,0:0:0:0:
348,236,4362,6,0,L|371:353,2,113.999996955872,2|2|2,3:2|1:2|1:2,0:0:0:0:
295,384,5081,6,0,L|238:359,1,60.0000022888184,2|2,3:2|1:2,0:0:0:0:
164,358,5440,2,0,L|110:382,1,60.0000022888184,2|2,3:2|1:2,0:0:0:0:
184,230,5799,5,2,3:2:0:0:
172,162,5979,1,0,1:0:0:0:
119,207,6159,1,2,3:2:0:0:
184,230,6338,1,0,1:0:0:0:
330,0,6518,6,0,B|347:97|347:97|382:126,1,120,6|0,3:2|1:0,0:0:0:0:
373,109,6877,1,2,3:2:0:0:
334,263,7057,1,0,1:2:0:0:
417,207,7237,2,0,L|361:214,2,40,2|0|0,3:2|0:0|1:0,0:0:0:0:
505,143,7596,2,0,P|468:127|461:68,1,80,0|2,3:2|1:2,0:0:0:0:
476,20,7955,5,2,3:2:0:0:
485,25,8135,1,0,1:2:0:0:
341,28,8314,1,2,3:2:0:0:
348,47,8494,1,2,1:2:0:0:
217,71,8674,6,0,L|207:-11,1,80,2|2,3:2|1:2,0:0:0:0:
269,116,9033,2,0,L|278:195,1,80,0|0,3:2|1:2,0:0:0:0:
183,338,9392,5,2,3:2:0:0:
105,305,9572,1,0,3:2:0:0:
150,138,9752,1,2,3:2:0:0:
160,215,9931,1,0,3:2:0:0:
29,190,10111,5,2,3:2:0:0:
26,162,10200,1,0,3:2:0:0:
32,134,10290,1,0,3:2:0:0:
47,111,10380,1,2,3:2:0:0:
70,95,10470,1,0,3:2:0:0:
96,84,10560,1,0,3:2:0:0:
119,69,10649,1,2,3:2:0:0:
134,46,10739,1,0,3:2:0:0:
138,18,10829,6,0,L|216:30,1,80,0|2,3:2|1:2,0:0:0:0:
284,129,11189,2,0,L|205:116,1,80,2|2,0:2|1:2,0:0:0:0:
349,33,11548,1,2,0:0:0:0:
359,42,11728,1,2,0:0:0:0:
376,166,11907,1,2,3:2:0:0:
512,152,12087,1,2,0:0:0:0:
347,168,12267,5,6,3:2:0:0:
512,312,12805,6,0,L|445:296,1,60.0000022888184,2|10,3:2|0:0,0:0:0:0:
214,337,13524,5,2,3:2:0:0:
264,384,13704,2,0,P|299:375|307:313,1,90.0000034332277,2|2,3:2|3:2,0:0:0:0:
149,374,14243,2,0,B|64:348|64:348|35:364,1,120.000004577637,2|2,3:2|0:0,0:0:0:0:
88,277,14781,2,0,L|76:209,1,60.0000022888184,2|2,3:2|0:0,0:0:0:0:
65,147,15141,5,2,3:2:0:0:
179,30,15680,6,0,B|156:42|156:42|51:0,1,120.000004577637,2|2,3:2|0:0,0:0:0:0:
295,128,16398,5,2,3:2:0:0:
245,81,16578,2,0,P|210:89|202:152,1,90.0000034332277,0|0,3:0|3:0,0:0:0:0:
335,216,17117,2,0,B|250:190|250:190|221:206,1,120.000004577637,2|0,3:2|0:0,0:0:0:0:
219,217,17655,2,0,L|231:285,1,60.0000022888184,2|0,3:0|0:0,0:0:0:0:
240,343,18015,5,2,3:2:0:0:
512,146,18554,6,0,L|445:162,1,60.0000022888184,2|10,3:2|0:0,0:0:0:0:
214,47,19272,5,2,3:2:0:0:
264,0,19452,2,0,P|299:9|307:71,1,90.0000034332277,2|2,3:2|3:2,0:0:0:0:
357,239,19991,2,0,B|341:211|341:211|367:126,1,120.000004577637,2|2,3:2|0:0,0:0:0:0:
512,26,20529,2,0,L|445:41,1,60.0000022888184,2|2,0:0|3:2,0:0:0:0:
384,59,20889,5,2,3:2:0:0:
320,292,21249,1,0,0:0:0:0:
362,354,21428,2,0,L|300:366,1,60.0000022888184,2|8,3:2|0:0,0:0:0:0:
276,190,21787,6,0,P|313:199|333:231,1,60.0000022888184,2|2,0:0|0:0,0:0:0:0:
507,289,22147,5,2,3:2:0:0:
507,289,22237,1,0,3:0:0:0:
507,289,22326,2,0,L|514:385,1,80,2|0,3:2|0:0,0:0:0:0:
426,297,22596,1,2,3:2:0:0:
426,297,22686,2,0,L|431:217,1,80,0|2,0:0|3:2,0:0:0:0:
467,72,23045,6,0,L|486:77,1,16,10|0,0:0|0:0,0:0:0:0:
438,144,23404,2,0,B|416:133|416:133|373:12,1,143.999995605469,2|0,3:2|0:0,0:0:0:0:
309,42,23764,6,0,P|289:82|225:84,1,80,6|0,3:2|0:0,0:0:0:0:
211,177,24123,2,0,P|191:137|127:135,1,80,0|2,3:2|0:0,0:0:0:0:
0,43,24482,5,2,3:2:0:0:
76,17,24662,1,0,0:0:0:0:
76,17,24752,1,0,0:0:0:0:
76,17,24841,2,0,L|94:110,1,80,0|2,3:2|0:0,0:0:0:0:
8,198,25201,6,0,P|48:218|50:282,1,80,2|0,3:2|0:0,0:0:0:0:
164,314,25560,2,0,P|124:334|122:398,1,80,0|2,3:2|0:0,0:0:0:0:
38,377,25919,5,0,3:2:0:0:
228,384,26099,2,0,L|240:293,1,80,2|0,0:0|3:2,0:0:0:0:
199,243,26458,1,2,0:0:0:0:
362,210,26638,6,0,P|330:222|333:289,1,80,2|0,3:2|0:0,0:0:0:0:
305,384,26907,2,0,P|337:372|334:305,1,80,2|0,0:0|0:0,0:0:0:0:
395,272,27177,2,0,L|434:280,1,40,2|0,0:0|0:0,0:0:0:0:
510,314,27356,6,0,L|481:184,1,120,0|0,3:2|0:0,0:0:0:0:
483,188,27716,1,0,3:2:0:0:
394,96,27895,1,2,0:0:0:0:
512,9,28075,2,0,P|487:48|430:40,1,80,2|0,3:2|0:0,0:0:0:0:
326,137,28434,2,0,P|301:98|244:106,1,80,0|2,3:2|0:0,0:0:0:0:
293,0,28793,5,0,3:2:0:0:
375,18,28973,1,0,0:0:0:0:
375,18,29063,1,0,0:0:0:0:
375,18,29153,2,0,L|396:107,1,80,8|4,3:0|0:3,0:0:0:0:
361,233,29512,5,6,3:2:0:0:
364,249,29692,1,0,3:2:0:0:
298,287,29871,1,0,3:2:0:0:
299,270,30051,1,2,3:2:0:0:
256,360,30231,2,0,P|218:347|205:303,1,80,2|0,3:2|3:2,0:0:0:0:
354,375,30590,2,0,P|392:362|405:318,1,80,0|2,3:2|3:2,0:0:0:0:
472,289,30859,1,0,0:0:0:0:
472,289,30949,6,0,P|454:222|395:202,1,111.999996582031,2|0,3:2|3:2,0:0:0:0:
409,201,31219,2,0,P|364:169|356:115,1,111.999996582031,2|0,0:0|3:2,0:0:0:0:
379,48,31488,1,2,3:2:0:0:
237,21,31668,6,0,P|192:53|185:107,1,111.999996582031,2|0,3:2|3:2,0:0:0:0:
97,58,31937,2,0,P|151:63|185:106,1,111.999996582031,2|0,3:2|3:2,0:0:0:0:
195,175,32207,1,2,3:2:0:0:
212,298,32386,5,6,3:2:0:0:
212,298,32746,5,0,0:0:0:0:
209,282,32835,1,0,0:0:0:0:
213,266,32925,1,0,0:0:0:0:
222,252,33015,1,0,0:0:0:0:
243,242,33105,1,2,3:2:0:0:
261,234,33195,1,0,3:2:0:0:
278,223,33284,1,0,3:2:0:0:
289,206,33374,1,0,3:2:0:0:
298,176,33464,5,2,3:2:0:0:
293,136,33553,1,0,3:2:0:0:
266,109,33643,1,0,3:2:0:0:
227,104,33733,1,0,3:2:0:0:
194,126,33823,1,0,3:2:0:0:
483,128,35261,6,0,B|427:118|404:165|431:161|394:216|332:186,1,160,6|0,3:2|0:0,0:0:0:0:
289,160,35530,1,2,0:0:0:0:
285,150,35620,2,0,P|294:117|318:102,1,60.0000022888184,8|0,0:0|0:0,0:0:0:0:
323,98,35799,6,0,P|388:105|416:170,1,120.000004577637,2|0,0:0|3:0,0:0:0:0:
355,271,36159,2,0,P|290:264|262:199,1,120.000004577637,2|8,0:0|0:0,0:0:0:0:
210,10,36518,6,0,P|177:17|145:29,1,60.0000022888184,2|0,0:0|0:0,0:0:0:0:
145,31,36698,2,0,P|129:108|108:192,1,160,2|0,3:2|0:0,0:0:0:0:
101,253,36967,1,2,0:0:0:0:
91,257,37057,2,0,P|58:248|43:224,1,60.0000022888184,8|0,0:0|0:0,0:0:0:0:
39,219,37236,6,0,P|46:154|111:126,1,120.000004577637,2|0,0:0|3:0,0:0:0:0:
167,292,37596,2,0,P|160:357|95:385,1,120.000004577637,2|8,0:0|0:0,0:0:0:0:
314,384,37955,5,2,0:0:0:0:
314,384,38135,2,0,L|301:325,1,60.0000022888184,2|0,3:2|0:0,0:0:0:0:
376,317,38314,2,0,L|388:375,1,60.0000022888184,2|0,0:0|0:0,0:0:0:0:
496,384,38494,2,0,P|534:338|475:277,1,120.000004577637,10|2,0:0|0:0,0:0:0:0:
392,177,38764,5,0,0:0:0:0:
392,176,38853,2,0,P|389:146|402:120,1,60.0000022888184,0|0,3:0|0:0,0:0:0:0:
451,222,39033,2,0,P|453:251|440:277,1,60.0000022888184,2|0,0:0|0:0,0:0:0:0:
511,195,39213,6,0,P|432:210|359:241,1,160,10|2,0:0|0:0,0:0:0:0:
140,344,39572,2,0,P|139:311|161:286,1,68.0000012969971,2|0,3:2|0:0,0:0:0:0:
206,373,39752,2,0,P|228:347|227:314,1,68.0000012969971,2|0,0:0|0:0,0:0:0:0:
219,195,39931,5,10,0:0:0:0:
219,195,40021,1,0,0:0:0:0:
219,195,40111,2,0,P|213:165|210:136,1,60.0000022888184,2|0,0:0|0:0,0:0:0:0:
282,62,40290,1,0,3:2:0:0:
276,68,40380,1,0,0:0:0:0:
282,75,40470,2,0,L|266:11,1,51.999997619629,2|0,0:0|0:0,0:0:0:0:
169,14,40650,5,8,0:0:0:0:
143,24,40740,1,0,0:0:0:0:
112,27,40829,1,2,0:0:0:0:
82,20,40919,1,0,0:0:0:0:
54,12,41009,6,0,B|44:68|91:91|87:64|142:101|112:163,1,160,2|0,3:2|0:0,0:0:0:0:
112,212,41278,1,2,0:0:0:0:
102,216,41368,2,0,P|69:207|54:183,1,60.0000022888184,8|0,0:0|0:0,0:0:0:0:
50,181,41548,6,0,P|55:101|126:72,1,143.999995605469,2|0,0:0|3:0,0:0:0:0:
155,275,41907,2,0,P|150:355|79:384,1,143.999995605469,2|8,0:0|0:0,0:0:0:0:
227,365,42267,6,0,P|255:355|284:349,1,60.0000022888184,2|0,0:0|0:0,0:0:0:0:
295,341,42446,2,0,P|282:217|269:134,1,160,2|0,3:2|0:0,0:0:0:0:
353,36,42716,1,2,0:0:0:0:
344,31,42805,2,0,P|311:43|297:87,1,60.0000022888184,8|0,0:0|0:0,0:0:0:0:
327,123,42985,6,0,P|418:63|413:5,1,136.000002593994,2|0,0:0|3:0,0:0:0:0:
512,215,43344,5,2,0:0:0:0:
449,143,43524,2,0,L|438:201,1,60.0000022888184,8|0,0:0|0:0,0:0:0:0:
417,303,43704,2,0,L|406:361,1,60.0000022888184,2|0,0:0|0:0,0:0:0:0:
508,367,43883,6,0,P|431:287|307:284,1,191.999994140625,2|0,3:2|0:0,0:0:0:0:
150,328,44153,1,2,0:0:0:0:
146,341,44243,2,0,P|163:372|197:385,1,60.0000022888184,8|0,0:0|0:0,0:0:0:0:
198,383,44422,2,0,P|210:314|216:194,1,167.999994873047,2|0,0:0|3:0,0:0:0:0:
286,200,44692,5,0,0:0:0:0:
286,200,44781,2,0,P|288:244|294:274,1,60.0000022888184
300,330,44961,1,8,0:0:0:0:
319,8,45141,5,2,0:0:0:0:
319,8,45231,1,0,0:0:0:0:
319,8,45320,2,0,L|121:52,1,160,2|0,3:2|0:0,0:0:0:0:
20,149,45590,2,0,L|183:112,1,160,2|0,0:0|0:0,0:0:0:0:
249,98,45859,2,0,L|259:147,1,40,2|0,0:0|0:0,0:0:0:0:
408,120,46039,5,0,3:0:0:0:
423,99,46129,1,0,0:0:0:0:
417,76,46219,2,0,P|359:72|335:147,1,136.000002593994,2|8,0:0|0:0,0:0:0:0:
346,262,46488,1,0,0:0:0:0:
354,268,46578,2,0,L|360:174,1,68.0000012969971,10|0,0:0|0:0,0:0:0:0:
445,8,46758,6,0,L|432:210,1,176.000005371094,6|0,3:2|0:0,0:0:0:0:
470,369,47027,1,2,0:0:0:0:
471,375,47117,2,0,P|501:359|512:337,1,60.0000022888184,8|0,0:0|0:0,0:0:0:0:
512,325,47296,6,0,P|489:268|412:254,1,136.000002593994,2|0,0:0|3:0,0:0:0:0:
177,262,47656,2,0,P|204:322|268:336,1,136.000002593994,2|8,0:0|0:0,0:0:0:0:
347,384,47925,1,0,0:0:0:0:
347,384,48015,6,0,P|336:351|353:315,1,60.0000022888184,2|0,0:0|0:0,0:0:0:0:
348,320,48195,2,0,B|359:263|312:244|314:256|250:237|286:151,1,176.000005371094,2|0,3:2|0:0,0:0:0:0:
314,48,48464,1,2,0:0:0:0:
324,46,48554,2,0,P|315:80|309:129,1,60.0000022888184,8|0,0:0|0:0,0:0:0:0:
115,126,48734,6,0,B|148:136|148:136|265:67,1,136.000002593994,2|0,0:0|3:0,0:0:0:0:
512,32,49093,2,0,B|479:22|479:22|362:91,1,136.000002593994,2|8,0:0|0:0,0:0:0:0:
125,25,49452,6,0,L|80:41,1,30.0000011444092,2|0,0:0|0:0,0:0:0:0:
90,37,49632,2,0,L|64:226,1,176.000005371094,2|2,3:2|0:0,0:0:0:0:
129,272,49901,1,0,0:0:0:0:
129,272,49991,2,0,L|138:203,1,35.9999989013672,10|0,0:0|0:0,0:0:0:0:
44,361,50171,2,0,L|103:352,1,60.0000022888184,2|2,0:0|0:0,0:0:0:0:
242,253,50350,6,0,L|377:233,1,136.000002593994,0|2,3:0|0:0,0:0:0:0:
433,295,50620,1,0,0:0:0:0:
433,295,50710,2,0,L|454:406,1,75.9999979705811,10|0,0:0|0:0,0:0:0:0:
374,364,50889,2,0,L|366:326,1,37.9999989852906,2|0,0:0|0:0,0:0:0:0:
278,122,51069,6,0,L|364:135,1,88.000002685547,2|0,3:2|0:0,0:0:0:0:
512,195,51249,2,0,L|425:181,1,88.000002685547,2|0,0:0|0:0,0:0:0:0:
231,179,51428,6,0,L|260:-17,1,176.000005371094,10|2,0:0|0:0,0:0:0:0:
265,9,51698,1,0,0:0:0:0:
265,9,51787,2,0,L|323:0,1,60.0000022888184,0|0,3:0|0:0,0:0:0:0:
75,29,51967,6,0,L|63:108,1,80,2|0,0:0|0:0,0:0:0:0:
175,244,52147,2,0,L|171:215,1,30.0000011444092,10|0,0:0|0:0,0:0:0:0:
109,255,52326,2,0,L|104:225,1,30.0000011444092,2|0,0:0|0:0,0:0:0:0:
187,372,52506,6,0,P|218:310|310:315,1,136.000002593994,2|0,3:2|0:0,0:0:0:0:
343,336,52775,1,0,0:0:0:0:
347,344,52865,2,0,P|332:366|268:360,1,55.9999982910157,8|0,0:0|0:0,0:0:0:0:
364,162,53045,2,0,P|379:140|443:146,1,55.9999982910157
289,172,53225,6,0,P|345:250|487:247,1,227.999993911743,0|0,3:0|0:0,0:0:0:0:
470,250,53584,2,0,P|421:244|383:284,1,75.9999979705811,10|0,0:0|0:0,0:0:0:0:
213,100,53764,1,0,0:0:0:0:
213,100,53853,1,0,0:0:0:0:
213,100,53943,6,0,P|286:94|331:36,1,151.999995941162,2|0,3:2|0:0,0:0:0:0:
272,0,54213,1,0,0:0:0:0:
272,0,54302,2,0,P|239:6|213:44,1,60.0000022888184,10|0,0:0|0:0,0:0:0:0:
112,198,54482,2,0,P|145:192|171:154,1,60.0000022888184
28,18,54662,6,0,P|103:45|136:137,1,151.999995941162,2|0,3:2|0:0,0:0:0:0:
223,248,54931,1,0,0:0:0:0:
223,248,55021,2,0,P|148:275|115:367,1,151.999995941162,10|0,0:0|0:0,0:0:0:0:
296,352,55380,6,0,L|256:343,1,30.0000011444092,2|0,3:2|0:0,0:0:0:0:
194,354,55560,1,0,0:0:0:0:
84,244,55740,1,8,0:0:0:0:
21,294,55919,1,0,0:0:0:0:
0,149,56099,1,0,3:0:0:0:
0,149,56278,1,0,0:0:0:0:
73,84,56458,1,8,0:0:0:0:
88,150,56638,1,2,0:0:0:0:
189,3,56817,6,0,P|277:15|275:126,1,160,2|0,3:2|0:0,0:0:0:0:
239,147,57087,1,0,0:0:0:0:
239,147,57177,2,0,L|243:84,1,40,8|0,0:0|0:0,0:0:0:0:
358,132,57356,6,0,L|162:176,3,200,2|0|2|10,0:0|3:0|3:2|0:0,0:0:0:0:
330,266,58075,1,2,3:2:0:0:
433,353,58255,5,6,3:2:0:0:
433,353,58434,2,0,L|439:302,1,47.9999985351563,2|2,0:0|0:0,0:0:0:0:
501,204,58614,5,10,0:0:0:0:
501,204,58793,2,0,L|507:255,1,47.9999985351563,0|2,0:0|0:0,0:0:0:0:
434,159,58973,5,2,3:2:0:0:
434,159,59153,2,0,L|428:108,1,47.9999985351563,2|0,0:0|0:0,0:0:0:0:
504,67,59332,6,0,L|499:114,1,40,10|0,0:0|0:0,0:0:0:0:
283,0,59512,1,2,0:0:0:0:
283,0,59692,2,0,L|382:17,1,75.9999979705811,4|0,3:2|0:0,0:0:0:0:
356,86,59871,2,0,L|269:72,1,75.9999979705811,2|0,3:2|0:0,0:0:0:0:
244,143,60051,2,0,L|331:158,1,75.9999979705811,2|0,3:2|0:0,0:0:0:0:
316,224,60230,2,0,L|230:210,1,75.9999979705811,2|0,3:2|0:0,0:0:0:0:
224,282,60410,5,2,3:2:0:0:
295,297,60769,1,10,0:0:0:0:
210,367,61129,6,0,P|142:339|143:267,1,143.999995605469,6|0,3:2|0:0,0:0:0:0:
396,212,61847,5,10,0:0:0:0:
393,240,61936,1,8,0:0:0:0:
399,268,62026,1,8,0:0:0:0:
414,291,62116,1,8,0:0:0:0:
437,307,62206,1,8,0:0:0:0:
463,318,62296,1,8,0:0:0:0:
486,333,62385,1,8,0:0:0:0:
501,356,62475,1,8,0:0:0:0:
505,384,62565,6,0,L|361:370,1,136.000002593994,6|0,3:2|0:0,0:0:0:0:
305,344,62835,1,0,0:0:0:0:
305,344,62925,2,0,L|288:216,1,111.999996582031,10|0,0:0|0:0,0:0:0:0:
52,183,63284,6,0,P|105:221|110:287,1,136.000002593994,2|0,3:2|0:0,0:0:0:0:
214,226,63554,2,0,P|149:232|111:286,1,136.000002593994,2|0,0:0|0:0,0:0:0:0:
94,351,63823,1,2,0:0:0:0:
110,70,64003,5,0,3:0:0:0:
156,129,64183,2,0,L|280:103,1,120.000004577637,2|10,0:0|0:0,0:0:0:0:
373,0,64542,1,2,0:0:0:0:
341,158,64722,6,0,L|352:101,2,51.999997619629,2|0|0,3:2|0:0|0:0,0:0:0:0:
512,5,65081,6,0,P|465:15|509:70,1,120.000004577637,8|2,0:0|0:0,0:0:0:0:
508,141,65350,1,2,0:0:0:0:
508,141,65440,6,0,P|472:198|464:299,1,136.000002593994,2|2,3:2|0:0,0:0:0:0:
505,326,65710,1,0,0:0:0:0:
505,326,65799,2,0,P|493:355|392:381,1,136.000002593994,10|2,0:0|0:0,0:0:0:0:
381,319,66069,5,2,0:0:0:0:
381,319,66159,2,0,L|229:292,1,136.000002593994,2|2,3:2|0:0,0:0:0:0:
240,298,66428,2,0,L|221:368,1,68.0000012969971,2|8,0:0|0:0,0:0:0:0:
155,379,66698,1,2,0:0:0:0:
287,132,66877,6,0,P|321:147|334:201,1,71.9999978027344,2|0,3:2|0:0,0:0:0:0:
288,233,67057,2,0,P|254:218|241:164,1,71.9999978027344,2|0,0:0|0:0,0:0:0:0:
200,118,67237,2,0,P|270:114|324:68,1,143.999995605469,10|2,0:0|0:0,0:0:0:0:
446,40,67596,5,2,3:2:0:0:
410,38,67685,1,0,0:0:0:0:
378,21,67775,1,2,0:0:0:0:
206,52,67955,5,10,0:0:0:0:
240,46,68044,1,0,0:0:0:0:
271,27,68134,1,0,0:0:0:0:
162,186,68314,6,0,L|17:206,1,136.000002593994,6|0,3:2|0:0,0:0:0:0:
21,284,68584,1,0,0:0:0:0:
21,284,68674,2,0,L|155:264,1,111.999996582031,10|0,0:0|0:0,0:0:0:0:
359,340,69033,6,0,P|305:301|300:235,1,136.000002593994,2|0,3:2|0:0,0:0:0:0:
197,296,69303,2,0,P|261:290|299:236,1,136.000002593994,2|0,0:0|0:0,0:0:0:0:
314,166,69572,1,2,0:0:0:0:
424,4,69752,5,0,3:0:0:0:
424,4,69932,2,0,L|396:140,1,120.000004577637,2|10,0:0|0:0,0:0:0:0:
377,210,70291,1,2,0:0:0:0:
512,305,70471,6,0,L|497:232,2,68.0000012969971,2|0|0,3:2|0:0|0:0,0:0:0:0:
432,384,70829,6,0,P|404:328|347:352,1,136.000002593994,8|0,0:0|0:0,0:0:0:0:
280,384,71099,1,0,0:0:0:0:
280,384,71189,6,0,P|210:358|131:347,1,136.000002593994,2|2,3:2|0:0,0:0:0:0:
83,325,71459,1,0,0:0:0:0:
83,325,71548,2,0,P|95:296|141:284,1,68.0000012969971,10|0,0:0|0:0,0:0:0:0:
197,208,71728,5,2,0:0:0:0:
197,208,71818,1,2,0:0:0:0:
197,208,71907,2,0,L|207:288,1,71.9999978027344,2|0,3:2|0:0,0:0:0:0:
276,272,72087,2,0,L|267:201,1,71.9999978027344,2|0,0:0|0:0,0:0:0:0:
293,106,72267,2,0,L|138:148,1,136.000002593994,10|2,0:0|0:0,0:0:0:0:
99,120,72536,1,0,0:0:0:0:
99,120,72626,6,0,P|82:88|49:75,1,71.9999978027344,2|0,3:2|0:0,0:0:0:0:
102,0,72806,2,0,P|118:31|151:44,1,71.9999978027344,2|0,0:0|0:0,0:0:0:0:
211,91,72985,2,0,P|288:82|333:20,1,143.999995605469,10|0,0:0|0:0,0:0:0:0:
509,0,73344,5,2,3:2:0:0:
511,34,73433,1,0,0:0:0:0:
498,67,73523,1,0,0:0:0:0:
473,90,73613,1,0,0:0:0:0:
440,102,73703,1,10,0:0:0:0:
411,119,73793,1,0,0:0:0:0:
389,147,73882,1,0,0:0:0:0:
382,181,73972,1,0,0:0:0:0:
387,215,74063,6,0,L|418:361,1,136.000002593994,6|0,3:2|0:0,0:0:0:0:
490,338,74333,1,0,0:0:0:0:
490,338,74422,2,0,L|461:203,1,111.999996582031,10|0,0:0|0:0,0:0:0:0:
326,244,74782,6,0,P|273:206|268:140,1,136.000002593994,2|0,3:2|0:0,0:0:0:0:
164,201,75052,2,0,P|229:195|267:141,1,136.000002593994,2|0,0:0|0:0,0:0:0:0:
286,65,75321,1,2,0:0:0:0:
124,0,75501,5,0,3:0:0:0:
65,46,75681,2,0,L|91:170,1,120.000004577637,2|10,0:0|0:0,0:0:0:0:
122,287,76040,1,2,0:0:0:0:
30,369,76220,6,0,L|41:312,2,51.999997619629,2|0|2,3:2|0:0|0:0,0:0:0:0:
0,260,76579,6,0,P|10:213|65:257,1,120.000004577637,10|2,0:0|0:0,0:0:0:0:
108,384,76848,1,0,0:0:0:0:
108,384,76938,6,0,P|165:348|266:340,1,136.000002593994,2|2,3:2|0:0,0:0:0:0:
283,271,77208,5,0,0:0:0:0:
283,271,77296,2,0,P|340:307|441:315,1,136.000002593994,10|0,0:0|0:0,0:0:0:0:
477,270,77567,5,0,0:0:0:0:
477,270,77657,2,0,L|500:136,1,136.000002593994,2|2,3:2|0:0,0:0:0:0:
387,82,77925,5,0,0:0:0:0:
387,82,78015,2,0,L|410:215,1,136.000002593994,10|2,0:0|0:0,0:0:0:0:
321,127,78375,6,0,P|287:112|403:31,1,287.999991210938,2|10,3:2|0:0,0:0:0:0:
510,39,78823,1,0,0:0:0:0:
512,45,78913,2,0,L|412:69,1,60.0000022888184,2|0,0:0|0:0,0:0:0:0:
387,82,79093,1,0,3:0:0:0:
321,127,79272,2,0,L|178:161,2,120.000004577637,2|8|2,0:0|0:0|0:0,0:0:0:0:
173,241,79811,6,0,P|109:152|13:130,1,180.000006866455,6|0,3:2|0:0,0:0:0:0:
54,26,80171,1,10,0:0:0:0:
114,71,80350,2,0,P|153:70|210:-11,1,136.000002593994,2|0,0:0|3:0,0:0:0:0:
118,144,80710,2,0,P|79:145|22:226,1,136.000002593994,2|8,0:0|0:0,0:0:0:0:
29,289,81070,1,2,0:0:0:0:
297,384,81249,6,0,P|208:320|186:224,1,180.000006866455,2|0,3:2|0:0,0:0:0:0:
303,222,81609,1,8,0:0:0:0:
305,303,81788,2,0,P|363:271|377:207,1,136.000002593994,2|0,0:0|3:0,0:0:0:0:
482,365,82147,1,2,0:0:0:0:
408,384,82326,2,0,P|409:345|490:288,1,136.000002593994,10|2,0:0|0:0,0:0:0:0:
483,150,82687,6,0,P|416:138|352:113,1,136.000002593994,2|0,3:2|0:0,0:0:0:0:
366,43,82955,5,0,0:0:0:0:
366,43,83045,2,0,P|432:54|496:79,1,136.000002593994,10|0,0:0|0:0,0:0:0:0:
294,71,83314,5,0,0:0:0:0:
294,71,83404,2,0,L|284:-9,1,68.0000012969971,2|0,3:2|0:0,0:0:0:0:
213,8,83584,2,0,L|222:79,1,68.0000012969971
295,141,83765,6,0,L|140:183,1,136.000002593994,10|0,0:0|0:0,0:0:0:0:
183,245,84033,5,0,0:0:0:0:
183,245,84123,2,0,L|314:209,1,136.000002593994,2|0,3:2|0:0,0:0:0:0:
352,273,84392,5,0,0:0:0:0:
356,276,84482,2,0,P|364:311|321:340,1,68.0000012969971,8|0,0:0|0:0,0:0:0:0:
442,353,84662,2,0,P|434:318|477:289,1,68.0000012969971,2|0,0:0|0:0,0:0:0:0:
506,250,84841,5,2,3:2:0:0:
420,160,85021,1,2,0:0:0:0:
420,160,85111,1,0,0:0:0:0:
420,160,85201,1,10,0:0:0:0:
469,114,85380,1,2,0:0:0:0:
458,48,85560,5,0,3:2:0:0:
