osu file format v14

[General]
AudioFilename: audio.mp3
AudioLeadIn: 0
PreviewTime: 56761
Countdown: 0
SampleSet: Drum
StackLeniency: 0.7
Mode: 0
LetterboxInBreaks: 0
WidescreenStoryboard: 0

[Editor]
Bookmarks: 19786,65761,90261
DistanceSpacing: 1.9
BeatDivisor: 4
GridSize: 32
TimelineZoom: 2.700004

[Metadata]
Title:Jaegermeister
TitleUnicode:Jägermeister
Artist:Da Tweekaz
ArtistUnicode:Da Tweekaz
Creator:makisokk
Version:Oans, Zwoa, Saufen!
Source:
Tags:Jagermeister Short version Germany Deutsch Cut Hardstyle Dirty workz Electronic English
BeatmapID:1930569
BeatmapSetID:845079

[Difficulty]
HPDrainRate:6
CircleSize:4
OverallDifficulty:7.5
ApproachRate:8.5
SliderMultiplier:1.6
SliderTickRate:1

[Events]
//Background and Video events
0,0,"bg.png",0,0
//Break Periods
//Storyboard Layer 0 (Background)
//Storyboard Layer 1 (Fail)
//Storyboard Layer 2 (Pass)
//Storyboard Layer 3 (Foreground)
//Storyboard Layer 4 (Overlay)
//Storyboard Sound Samples

[TimingPoints]
4161,400,4,3,1,40,1,0
6961,-100,4,3,1,5,0,0
7361,-100,4,3,1,40,0,0
20161,-90.9090909090909,4,3,1,50,0,0
32961,-83.3333333333333,4,3,1,60,0,0
45761,-76.9230769230769,4,3,1,60,0,0
52161,-71.4285714285714,4,3,1,60,0,0
58561,-62.5,4,3,1,80,0,1
69761,-71.4285714285714,4,3,1,60,0,0
71361,-62.5,4,3,1,80,0,1
82561,-100,4,3,1,50,0,0
85561,-100,4,3,1,5,0,0


[Colours]
Combo1 : 155,83,69
Combo2 : 184,91,109
Combo3 : 230,108,107
Combo4 : 245,201,174

[HitObjects]
92,122,4161,5,2,1:0:0:0:
204,103,4361,2,0,L|190:61,2,40,8|8|8,1:0|1:0|1:0,0:0:0:0:
212,226,4761,1,2,1:0:0:0:
297,92,4961,1,2,1:0:0:0:
345,167,5161,2,0,L|351:217,2,40,8|8|8,1:0|1:0|1:0,0:0:0:0:
345,29,5561,1,8,1:0:0:0:
262,164,5761,1,8,1:0:0:0:
428,110,5961,5,4,1:0:0:0:
304,100,6161,1,4,1:0:0:0:
427,219,6361,1,4,1:0:0:0:
298,289,6561,2,0,P|237:294|155:222,1,160,2|0,1:0|0:0,0:0:0:0:
109,62,7361,6,0,P|145:51|194:56,1,80,4|0,0:0|0:0,0:0:0:0:
277,106,7761,2,0,P|313:117|362:112,1,80,8|0,0:0|0:0,0:0:0:0:
460,24,8161,2,0,P|449:60|454:109,1,80,8|0,0:0|0:0,0:0:0:0:
503,193,8561,2,0,P|514:229|509:278,1,80,8|0,0:0|0:0,0:0:0:0:
335,251,8961,6,0,L|434:238,1,80,4|0,0:0|0:0,0:0:0:0:
427,340,9361,1,8,0:0:0:0:
366,123,9561,1,2,0:0:0:0:
237,238,9761,2,0,L|157:227,1,80,8|0,0:0|0:0,0:0:0:0:
18,325,10161,2,0,L|97:314,1,80,8|0,0:0|0:0,0:0:0:0:
160,150,10561,6,0,P|150:190|165:240,1,80,4|0,0:0|0:0,0:0:0:0:
303,155,10961,2,0,P|310:116|301:78,1,80,8|0,0:0|0:0,0:0:0:0:
255,240,11361,2,0,P|245:280|260:330,1,80,8|0,0:0|0:0,0:0:0:0:
398,245,11761,2,0,P|405:206|395:167,1,80,8|0,0:0|0:0,0:0:0:0:
301,78,12161,6,0,L|206:92,1,80,4|0,0:0|0:0,0:0:0:0:
104,176,12561,2,0,L|183:187,1,80,8|0,0:0|0:0,0:0:0:0:
347,259,12961,2,0,L|252:273,1,80,8|0,0:0|0:0,0:0:0:0:
108,333,13361,2,0,L|187:344,1,80,8|0,0:0|0:0,0:0:0:0:
104,176,13761,6,0,P|105:217|124:266,1,80,4|0,0:0|0:0,0:0:0:0:
218,177,14161,1,8,0:0:0:0:
45,113,14361,1,2,0:0:0:0:
198,48,14561,2,0,P|237:48|275:61,1,80,8|0,0:0|0:0,0:0:0:0:
347,165,14961,2,0,P|384:177|424:178,1,80,0|0,0:0|0:0,0:0:0:0:
389,9,15361,6,0,L|401:114,1,80,4|0,0:0|0:0,0:0:0:0:
501,169,15761,1,8,0:0:0:0:
331,280,15961,1,2,0:0:0:0:
424,178,16161,2,0,L|436:283,1,80,8|0,0:0|0:0,0:0:0:0:
321,359,16561,2,0,L|330:279,1,80,8|0,0:0|0:0,0:0:0:0:
252,124,16961,6,0,P|268:164|273:215,1,80,4|0,0:0|0:0,0:0:0:0:
189,347,17361,2,0,P|195:307|210:270,1,80,8|0,0:0|0:0,0:0:0:0:
378,257,17761,2,0,P|339:277|289:287,1,80,8|0,0:0|0:0,0:0:0:0:
111,175,18161,2,0,P|150:176|189:188,1,80,8|0,0:0|0:0,0:0:0:0:
102,344,18561,5,2,0:0:0:0:
102,344,18961,1,2,0:0:0:0:
102,344,19361,1,2,0:0:0:0:
102,344,20161,6,0,P|94:301|96:253,1,88.000002685547,4|0,0:0|0:0,0:0:0:0:
190,121,20561,2,0,P|191:164|183:208,1,88.000002685547,8|0,0:0|0:0,0:0:0:0:
77,156,20961,1,8,0:0:0:0:
119,57,21161,1,8,0:0:0:0:
183,208,21361,1,8,0:0:0:0:
190,121,21561,1,2,0:0:0:0:
261,277,21761,6,0,P|316:287|361:284,1,88.000002685547,4|0,0:0|0:0,0:0:0:0:
449,201,22061,1,0,0:0:0:0:
449,201,22161,2,0,P|398:194|360:196,1,88.000002685547,8|0,0:0|0:0,0:0:0:0:
261,277,22561,1,2,0:0:0:0:
206,164,22761,1,8,0:0:0:0:
347,285,22961,1,2,0:0:0:0:
223,343,23161,1,8,0:0:0:0:
129,204,23361,6,0,P|123:254|129:302,1,88.000002685547,4|0,0:0|0:0,0:0:0:0:
206,164,23761,2,0,P|209:120|203:76,1,88.000002685547,8|0,0:0|0:0,0:0:0:0:
86,23,24161,1,8,0:0:0:0:
258,26,24361,1,8,0:0:0:0:
206,164,24561,1,8,0:0:0:0:
358,92,24761,1,2,0:0:0:0:
293,249,24961,6,0,L|285:132,1,88.000002685547,4|0,0:0|0:0,0:0:0:0:
196,246,25261,1,0,0:0:0:0:
196,246,25361,2,0,L|189:333,1,88.000002685547,8|0,0:0|0:0,0:0:0:0:
312,362,25761,1,2,0:0:0:0:
196,246,25961,1,8,0:0:0:0:
384,183,26161,1,2,0:0:0:0:
293,249,26361,1,8,0:0:0:0:
293,54,26561,6,0,P|282:103|290:157,1,88.000002685547,4|0,0:0|0:0,0:0:0:0:
391,269,26961,2,0,P|393:225|383:182,1,88.000002685547,8|0,0:0|0:0,0:0:0:0:
293,249,27361,1,8,0:0:0:0:
208,119,27561,1,8,0:0:0:0:
178,331,27761,1,8,0:0:0:0:
216,211,27961,1,2,0:0:0:0:
21,250,28161,6,0,L|144:244,1,88.000002685547,4|0,0:0|0:0,0:0:0:0:
254,290,28461,1,0,0:0:0:0:
254,290,28561,2,0,L|215:210,1,88.000002685547,8|0,0:0|0:0,0:0:0:0:
44,177,28961,1,2,0:0:0:0:
50,24,29161,1,8,0:0:0:0:
208,119,29361,1,2,0:0:0:0:
140,23,29561,1,8,0:0:0:0:
147,214,29761,6,0,P|187:231|251:233,1,88.000002685547,4|0,0:0|0:0,0:0:0:0:
411,162,30161,2,0,P|367:166|327:183,1,88.000002685547,8|0,0:0|0:0,0:0:0:0:
219,332,30561,1,8,0:0:0:0:
147,214,30761,1,8,0:0:0:0:
327,184,30961,2,0,L|284:172,1,44.0000013427735,8|0,0:0|0:0,0:0:0:0:
151,74,31161,2,0,L|194:64,1,44.0000013427735,2|0,0:0|0:0,0:0:0:0:
325,40,31361,6,0,B|360:136|325:192|325:192|344:221|344:221|290:264|329:366|329:366|227:374|260:306|167:305|167:305|126:352|73:333,1,616.000018798829,2|0,0:0|0:0,0:0:0:0:
55,155,32961,6,0,P|52:209|61:268,1,95.9999970703126,4|0,0:0|0:0,0:0:0:0:
169,78,33361,2,0,P|172:125|167:173,1,95.9999970703126,8|0,0:0|0:0,0:0:0:0:
55,73,33761,1,8,0:0:0:0:
240,25,33961,1,8,0:0:0:0:
167,173,34161,1,8,0:0:0:0:
332,164,34361,1,2,0:0:0:0:
233,341,34561,6,0,L|249:236,1,95.9999970703126,4|0,0:0|0:0,0:0:0:0:
391,381,34861,1,0,0:0:0:0:
391,381,34961,2,0,L|375:276,1,95.9999970703126,8|0,0:0|0:0,0:0:0:0:
332,164,35361,1,2,0:0:0:0:
233,341,35561,1,8,0:0:0:0:
185,187,35761,1,2,0:0:0:0:
362,281,35961,1,8,0:0:0:0:
269,81,36161,6,0,P|255:138|264:197,1,95.9999970703126,4|0,0:0|0:0,0:0:0:0:
362,281,36461,1,0,0:0:0:0:
362,281,36561,2,0,P|363:233|350:187,1,95.9999970703126,8|0,0:0|0:0,0:0:0:0:
162,75,36961,1,8,0:0:0:0:
400,65,37161,1,8,0:0:0:0:
257,174,37361,1,8,0:0:0:0:
299,0,37561,1,2,0:0:0:0:
446,181,37761,6,0,L|342:187,1,95.9999970703126,4|0,0:0|0:0,0:0:0:0:
511,307,38061,1,0,0:0:0:0:
511,307,38161,2,0,L|415:301,1,95.9999970703126,8|0,0:0|0:0,0:0:0:0:
223,355,38561,1,2,0:0:0:0:
323,271,38761,1,8,0:0:0:0:
94,217,38961,1,2,0:0:0:0:
174,66,39161,1,8,0:0:0:0:
174,66,39261,1,0,0:0:0:0:
174,66,39361,6,0,P|185:124|186:188,1,95.9999970703126,4|0,0:0|0:0,0:0:0:0:
81,311,39761,2,0,P|84:263|93:216,1,95.9999970703126,8|0,0:0|0:0,0:0:0:0:
262,111,40161,1,8,0:0:0:0:
74,51,40361,1,8,0:0:0:0:
169,242,40561,1,8,0:0:0:0:
174,66,40761,1,2,0:0:0:0:
377,206,40961,6,0,P|327:217|273:211,1,95.9999970703126,4|0,0:0|0:0,0:0:0:0:
89,146,41261,1,0,0:0:0:0:
89,146,41361,2,0,P|135:135|183:138,1,95.9999970703126,8|0,0:0|0:0,0:0:0:0:
246,309,41761,1,2,0:0:0:0:
276,109,41961,1,8,0:0:0:0:
125,237,42161,1,2,0:0:0:0:
282,213,42361,1,8,0:0:0:0:
168,43,42561,6,0,L|184:143,1,95.9999970703126,4|0,0:0|0:0,0:0:0:0:
109,331,42961,2,0,L|124:236,1,95.9999970703126,8|0,0:0|0:0,0:0:0:0:
91,108,43361,1,8,0:0:0:0:
235,241,43561,1,8,0:0:0:0:
8,199,43761,2,0,L|58:225,1,47.9999985351563,8|0,0:0|0:0,0:0:0:0:
225,115,43961,2,0,L|175:141,1,47.9999985351563,2|0,0:0|0:0,0:0:0:0:
34,49,44161,5,2,0:0:0:0:
109,331,44761,1,0,0:0:0:0:
132,217,44961,1,2,0:0:0:0:
222,345,45161,1,2,0:0:0:0:
246,109,45361,1,2,0:0:0:0:
387,353,45561,1,2,0:0:0:0:
458,83,45761,6,0,P|413:76|337:84,1,103.999995239258,2|0,0:0|0:0,0:0:0:0:
252,266,46161,1,8,0:0:0:0:
379,177,46361,1,8,0:0:0:0:
134,121,46561,2,0,P|200:113|266:130,1,103.999995239258,2|0,0:0|0:0,0:0:0:0:
167,252,46961,1,8,0:0:0:0:
59,63,47161,1,2,0:0:0:0:
59,63,47261,1,2,0:0:0:0:
59,63,47361,5,4,0:0:0:0:
34,193,47561,1,4,0:0:0:0:
237,58,47761,1,4,0:0:0:0:
109,137,47961,1,4,0:0:0:0:
262,276,48161,2,0,P|292:208|185:273,1,311.999985717774,4|0,0:0|0:0,0:0:0:0:
488,210,48961,6,0,P|427:209|371:227,1,103.999995239258,2|0,0:0|0:0,0:0:0:0:
396,332,49361,1,8,0:0:0:0:
303,162,49561,1,8,0:0:0:0:
164,322,49761,2,0,P|250:320|287:295,1,103.999995239258,2|0,0:0|0:0,0:0:0:0:
199,183,50161,1,8,0:0:0:0:
76,329,50361,1,8,0:0:0:0:
76,329,50461,1,8,0:0:0:0:
76,329,50561,5,4,0:0:0:0:
221,248,50761,1,4,0:0:0:0:
77,139,50961,1,4,0:0:0:0:
121,255,51161,1,4,0:0:0:0:
184,80,51361,1,4,0:0:0:0:
34,246,51561,1,2,0:0:0:0:
34,246,51661,1,2,0:0:0:0:
34,246,51761,1,2,0:0:0:0:
292,159,51961,1,8,0:0:0:0:
103,47,52161,6,0,P|105:114|126:161,1,111.999996582031,2|0,0:0|0:0,0:0:0:0:
257,231,52561,1,8,0:0:0:0:
208,83,52761,1,8,0:0:0:0:
175,305,52961,2,0,P|170:243|192:178,1,111.999996582031,2|0,0:0|0:0,0:0:0:0:
335,108,53361,1,8,0:0:0:0:
399,255,53561,1,8,0:0:0:0:
399,255,53661,1,8,0:0:0:0:
399,255,53761,5,4,0:0:0:0:
458,74,53961,1,4,0:0:0:0:
485,204,54161,1,4,0:0:0:0:
335,108,54361,1,4,0:0:0:0:
243,306,54561,2,0,B|182:325|132:291|132:291|94:336|27:332|27:332|14:273|66:220,1,335.999989746094,4|0,0:0|0:0,0:0:0:0:
152,137,55361,5,8,0:0:0:0:
140,191,55461,1,0,0:0:0:0:
154,244,55561,1,0,0:0:0:0:
191,286,55661,1,0,0:0:0:0:
243,306,55761,1,8,0:0:0:0:
298,300,55861,1,0,0:0:0:0:
344,270,55961,1,0,0:0:0:0:
372,222,56061,1,0,0:0:0:0:
375,167,56161,6,0,L|366:111,1,55.9999982910157,2|0,0:0|0:0,0:0:0:0:
240,82,56361,2,0,L|250:15,1,55.9999982910157,0|2,0:0|0:0,0:0:0:0:
411,183,56561,2,0,L|402:127,1,55.9999982910157,2|0,0:0|0:0,0:0:0:0:
218,64,56761,2,0,L|228:-3,1,55.9999982910157,0|2,0:0|0:0,0:0:0:0:
444,203,56961,1,12,0:0:0:0:
448,168,57961,5,0,0:0:0:0:
316,298,58161,1,0,0:0:0:0:
484,355,58361,1,0,0:0:0:0:
448,168,58561,6,0,P|375:155|308:164,1,128,2|0,1:0|0:0,0:0:0:0:
155,300,58961,1,8,1:0:0:0:
236,161,59161,1,8,1:0:0:0:
413,314,59361,2,0,P|340:327|273:318,1,128,2|0,1:0|0:0,0:0:0:0:
162,209,59761,1,8,1:0:0:0:
294,76,59961,1,8,1:0:0:0:
294,76,60061,1,8,1:0:0:0:
294,76,60161,5,2,1:0:0:0:
87,39,60361,1,2,1:0:0:0:
240,213,60561,1,2,1:0:0:0:
186,63,60761,1,2,1:0:0:0:
99,311,60961,2,0,P|97:241|124:178,1,128,2|0,1:0|0:0,0:0:0:0:
221,89,61361,2,0,P|242:148|239:212,1,128,0|0,0:0|0:0,0:0:0:0:
201,332,61761,6,0,B|264:298|263:352|339:317,1,128,2|0,1:0|0:0,0:0:0:0:
466,192,62161,1,8,1:0:0:0:
282,209,62361,1,8,1:0:0:0:
400,24,62561,2,0,P|408:89|393:166,1,128,2|0,1:0|0:0,0:0:0:0:
215,51,62961,1,8,1:0:0:0:
177,248,63161,1,8,1:0:0:0:
177,248,63261,1,8,1:0:0:0:
177,248,63361,5,2,1:0:0:0:
292,69,63561,1,2,1:0:0:0:
326,317,63761,1,2,1:0:0:0:
234,167,63961,1,2,1:0:0:0:
130,365,64161,1,2,1:0:0:0:
275,249,64361,1,4,1:0:0:0:
275,249,64461,1,4,1:0:0:0:
275,249,64561,1,4,1:0:0:0:
66,133,64761,1,4,1:0:0:0:
335,59,64961,6,0,P|272:37|194:65,1,128,2|0,1:0|0:0,0:0:0:0:
145,241,65361,1,8,1:0:0:0:
272,137,65561,1,8,1:0:0:0:
428,310,65761,2,0,P|346:318|275:304,1,128,2|0,1:0|0:0,0:0:0:0:
209,191,66161,1,8,1:0:0:0:
414,109,66361,1,8,1:0:0:0:
414,109,66461,1,8,1:0:0:0:
414,109,66561,5,2,1:0:0:0:
474,308,66761,1,2,1:0:0:0:
277,155,66961,1,2,1:0:0:0:
434,207,67161,1,2,1:0:0:0:
176,326,67361,2,0,P|260:326|318:301,1,128,2|0,1:0|0:0,0:0:0:0:
401,140,67761,2,0,P|337:136|276:154,1,128,0|0,0:0|0:0,0:0:0:0:
176,326,68161,5,2,1:0:0:0:
99,105,68361,1,2,1:0:0:0:
83,260,68561,1,2,1:0:0:0:
212,36,68761,1,2,1:0:0:0:
212,36,68861,1,2,1:0:0:0:
212,36,68961,5,8,1:0:0:0:
465,98,69161,1,8,1:0:0:0:
234,232,69361,1,8,1:0:0:0:
342,62,69561,1,8,1:0:0:0:
399,341,69761,1,4,1:0:0:0:
399,341,70761,5,4,0:0:0:0:
438,191,70961,1,4,0:0:0:0:
252,162,71161,1,4,0:0:0:0:
423,67,71361,6,0,P|442:124|431:215,1,128,2|0,1:0|0:0,0:0:0:0:
321,351,71761,1,8,1:0:0:0:
252,162,71961,1,8,1:0:0:0:
88,313,72161,2,0,P|163:325|220:307,1,128,2|0,1:0|0:0,0:0:0:0:
93,171,72561,1,8,1:0:0:0:
255,30,72761,1,8,1:0:0:0:
255,30,72861,1,8,1:0:0:0:
255,30,72961,5,2,1:0:0:0:
284,278,73161,1,2,1:0:0:0:
151,108,73361,1,2,1:0:0:0:
88,276,73561,1,2,1:0:0:0:
408,128,73761,2,0,P|324:129|272:155,1,128,2|0,1:0|0:0,0:0:0:0:
241,324,74161,1,0,0:0:0:0:
241,324,74261,1,0,0:0:0:0:
241,324,74361,1,0,0:0:0:0:
43,116,74561,6,0,P|117:96|183:98,1,128,2|0,1:0|0:0,0:0:0:0:
348,211,74961,1,8,1:0:0:0:
254,45,75161,1,8,1:0:0:0:
171,307,75361,2,0,P|164:231|188:164,1,128,2|0,1:0|0:0,0:0:0:0:
377,57,75761,1,8,1:0:0:0:
306,284,75961,1,8,1:0:0:0:
306,284,76061,1,8,1:0:0:0:
306,284,76161,5,2,1:0:0:0:
250,98,76361,1,2,1:0:0:0:
454,233,76561,1,2,1:0:0:0:
258,209,76761,1,2,1:0:0:0:
426,36,76961,1,2,1:0:0:0:
375,325,77161,6,0,L|430:333,4,32,4|0|4|0|4,1:0|0:0|1:0|0:0|1:0,0:0:0:0:
339,124,77561,1,8,1:0:0:0:
141,287,77761,6,0,P|212:290|291:276,1,128,2|0,1:0|0:0,0:0:0:0:
437,157,78161,1,8,1:0:0:0:
304,357,78361,1,8,1:0:0:0:
316,68,78561,2,0,P|343:135|340:198,1,128,2|0,1:0|0:0,0:0:0:0:
139,232,78961,1,8,1:0:0:0:
187,61,79161,1,8,1:0:0:0:
187,61,79261,1,8,1:0:0:0:
187,61,79361,5,2,1:0:0:0:
291,246,79561,1,2,1:0:0:0:
134,128,79761,1,2,1:0:0:0:
62,325,79961,1,2,1:0:0:0:
277,96,80161,2,0,B|310:144|267:209|267:209|292:245|292:245|258:283|293:346,1,256,4|0,1:0|0:0,0:0:0:0:
410,238,80761,6,0,L|443:232,4,32,0|0|0|0|4,0:0|0:0|0:0|0:0|1:0,0:0:0:0:
374,46,81161,1,2,1:0:0:0:
321,291,81361,1,8,1:0:0:0:
405,130,81561,1,2,1:0:0:0:
405,130,81661,1,2,1:0:0:0:
405,130,81761,5,8,1:0:0:0:
83,100,81961,1,8,1:0:0:0:
256,211,82161,2,0,L|278:241,1,32,4|0,1:0|0:0,0:0:0:0:
137,314,82361,2,0,L|130:350,1,32,4|0,1:0|0:0,0:0:0:0:
193,109,82561,1,4,0:0:0:0:
256,192,82661,12,0,85561,1:0:0:0:
