osu file format v14

[General]
AudioFilename: mukanjyo.mp3
AudioLeadIn: 0
PreviewTime: 30575
Countdown: 0
SampleSet: Soft
StackLeniency: 0.7
Mode: 0
LetterboxInBreaks: 0
WidescreenStoryboard: 1

[Editor]
DistanceSpacing: 1
BeatDivisor: 4
GridSize: 8
TimelineZoom: 1.7

[Metadata]
Title:Mizu's Jump Training #2
TitleUnicode:Mizu's Jump Training #2
Artist:Various Artists
ArtistUnicode:Various Artists
Creator:Mizu
Version:Mukanjyo
Source:
Tags:one ok rock mizus geoxor survive said the prophet the overdressed monkeys touhou
BeatmapID:2172827
BeatmapSetID:1019966

[Difficulty]
HPDrainRate:3
CircleSize:4
OverallDifficulty:8
ApproachRate:9.3
SliderMultiplier:1.7
SliderTickRate:1

[Events]
//Background and Video events
0,0,"mukan.jpg",0,0
//Break Periods
2,126733,133049
//Storyboard Layer 0 (Background)
//Storyboard Layer 1 (Fail)
//Storyboard Layer 2 (Pass)
//Storyboard Layer 3 (Foreground)
//Storyboard Layer 4 (Overlay)
//Storyboard Sound Samples

[TimingPoints]
418,315.789473684211,4,2,0,30,1,0
5786,-100,4,2,0,5,0,0
5944,-100,4,2,0,30,0,0
6260,-100,4,2,0,5,0,0
6418,-100,4,2,0,30,0,0
6733,-100,4,2,0,5,0,0
6891,-200,4,2,0,40,0,0
7839,-100,4,2,0,5,0,0
7996,-100,4,2,0,40,0,0
8312,-100,4,2,0,5,0,0
8470,-100,4,2,0,30,0,0
8786,-100,4,2,0,5,0,0
8944,-100,4,2,0,30,0,0
9260,-100,4,2,0,5,0,0
9418,-200,4,2,0,40,0,0
10523,-100,4,2,0,40,0,0
16207,-90.9090909090909,4,2,0,40,0,0
27260,-133.333333333333,4,2,0,40,0,0
27891,-100,4,2,0,40,0,0
29470,-100,4,2,0,20,0,0
30733,-71.4285714285714,4,2,0,70,0,1
50944,-90.9090909090909,4,2,0,40,0,0
68628,-100,4,2,0,40,0,0
69575,-200,4,2,0,40,0,0
71154,-100,4,2,0,40,0,0
72102,-200,4,2,0,40,0,0
83786,-66.6666666666667,4,2,0,75,0,1
93260,-200,4,2,0,75,0,1
93891,-66.6666666666667,4,2,0,75,0,1
102733,-133.333333333333,4,2,0,75,0,1
103996,-100,4,2,0,65,0,0
114102,-133.333333333333,4,2,0,65,0,0
115365,-100,4,2,0,65,0,0
117575,-133.333333333333,4,2,0,65,0,0
117891,-100,4,2,0,65,0,0
120418,-133.333333333333,4,2,0,65,0,0
121365,-100,4,2,0,65,0,0
134312,-62.5,4,2,0,80,0,1
154523,-133.333333333333,4,2,0,80,0,1
174733,-100,4,2,0,80,0,0
176628,-100,4,2,0,5,0,0


[HitObjects]
176,272,418,5,0,0:0:0:0:
208,160,575,2,0,P|256:128|320:128,1,85
400,160,891,1,0,0:0:0:0:
368,48,1048,2,0,P|320:16|256:16,1,85
112,96,1365,5,0,0:0:0:0:
144,208,1522,2,0,P|192:240|256:240,1,85
336,208,1838,1,0,0:0:0:0:
304,320,1995,2,0,P|256:352|192:352,1,85
128,160,2312,5,0,0:0:0:0:
80,304,2470,1,0,0:0:0:0:
224,240,2628,2,0,B|240:192|240:192|240:128,1,85
128,160,2944,5,0,0:0:0:0:
224,32,3260,1,0,0:0:0:0:
320,240,3575,1,0,0:0:0:0:
224,64,3891,1,0,0:0:0:0:
144,304,4207,5,0,0:0:0:0:
224,128,4365,1,0,0:0:0:0:
272,240,4523,2,0,L|272:336,1,85
312,160,4839,5,0,0:0:0:0:
264,48,4996,1,0,0:0:0:0:
184,224,5154,2,0,L|184:320,1,85
333,345,5470,6,0,P|297:290|292:355,1,170
445,299,5944,2,0,B|429:315|429:315|413:235|333:203,1,170
350,93,6418,2,0,P|286:109|222:189,1,170
77,273,6891,2,0,B|69:251|69:251|138:258|161:306|206:314|254:305|297:284,1,255
194,200,7996,6,0,P|245:169|208:216,1,170
145,78,8470,2,0,B|145:100|145:100|212:55|292:89,1,170
358,0,8944,2,0,P|391:56|380:158,1,170
424,320,9418,2,0,B|445:310|445:310|391:266|341:283|303:257|276:217|260:172,1,255
136,168,10523,5,8,0:3:0:0:
144,152,10602,1,8,0:3:0:0:
152,136,10681,1,8,0:3:0:0:
160,120,10760,1,8,0:3:0:0:
168,104,10839,2,0,B|208:80|208:80|248:80,1,85,8|0,0:3|0:0,0:0:0:0:
344,198,11154,5,0,0:0:0:0:
344,198,11470,2,0,P|304:182|256:182,1,85
200,312,11786,5,0,0:0:0:0:
200,312,12102,2,0,P|240:296|288:296,1,85
400,376,12418,5,0,0:0:0:0:
400,376,12733,1,0,0:0:0:0:
400,376,13049,5,8,0:3:0:0:
408,360,13128,1,8,0:3:0:0:
416,344,13207,1,8,0:3:0:0:
424,328,13286,1,8,0:3:0:0:
432,312,13365,2,0,L|432:216,1,85,8|0,0:3|0:0,0:0:0:0:
320,160,13681,6,0,L|320:64,1,85
160,224,13996,2,0,L|160:128,1,85
274,357,14312,5,0,0:0:0:0:
259,226,14470,1,0,0:0:0:0:
142,325,14628,1,0,0:0:0:0:
361,256,14786,1,0,0:0:0:0:
229,115,14944,5,0,0:0:0:0:
219,300,15102,1,0,0:0:0:0:
340,141,15260,1,0,0:0:0:0:
139,211,15418,1,0,0:0:0:0:
139,211,15496,1,0,0:0:0:0:
139,211,15575,2,8,L|135:262,3,42.5,8|8|8|8,0:3|0:3|0:3|0:3,0:3:0:0:
44,192,15891,2,0,B|60:152|60:152|92:120,1,85,8|0,0:3|0:0,0:0:0:0:
227,109,16207,6,0,L|243:13,1,93.5000028533936
346,210,16523,2,0,L|362:114,1,93.5000028533936
100,199,16839,6,0,L|116:103,1,93.5000028533936
219,300,17155,2,0,L|235:204,1,93.5000028533936
384,336,17470,1,0,0:0:0:0:
416,192,17628,1,0,0:0:0:0:
384,336,17786,2,0,B|368:352|368:352|336:272,1,93.5000028533936
224,136,18102,5,8,0:3:0:0:
216,152,18181,1,8,0:3:0:0:
208,168,18260,1,8,0:3:0:0:
200,184,18339,1,8,0:3:0:0:
192,200,18418,2,0,B|168:248|168:248|168:304,1,93.5000028533936,8|0,0:3|0:0,0:0:0:0:
48,256,18733,6,0,L|40:160,1,93.5000028533936
128,112,19049,2,0,L|136:16,1,93.5000028533936
312,96,19365,6,0,L|304:192,1,93.5000028533936
392,240,19681,2,0,L|400:336,1,93.5000028533936
176,336,19996,1,0,0:0:0:0:
208,128,20154,1,0,0:0:0:0:
176,336,20312,2,0,B|168:352|168:352|208:344|248:352,1,93.5000028533936
368,296,20628,5,8,0:3:0:0:
376,272,20707,1,8,0:3:0:0:
384,248,20786,1,8,0:3:0:0:
392,224,20865,1,8,0:3:0:0:
400,200,20944,2,0,P|392:152|360:112,1,93.5000028533936,8|0,0:3|0:0,0:0:0:0:
232,40,21260,6,0,L|216:88,1,46.7500014266968
128,96,21418,1,8,0:3:0:0:
136,120,21496,1,8,0:3:0:0:
144,144,21575,1,8,0:3:0:0:
152,168,21654,1,8,0:3:0:0:
160,192,21733,1,8,0:3:0:0:
168,216,21812,1,8,0:3:0:0:
176,240,21891,6,0,B|192:288|192:288|232:312,1,93.5000028533936,8|0,0:3|0:0,0:0:0:0:
352,384,22207,2,0,L|384:288,1,93.5000028533936
304,80,22523,1,0,0:0:0:0:
432,176,22681,1,0,0:0:0:0:
264,200,22839,2,0,P|224:176|200:128,1,93.5000028533936
112,48,23154,5,8,0:3:0:0:
104,72,23233,1,8,0:3:0:0:
96,96,23312,1,8,0:3:0:0:
88,120,23391,1,8,0:3:0:0:
80,144,23470,2,0,B|80:192|80:192|96:240,1,93.5000028533936,8|0,0:3|0:0,0:0:0:0:
168,360,23786,6,0,L|192:320,1,46.7500014266968
296,352,23944,1,8,0:3:0:0:
292,336,24022,1,8,0:3:0:0:
288,320,24101,1,8,0:3:0:0:
284,304,24180,1,8,0:3:0:0:
280,288,24259,1,8,0:3:0:0:
276,272,24338,1,8,0:3:0:0:
272,256,24418,2,0,P|288:200|336:160,1,93.5000028533936,8|0,0:3|0:0,0:0:0:0:
448,224,24733,6,0,P|472:184|480:136,1,93.5000028533936
376,144,25049,2,0,P|364:98|336:59,1,93.5000028533936
256,128,25365,2,0,P|216:103|168:95,1,93.5000028533936
72,32,25681,5,8,0:3:0:0:
68,52,25760,1,8,0:3:0:0:
64,72,25839,1,8,0:3:0:0:
60,92,25918,1,8,0:3:0:0:
56,112,25996,2,0,B|56:160|56:160|80:200,1,93.5000028533936,8|0,0:3|0:0,0:0:0:0:
180,332,26312,6,0,L|192:284,1,46.7500014266968
304,312,26471,1,8,0:3:0:0:
296,280,26549,1,8,0:3:0:0:
288,248,26628,1,8,0:3:0:0:
280,216,26707,1,8,0:3:0:0:
272,184,26786,1,8,0:3:0:0:
264,152,26865,1,8,0:3:0:0:
256,120,26944,2,0,P|216:80|168:64,1,93.5000028533936,8|0,0:3|0:0,0:0:0:0:
113,174,27260,6,0,P|157:231|152:160,1,191.250007295609
40,288,27891,2,0,L|72:376,1,85
240,368,28207,5,8,0:3:0:0:
248,344,28286,1,8,0:3:0:0:
256,320,28365,1,8,0:3:0:0:
264,296,28444,1,8,0:3:0:0:
272,272,28523,2,0,B|272:224|272:224|248:184,1,85,8|0,0:3|0:0,0:0:0:0:
304,32,28839,6,0,L|328:72,1,42.5
432,40,28997,1,8,0:3:0:0:
424,72,29075,1,8,0:3:0:0:
416,104,29154,1,8,0:3:0:0:
408,136,29233,1,8,0:3:0:0:
400,168,29312,1,8,0:3:0:0:
392,200,29391,1,8,0:3:0:0:
384,232,29470,6,0,P|360:264|304:288,1,85
304,200,29786,1,0,0:0:0:0:
128,232,30102,6,0,P|152:264|208:288,1,85
208,200,30418,1,0,0:0:0:0:
208,200,30733,6,0,L|184:72,1,118.999996368408,8|0,0:3|0:0,0:0:0:0:
336,312,31049,1,0,0:0:0:0:
376,136,31207,2,0,L|384:16,1,118.999996368408,8|0,0:3|0:0,0:0:0:0:
128,192,31523,5,0,0:0:0:0:
256,320,31681,1,8,0:3:0:0:
384,192,31839,1,0,0:0:0:0:
256,64,31996,2,0,L|136:56,1,118.999996368408,8|0,0:3|0:0,0:0:0:0:
48,304,32312,1,0,0:0:0:0:
304,278,32470,2,0,P|352:238|384:190,1,118.999996368408,8|0,0:3|0:0,0:0:0:0:
112,136,32786,5,0,0:0:0:0:
160,360,32944,1,8,0:3:0:0:
304,64,33102,5,0,0:0:0:0:
264,311,33260,2,0,P|208:351|152:359,1,118.999996368408,8|0,0:3|0:0,0:0:0:0:
88,160,33575,1,0,0:0:0:0:
368,64,33733,2,0,B|424:88|424:88|472:136,1,118.999996368408,8|0,0:3|0:0,0:0:0:0:
336,352,34049,5,0,0:0:0:0:
288,96,34207,1,8,0:3:0:0:
160,336,34365,5,0,0:0:0:0:
220,39,34523,2,0,P|276:15|340:23,1,118.999996368408,8|0,0:3|0:0,0:0:0:0:
440,304,34839,1,0,0:0:0:0:
192,168,34996,2,0,P|128:160|72:168,1,118.999996368408,8|0,0:3|0:0,0:0:0:0:
256,352,35312,5,0,0:0:0:0:
383,102,35470,1,8,0:3:0:0:
96,192,35628,1,0,0:0:0:0:
96,192,35707,1,0,0:0:0:0:
96,192,35786,2,0,L|80:320,1,118.999996368408,8|0,0:3|0:0,0:0:0:0:
272,48,36102,1,0,0:0:0:0:
304,256,36260,2,0,L|320:384,1,118.999996368408,8|0,0:3|0:0,0:0:0:0:
160,352,36575,5,0,0:0:0:0:
224,96,36733,1,8,0:3:0:0:
384,304,36891,1,0,0:0:0:0:
128,352,37049,2,0,P|96:288|96:224,1,118.999996368408,8|0,0:3|0:0,0:0:0:0:
304,32,37365,1,0,0:0:0:0:
384,320,37523,2,0,B|384:352|384:352|336:272,1,118.999996368408,8|0,0:3|0:0,0:0:0:0:
160,320,37839,5,0,0:0:0:0:
224,48,37996,1,8,0:3:0:0:
368,256,38154,1,0,0:0:0:0:
96,224,38312,2,0,P|80:160|96:96,1,118.999996368408,8|0,0:3|0:0,0:0:0:0:
288,352,38628,5,0,0:0:0:0:
352,112,38786,2,0,P|336:48|304:0,1,118.999996368408,8|0,0:3|0:0,0:0:0:0:
192,320,39102,1,0,0:0:0:0:
406,195,39260,2,0,P|439:138|451:81,1,118.999996368408,8|0,0:3|0:0,0:0:0:0:
145,232,39575,1,0,0:0:0:0:
384,294,39733,2,0,P|448:277|496:245,1,118.999996368408,8|0,0:3|0:0,0:0:0:0:
416,64,40049,5,0,0:0:0:0:
416,64,40128,1,0,0:0:0:0:
416,64,40207,1,8,0:3:0:0:
208,192,40365,5,0,0:0:0:0:
208,192,40444,1,0,0:0:0:0:
208,192,40523,1,8,0:3:0:0:
432,304,40681,5,0,0:0:0:0:
432,304,40760,1,0,0:0:0:0:
432,304,40839,2,0,L|448:176,1,118.999996368408,8|0,0:3|0:0,0:0:0:0:
192,336,41154,5,0,0:0:0:0:
144,80,41312,1,8,0:3:0:0:
320,240,41470,1,0,0:0:0:0:
48,208,41628,1,0,0:0:0:0:
304,48,41786,1,8,0:3:0:0:
208,352,41944,1,0,0:0:0:0:
128,176,42102,6,8,B|144:112|144:112|176:64,1,118.999996368408,8|0,0:3|0:0,0:3:0:0:
336,336,42418,1,0,0:0:0:0:
416,48,42575,1,8,0:3:0:0:
256,288,42733,1,0,0:0:0:0:
224,16,42891,1,0,0:0:0:0:
416,240,43049,1,8,0:3:0:0:
144,192,43207,1,0,0:0:0:0:
336,112,43365,6,0,P|400:144|432:192,1,118.999996368408,8|0,0:3|0:0,0:0:0:0:
192,352,43681,1,0,0:0:0:0:
336,208,43839,1,8,0:3:0:0:
144,160,43996,1,0,0:0:0:0:
304,368,44154,1,0,0:0:0:0:
384,32,44312,1,8,0:3:0:0:
144,256,44470,1,0,0:0:0:0:
384,288,44628,6,0,P|416:224|416:160,1,118.999996368408,8|0,0:3|0:0,0:0:0:0:
192,0,44944,1,0,0:0:0:0:
128,240,45102,2,0,L|112:368,1,118.999996368408,8|0,0:3|0:0,0:0:0:0:
352,48,45418,1,0,0:0:0:0:
384,288,45575,1,8,0:3:0:0:
102,132,45733,5,0,0:0:0:0:
102,132,45812,1,0,0:0:0:0:
102,132,45891,2,0,L|93:-17,1,118.999996368408,8|0,0:3|0:0,0:0:0:0:
320,352,46207,1,0,0:0:0:0:
416,112,46365,1,8,0:3:0:0:
176,208,46523,1,0,0:0:0:0:
384,352,46681,1,0,0:0:0:0:
336,48,46839,1,8,0:3:0:0:
192,240,46997,1,0,0:0:0:0:
432,224,47154,6,0,P|464:160|464:112,1,118.999996368408,8|0,0:3|0:0,0:0:0:0:
192,368,47470,1,0,0:0:0:0:
128,80,47628,1,8,0:3:0:0:
352,240,47786,1,0,0:0:0:0:
96,320,47944,1,0,0:0:0:0:
240,32,48102,1,8,0:3:0:0:
352,352,48260,1,0,0:0:0:0:
128,208,48418,6,0,B|112:144|112:144|112:80,1,118.999996368408,8|0,0:3|0:0,0:0:0:0:
304,352,48733,5,0,0:0:0:0:
352,128,48891,1,8,0:3:0:0:
256,272,49049,1,0,0:0:0:0:
144,32,49207,5,0,0:0:0:0:
64,352,49365,1,8,0:3:0:0:
176,168,49523,1,0,0:0:0:0:
240,320,49681,5,0,0:0:0:0:
240,320,49839,2,0,P|176:352|128:352,1,118.999996368408,8|0,0:3|0:0,0:0:0:0:
48,96,50154,1,0,0:0:0:0:
48,96,50233,1,0,0:0:0:0:
48,96,50312,1,8,0:3:0:0:
288,160,50470,5,8,0:3:0:0:
296,184,50549,1,8,0:3:0:0:
304,208,50628,1,8,0:3:0:0:
312,232,50707,1,8,0:3:0:0:
320,256,50786,1,8,0:3:0:0:
328,280,50865,1,8,0:3:0:0:
336,304,50944,1,0,0:0:0:0:
208,96,53470,6,0,L|184:240,1,140.25000428009
184,320,53786,2,0,P|224:280|280:272,1,93.5000028533936
263,350,54023,1,0,0:0:0:0:
263,350,54102,2,0,L|368:368,1,93.5000028533936
416,160,54418,1,0,0:0:0:0:
472,320,54575,1,0,0:0:0:0:
416,160,54733,5,0,0:0:0:0:
472,320,54891,2,0,L|472:368,1,46.7500014266968
392,328,55049,1,0,0:0:0:0:
304,160,55207,1,0,0:0:0:0:
304,152,55286,1,0,0:0:0:0:
304,144,55365,1,0,0:0:0:0:
304,136,55444,2,0,L|304:40,1,93.5000028533936
88,248,55839,1,0,0:0:0:0:
64,216,55996,6,0,P|80:184|163:139,1,124.666670471192
168,248,56470,1,0,0:0:0:0:
168,248,56549,1,0,0:0:0:0:
168,248,56628,2,0,L|168:352,1,93.5000028533936
256,208,56944,2,0,P|224:160|192:144,1,93.5000028533936
80,80,57260,6,0,L|64:176,1,93.5000028533936
32,320,57575,1,0,0:0:0:0:
176,352,57733,5,0,0:0:0:0:
176,352,57812,1,0,0:0:0:0:
176,352,57891,1,0,0:0:0:0:
176,352,57970,2,0,L|256:264,1,93.5000028533936
400,336,58365,5,0,0:0:0:0:
400,336,58444,1,0,0:0:0:0:
400,336,58523,2,0,P|424:272|424:192,2,140.25000428009
352,256,59075,1,0,0:0:0:0:
352,256,59154,2,0,L|352:144,1,93.5000028533936
240,80,59470,2,0,P|208:32|160:16,1,93.5000028533936
144,160,59786,6,0,P|176:208|224:224,1,93.5000028533936
288,160,60102,1,0,0:0:0:0:
360,264,60260,5,0,0:0:0:0:
360,264,60339,1,0,0:0:0:0:
360,264,60418,1,0,0:0:0:0:
360,264,60496,2,0,L|400:176,1,93.5000028533936
200,320,60891,1,0,0:0:0:0:
184,288,61049,6,0,B|192:240|192:240|240:152,2,140.25000428009
272,272,61602,1,0,0:0:0:0:
272,272,61681,1,0,0:0:0:0:
272,272,62312,6,0,B|280:288|280:288|288:272|288:272|344:296|392:272,2,140.25000428009
341,206,62944,1,0,0:0:0:0:
341,206,63023,2,0,L|384:112,1,93.5000028533936
208,40,63418,5,0,0:0:0:0:
208,40,63496,1,0,0:0:0:0:
208,40,63575,2,0,L|192:152,1,93.5000028533936
168,344,63891,1,0,0:0:0:0:
288,176,64049,1,0,0:0:0:0:
152,248,64207,1,0,0:0:0:0:
328,344,64365,5,0,0:0:0:0:
344,96,64523,1,0,0:0:0:0:
248,256,64681,1,0,0:0:0:0:
424,224,64839,6,0,B|448:184|448:184|456:120,1,93.5000028533936
256,64,65154,1,0,0:0:0:0:
256,64,65470,5,0,0:0:0:0:
128,192,65628,1,0,0:0:0:0:
256,320,65786,1,0,0:0:0:0:
384,192,65944,1,0,0:0:0:0:
384,192,66260,5,0,0:0:0:0:
192,144,66418,1,0,0:0:0:0:
352,304,66575,1,0,0:0:0:0:
400,64,66733,1,0,0:0:0:0:
224,240,66891,5,0,0:0:0:0:
416,192,67049,1,0,0:0:0:0:
192,64,67207,1,0,0:0:0:0:
256,336,67365,6,0,P|304:368|368:368,1,93.5000028533936
432,272,67681,1,0,0:0:0:0:
272,112,67839,1,0,0:0:0:0:
320,288,67996,1,0,0:0:0:0:
416,48,68154,5,0,0:0:0:0:
192,192,68312,2,0,L|176:320,1,93.5000028533936
304,160,68628,6,0,B|288:192|288:192|272:112|192:96,1,170
105,71,69102,2,0,P|105:135|201:199,1,170
80,320,69575,2,0,B|64:288|64:288|232:376|328:224,1,340
209,144,71155,6,0,B|216:179|216:179|252:105|333:111,1,170
424,109,71629,2,0,P|407:170|298:207,1,170
383,356,72102,2,0,B|406:329|406:329|221:370|168:199,1,340
160,64,73681,5,0,0:0:0:0:
128,192,74154,1,0,0:0:0:0:
96,320,74628,1,0,0:0:0:0:
256,128,75891,1,0,0:0:0:0:
256,128,76207,5,0,0:0:0:0:
288,256,76681,1,0,0:0:0:0:
320,384,77154,1,0,0:0:0:0:
128,288,77786,5,0,0:0:0:0:
192,96,78102,1,0,0:0:0:0:
384,160,78418,1,0,0:0:0:0:
320,352,78733,5,0,0:0:0:0:
224,224,79207,1,0,0:0:0:0:
384,256,79681,1,0,0:0:0:0:
400,288,80312,1,0,0:0:0:0:
416,320,80944,1,0,0:0:0:0:
160,224,81575,5,0,0:0:0:0:
416,128,82207,1,0,0:0:0:0:
432,160,82523,5,0,0:0:0:0:
224,64,82681,1,0,0:0:0:0:
448,192,82839,1,0,0:0:0:0:
80,224,83154,5,0,0:0:0:0:
288,320,83312,1,0,0:0:0:0:
64,192,83470,1,0,0:0:0:0:
64,192,83786,6,0,L|48:320,1,127.500004863739,8|0,0:3|0:0,0:0:0:0:
208,64,84102,1,0,0:0:0:0:
304,256,84260,2,0,L|320:384,1,127.500004863739,8|0,0:3|0:0,0:0:0:0:
416,192,84575,5,0,0:0:0:0:
256,32,84733,1,8,0:3:0:0:
96,192,84891,1,0,0:0:0:0:
256,352,85049,2,0,L|384:368,1,127.500004863739,8|0,0:3|0:0,0:0:0:0:
512,208,85365,5,0,0:0:0:0:
256,112,85523,2,0,P|192:128|128:176,1,127.500004863739,8|0,0:3|0:0,0:0:0:0:
160,368,85839,5,0,0:0:0:0:
336,176,85996,2,0,P|352:112|336:48,1,127.500004863739,8|0,0:3|0:0,0:0:0:0:
263,261,86312,5,8,0:3:0:0:
144,80,86470,1,0,0:0:0:0:
272,112,86628,1,0,0:0:0:0:
144,192,86786,1,8,0:3:0:0:
208,16,86944,1,0,0:0:0:0:
352,256,87102,1,0,0:0:0:0:
112,96,87260,1,8,0:3:0:0:
416,32,87418,1,0,0:0:0:0:
320,256,87575,6,0,B|256:272|256:272|192:272,1,127.500004863739,8|0,0:3|0:0,0:0:0:0:
80,112,87891,1,0,0:0:0:0:
320,144,88049,2,0,B|384:176|384:176|416:224,1,127.500004863739,8|0,0:3|0:0,0:0:0:0:
128,336,88365,1,0,0:0:0:0:
80,112,88523,1,8,0:3:0:0:
330,50,88681,1,0,0:0:0:0:
330,50,88760,1,0,0:0:0:0:
330,50,88839,6,0,P|266:34|202:50,1,127.500004863739,8|0,0:3|0:0,0:0:0:0:
96,328,89154,1,0,0:0:0:0:
272,160,89312,2,0,P|336:144|400:160,1,127.500004863739,8|0,0:3|0:0,0:0:0:0:
448,320,89628,1,0,0:0:0:0:
352,48,89786,1,8,0:3:0:0:
176,320,89944,1,0,0:0:0:0:
229,50,90102,6,0,P|293:34|357:50,1,127.500004863739,8|0,0:3|0:0,0:0:0:0:
352,272,90418,1,0,0:0:0:0:
160,160,90575,2,0,B|96:144|96:144|32:144,1,127.500004863739,8|0,0:3|0:0,0:0:0:0:
144,296,90891,1,0,0:0:0:0:
384,96,91049,1,8,0:3:0:0:
160,320,91207,1,0,0:0:0:0:
400,120,91365,5,8,0:3:0:0:
144,64,91523,1,0,0:0:0:0:
272,320,91681,1,0,0:0:0:0:
352,144,91839,1,8,0:3:0:0:
160,224,91996,1,0,0:0:0:0:
384,288,92154,1,0,0:0:0:0:
288,64,92312,2,0,B|224:48|224:48|160:48,1,127.500004863739,8|0,0:3|0:0,0:0:0:0:
48,352,92628,5,0,0:0:0:0:
256,224,92786,2,0,B|320:208|320:208|384:208,1,127.500004863739,8|0,0:3|0:0,0:0:0:0:
464,352,93102,1,0,0:0:0:0:
416,112,93260,5,8,0:3:0:0:
395,105,93338,1,0,0:0:0:0:
375,100,93417,1,0,0:0:0:0:
354,97,93496,1,0,0:0:0:0:
333,96,93575,1,0,0:0:0:0:
311,96,93654,1,0,0:0:0:0:
290,99,93733,1,0,0:0:0:0:
270,104,93812,1,0,0:0:0:0:
248,112,93891,6,0,L|208:240,1,127.500004863739,8|0,0:3|0:0,0:0:0:0:
256,352,94207,1,0,0:0:0:0:
416,192,94365,1,8,0:3:0:0:
256,32,94523,1,0,0:0:0:0:
96,192,94681,1,0,0:0:0:0:
352,288,94839,1,8,0:3:0:0:
256,64,94996,1,0,0:0:0:0:
160,320,95154,6,0,B|160:336|160:336|216:320|272:336,1,127.500004863739,8|0,0:3|0:0,0:0:0:0:
408,160,95470,1,0,0:0:0:0:
128,104,95628,1,8,0:3:0:0:
270,335,95786,1,0,0:0:0:0:
336,88,95944,1,0,0:0:0:0:
168,240,96102,1,8,0:3:0:0:
200,32,96260,1,0,0:0:0:0:
352,256,96418,6,0,L|352:384,1,127.500004863739,8|0,0:3|0:0,0:0:0:0:
384,384,96733,1,0,0:0:0:0:
224,224,96891,1,8,0:3:0:0:
448,256,97049,1,0,0:0:0:0:
288,384,97207,1,0,0:0:0:0:
352,96,97365,1,8,0:3:0:0:
416,256,97523,1,0,0:0:0:0:
192,128,97681,5,8,0:3:0:0:
334,9,97839,1,0,0:0:0:0:
327,213,97996,1,0,0:0:0:0:
134,63,98154,1,8,0:3:0:0:
384,320,98312,5,0,0:0:0:0:
320,64,98470,1,0,0:0:0:0:
448,192,98628,1,8,0:3:0:0:
175,261,98786,5,0,0:0:0:0:
175,261,98865,1,0,0:0:0:0:
175,261,98944,1,8,0:3:0:0:
64,368,99102,1,0,0:0:0:0:
19,129,99260,1,0,0:0:0:0:
300,256,99418,1,8,0:3:0:0:
80,277,99575,1,0,0:0:0:0:
195,77,99733,1,0,0:0:0:0:
271,353,99891,1,8,0:3:0:0:
64,192,100049,1,0,0:0:0:0:
288,96,100207,5,8,0:3:0:0:
192,384,100365,1,0,0:0:0:0:
96,224,100523,1,0,0:0:0:0:
288,320,100681,1,8,0:3:0:0:
96,352,100839,1,0,0:0:0:0:
192,128,100996,1,0,0:0:0:0:
224,288,101154,1,8,0:3:0:0:
32,64,101312,5,0,0:0:0:0:
256,128,101470,1,8,0:3:0:0:
64,192,101628,5,0,0:0:0:0:
320,256,101786,1,0,0:0:0:0:
192,64,101944,1,8,0:3:0:0:
128,300,102102,5,0,0:0:0:0:
128,308,102181,1,0,0:0:0:0:
128,316,102260,1,0,0:0:0:0:
128,324,102339,1,0,0:0:0:0:
128,332,102418,1,8,0:3:0:0:
128,340,102496,1,0,0:0:0:0:
128,348,102575,1,0,0:0:0:0:
128,356,102654,1,0,0:0:0:0:
128,368,102733,6,8,B|128:384|128:384|112:360|112:360|64:344|48:280|64:240|80:224,2,191.250007295609,0|0|0,0:0|0:0|0:0,0:3:0:0:
160,280,103839,1,0,0:0:0:0:
176,256,103996,6,0,B|208:192|208:192|224:192|224:192|256:112,1,170
352,0,104470,2,0,L|384:192,1,170
400,336,104944,1,0,0:0:0:0:
371,305,105022,1,0,0:0:0:0:
332,287,105101,1,0,0:0:0:0:
290,284,105180,1,0,0:0:0:0:
250,297,105260,6,0,L|224:384,1,85
96,128,105575,1,0,0:0:0:0:
240,192,105733,1,0,0:0:0:0:
96,240,105891,2,0,L|80:144,1,85
240,48,106207,1,0,0:0:0:0:
256,208,106365,1,0,0:0:0:0:
256,208,106444,1,0,0:0:0:0:
256,208,106523,6,0,B|256:224|256:224|210:289|256:368,1,170
318,290,106996,2,0,P|352:224|320:128,1,170
240,0,107470,1,0,0:0:0:0:
225,39,107548,1,0,0:0:0:0:
199,73,107627,1,0,0:0:0:0:
164,97,107706,1,0,0:0:0:0:
124,110,107786,6,0,B|111:95|111:95|79:175,2,85
192,208,108260,2,0,L|160:304,1,85
288,304,108575,2,0,L|256:400,1,85
432,336,108891,1,0,0:0:0:0:
432,336,109049,6,0,B|416:304|416:304|432:224|352:176,1,170
329,273,109523,2,0,P|288:240|294:127,1,170
368,0,109996,1,0,0:0:0:0:
380,40,110074,1,0,0:0:0:0:
404,74,110153,1,0,0:0:0:0:
439,99,110232,1,0,0:0:0:0:
479,111,110312,2,0,B|512:144|512:144|512:160|512:160|496:144|496:144|512:192|512:192|400:176|320:256,1,340
324,251,111418,5,0,0:0:0:0:
324,251,111496,1,0,0:0:0:0:
324,251,111575,2,0,B|336:304|336:304|320:368|320:368|336:352|368:352,1,170
424,231,112049,2,0,P|392:183|280:151,1,170
160,352,112523,5,0,0:0:0:0:
152,328,112602,1,0,0:0:0:0:
144,304,112681,1,0,0:0:0:0:
136,280,112760,1,0,0:0:0:0:
128,256,112839,2,0,L|128:160,1,85
256,40,113154,5,0,0:0:0:0:
328,224,113312,1,0,0:0:0:0:
256,64,113470,5,0,0:0:0:0:
152,264,113628,1,0,0:0:0:0:
384,160,113786,2,0,P|400:104|400:72,1,85
173,138,114102,6,0,L|152:263,1,127.500004863739
248,216,114575,2,0,L|269:341,1,127.500004863739
384,264,115049,1,0,0:0:0:0:
392,240,115128,1,0,0:0:0:0:
400,216,115207,1,0,0:0:0:0:
408,192,115286,1,0,0:0:0:0:
416,168,115365,6,0,L|416:80,1,85
224,216,115681,1,0,0:0:0:0:
416,56,115839,1,0,0:0:0:0:
224,216,115996,2,0,L|200:304,1,85
312,368,116312,1,0,0:0:0:0:
320,160,116470,5,0,0:0:0:0:
320,160,116549,1,0,0:0:0:0:
320,160,116628,2,0,P|272:128|160:128,1,170
224,272,117102,2,0,P|256:240|200:264,1,170
72,360,117575,5,0,0:0:0:0:
56,332,117653,1,0,0:0:0:0:
45,302,117732,1,0,0:0:0:0:
39,271,117811,1,0,0:0:0:0:
39,239,117891,6,0,P|55:186|77:160,1,85
272,320,118365,1,0,0:0:0:0:
272,320,118681,1,0,0:0:0:0:
336,152,118839,5,0,0:0:0:0:
314,115,118917,1,0,0:0:0:0:
283,86,118996,1,0,0:0:0:0:
246,66,119075,1,0,0:0:0:0:
208,56,119154,2,0,L|48:112,1,170
128,288,119628,2,0,P|168:240|280:208,1,170
400,336,120102,5,0,0:0:0:0:
421,299,120180,1,0,0:0:0:0:
435,259,120259,1,0,0:0:0:0:
439,217,120339,1,0,0:0:0:0:
435,174,120418,2,0,P|392:200|440:128,1,255.000009727478
248,48,121365,6,0,L|240:96,1,42.5
312,168,121523,1,0,0:0:0:0:
312,168,121602,1,0,0:0:0:0:
312,168,121681,2,0,L|336:344,1,170
176,248,122154,2,0,P|152:192|56:136,1,170
176,352,122628,5,0,0:0:0:0:
215,337,122706,1,0,0:0:0:0:
248,311,122785,1,0,0:0:0:0:
271,275,122864,1,0,0:0:0:0:
280,234,122944,2,0,L|264:144,2,85
376,312,123417,5,0,0:0:0:0:
384,64,123575,1,0,0:0:0:0:
176,248,123733,2,0,P|180:305|184:248,1,170
136,168,124207,1,0,0:0:0:0:
256,192,134312,5,8,0:3:0:0:
200,80,134470,1,0,0:0:0:0:
160,272,134628,1,8,0:3:0:0:
352,144,134786,1,0,0:0:0:0:
128,88,134944,5,8,0:3:0:0:
232,344,135102,1,0,0:0:0:0:
360,32,135260,1,8,0:3:0:0:
152,160,135418,1,0,0:0:0:0:
360,272,135575,5,8,0:3:0:0:
280,88,135733,1,0,0:0:0:0:
168,320,135891,1,8,0:3:0:0:
320,200,136049,1,0,0:0:0:0:
72,128,136207,5,8,0:3:0:0:
176,360,136365,1,0,0:0:0:0:
352,160,136523,2,0,B|360:96|360:96|352:24,1,136,8|0,0:3|0:0,0:0:0:0:
160,288,136839,5,8,0:3:0:0:
184,80,136996,1,0,0:0:0:0:
352,352,137154,1,8,0:3:0:0:
296,64,137312,1,0,0:0:0:0:
216,248,137470,5,8,0:3:0:0:
448,176,137628,1,0,0:0:0:0:
232,0,137786,1,8,0:3:0:0:
264,336,137944,1,0,0:0:0:0:
360,168,138102,5,8,0:3:0:0:
136,224,138260,1,0,0:0:0:0:
344,320,138418,1,8,0:3:0:0:
296,64,138575,1,0,0:0:0:0:
224,248,138733,5,8,0:3:0:0:
392,80,138891,1,0,0:0:0:0:
168,128,139049,1,8,0:3:0:0:
160,152,139128,1,0,0:0:0:0:
152,176,139207,1,0,0:0:0:0:
144,200,139286,1,0,0:0:0:0:
136,224,139365,2,0,B|152:288|152:288|208:336,1,136,8|0,0:3|0:0,0:0:0:0:
392,136,139681,6,0,L|408:0,1,136,8|0,0:3|0:0,0:0:0:0:
224,240,139996,2,0,L|208:104,1,136,8|0,0:3|0:0,0:0:0:0:
448,352,140312,2,0,L|464:216,1,136,8|0,0:3|0:0,0:0:0:0:
288,56,140628,5,8,0:3:0:0:
272,336,140786,1,0,0:0:0:0:
464,184,140944,1,8,0:3:0:0:
160,128,141102,1,0,0:0:0:0:
288,360,141260,5,8,0:3:0:0:
392,64,141418,1,0,0:0:0:0:
240,288,141575,1,8,0:3:0:0:
192,16,141733,1,0,0:0:0:0:
376,200,141891,6,0,P|392:272|376:336,1,136,8|0,0:3|0:0,0:0:0:0:
176,168,142207,1,8,0:3:0:0:
176,168,142365,2,0,P|160:96|176:32,1,136,0|8,0:0|0:3,0:0:0:0:
304,264,142681,1,0,0:0:0:0:
304,264,142839,2,0,P|264:326|207:360,1,136,8|0,0:3|0:0,0:0:0:0:
248,104,143154,1,8,0:3:0:0:
248,104,143312,2,0,P|319:88|384:104,1,136,0|8,0:0|0:3,0:0:0:0:
448,296,143628,5,0,0:0:0:0:
232,216,143786,1,8,0:3:0:0:
400,128,143944,1,0,0:0:0:0:
360,352,144102,1,8,0:3:0:0:
280,48,144260,1,0,0:0:0:0:
400,256,144418,5,8,0:3:0:0:
152,80,144575,1,0,0:0:0:0:
384,40,144733,1,8,0:3:0:0:
168,320,144891,1,0,0:0:0:0:
136,48,145049,5,8,0:3:0:0:
288,216,145207,1,0,0:0:0:0:
80,208,145365,1,8,0:3:0:0:
240,56,145523,1,0,0:0:0:0:
184,352,145681,5,8,0:3:0:0:
96,112,145839,1,0,0:0:0:0:
336,232,145996,1,8,0:3:0:0:
96,304,146154,1,0,0:0:0:0:
272,24,146312,5,8,0:3:0:0:
368,352,146470,1,0,0:0:0:0:
248,112,146628,1,8,0:3:0:0:
160,376,146786,1,0,0:0:0:0:
352,136,146944,5,8,0:3:0:0:
120,200,147102,1,0,0:0:0:0:
304,320,147260,1,8,0:3:0:0:
248,8,147418,1,0,0:0:0:0:
136,272,147575,5,8,0:3:0:0:
440,184,147733,1,0,0:0:0:0:
144,72,147891,1,8,0:3:0:0:
144,72,148049,1,0,0:0:0:0:
152,168,148207,6,0,P|216:128|248:64,1,136,8|0,0:3|0:0,0:0:0:0:
384,0,148523,1,8,0:3:0:0:
480,120,148681,2,0,P|463:193|485:261,1,136,0|8,0:0|0:3,0:0:0:0:
384,376,148996,1,0,0:0:0:0:
304,216,149154,5,8,0:3:0:0:
288,200,149233,1,0,0:0:0:0:
272,184,149312,1,0,0:0:0:0:
256,168,149391,1,0,0:0:0:0:
240,152,149470,2,0,B|176:128|176:128|104:128,1,136,8|0,0:3|0:0,0:0:0:0:
48,320,149786,5,8,0:3:0:0:
232,256,149944,1,0,0:0:0:0:
80,152,150102,1,8,0:3:0:0:
160,384,150260,1,0,0:0:0:0:
272,72,150418,1,8,0:3:0:0:
136,240,150575,1,0,0:0:0:0:
416,184,150733,5,8,0:3:0:0:
152,32,150891,1,0,0:0:0:0:
232,344,151049,1,8,0:3:0:0:
336,128,151207,1,0,0:0:0:0:
80,176,151365,1,8,0:3:0:0:
328,312,151523,1,0,0:0:0:0:
248,16,151681,1,8,0:3:0:0:
192,240,151839,1,0,0:0:0:0:
328,48,151996,5,8,0:3:0:0:
408,312,152154,1,0,0:0:0:0:
176,152,152312,1,8,0:3:0:0:
176,152,152391,1,8,0:3:0:0:
176,152,152470,2,0,B|168:88|168:88|168:16,1,136,8|0,0:3|0:0,0:0:0:0:
416,320,152786,1,8,0:3:0:0:
416,320,152865,1,8,0:3:0:0:
416,320,152944,2,0,B|424:256|424:256|424:184,1,136,8|0,0:3|0:0,0:0:0:0:
144,376,153260,5,8,0:3:0:0:
144,376,153339,1,8,0:3:0:0:
144,376,153418,2,0,B|136:312|136:312|136:240,1,136,8|0,0:3|0:0,0:0:0:0:
264,40,153733,5,8,0:3:0:0:
272,64,153812,1,0,0:0:0:0:
280,88,153891,1,8,0:3:0:0:
288,112,153970,1,0,0:0:0:0:
296,136,154049,1,8,0:3:0:0:
304,160,154128,1,0,0:0:0:0:
312,184,154207,5,8,0:3:0:0:
320,208,154286,1,8,0:3:0:0:
328,232,154365,1,8,0:3:0:0:
336,256,154444,1,8,0:3:0:0:
344,280,154523,2,0,P|408:280|328:320,1,255.000009727478
152,304,155470,5,0,0:0:0:0:
160,273,155548,1,0,0:0:0:0:
174,245,155627,1,0,0:0:0:0:
195,220,155706,1,0,0:0:0:0:
220,201,155786,6,0,P|256:176|224:184,1,127.500004863739
336,136,156260,2,0,P|352:200|336:264,1,127.500004863739
248,320,156733,1,0,0:0:0:0:
400,360,156891,1,0,0:0:0:0:
400,360,156970,1,0,0:0:0:0:
400,360,157049,2,0,B|432:336|432:336|464:240,1,127.500004863739
360,152,157523,2,0,B|328:128|328:128|296:32,1,127.500004863739
144,88,157996,5,0,0:0:0:0:
136,112,158075,1,0,0:0:0:0:
128,136,158154,1,0,0:0:0:0:
120,160,158233,1,0,0:0:0:0:
112,184,158312,6,0,P|120:224|128:248,1,63.7500024318696,8|0,0:3|0:0,0:0:0:0:
264,344,158628,1,0,0:0:0:0:
264,344,158786,2,0,P|296:320|336:320,1,63.7500024318696,8|0,0:3|0:0,0:0:0:0:
472,264,159102,5,0,0:0:0:0:
360,136,159260,1,0,0:0:0:0:
344,336,159418,1,0,0:0:0:0:
472,240,159575,2,0,P|472:208|448:248,1,127.500004863739
336,256,160049,2,0,P|336:192|376:128,1,127.500004863739
464,96,160523,5,0,0:0:0:0:
446,69,160601,1,0,0:0:0:0:
422,48,160680,1,0,0:0:0:0:
393,35,160759,1,0,0:0:0:0:
361,30,160839,6,0,L|336:112,1,63.7500024318696,8|0,0:3|0:0,0:0:0:0:
264,192,161154,2,0,P|240:160|208:144,1,63.7500024318696
184,224,161470,2,0,P|144:218|110:229,1,63.7500024318696
156,301,161786,1,0,0:0:0:0:
128,128,161944,1,0,0:0:0:0:
128,128,162023,1,0,0:0:0:0:
128,128,162102,2,0,L|184:8,1,127.500004863739
296,112,162575,2,0,P|344:88|416:96,1,127.500004863739
448,240,163049,5,0,0:0:0:0:
448,256,163128,1,0,0:0:0:0:
448,272,163207,1,0,0:0:0:0:
448,288,163286,1,0,0:0:0:0:
448,304,163365,2,0,L|448:352,3,42.5000016212464,8|8|8|8,0:3|0:3|0:3|0:3,0:0:0:0:
296,216,163996,5,8,0:3:0:0:
296,184,164102,1,8,0:3:0:0:
296,152,164207,1,8,0:3:0:0:
296,120,164312,2,0,B|280:72|280:72|240:40,1,85.0000032424928,8|0,0:3|0:0,0:0:0:0:
208,128,164628,6,0,P|205:165|197:111,1,255.000009727478
288,296,165575,1,0,0:0:0:0:
296,272,165654,1,0,0:0:0:0:
304,248,165733,1,0,0:0:0:0:
312,224,165812,1,0,0:0:0:0:
320,200,165891,2,0,B|320:136|320:136|296:72,1,127.500004863739,8|0,0:3|0:0,0:0:0:0:
200,152,166365,2,0,P|168:120|192:184,1,191.250007295609
240,352,166996,5,0,0:0:0:0:
240,352,167075,1,0,0:0:0:0:
240,352,167154,2,0,P|184:328|112:336,1,127.500004863739
104,192,167628,2,0,P|80:160|0:120,1,127.500004863739
176,24,168102,5,0,0:0:0:0:
207,29,168180,1,0,0:0:0:0:
236,42,168259,1,0,0:0:0:0:
261,62,168338,1,0,0:0:0:0:
279,87,168418,2,0,L|304:224,1,127.500004863739,8|0,0:3|0:0,0:0:0:0:
400,344,168891,1,0,0:0:0:0:
480,192,169049,5,8,0:3:0:0:
448,160,169154,1,8,0:3:0:0:
416,128,169260,1,8,0:3:0:0:
384,96,169365,1,8,0:3:0:0:
352,64,169470,1,8,0:3:0:0:
320,32,169575,1,8,0:3:0:0:
288,96,169681,2,0,L|288:232,1,127.500004863739,8|0,0:3|0:0,0:0:0:0:
224,352,170154,2,0,P|192:320|96:288,1,127.500004863739
32,192,170628,5,0,0:0:0:0:
48,176,170707,1,0,0:0:0:0:
64,160,170786,1,0,0:0:0:0:
80,144,170865,1,0,0:0:0:0:
96,128,170944,2,0,P|160:112|224:128,1,127.500004863739,8|0,0:3|0:0,0:0:0:0:
304,240,171418,2,0,P|360:272|312:224,1,191.250007295609
432,144,172049,5,0,0:0:0:0:
432,144,172128,1,0,0:0:0:0:
432,144,172207,2,0,L|488:272,1,127.500004863739
408,360,172681,1,0,0:0:0:0:
408,360,172760,1,0,0:0:0:0:
408,360,172839,2,0,P|368:352|336:360,1,63.7500024318696,8|0,0:3|0:0,0:0:0:0:
192,240,173154,1,0,0:0:0:0:
328,328,173312,1,0,0:0:0:0:
160,352,173470,5,8,0:3:0:0:
128,320,173575,1,8,0:3:0:0:
96,288,173681,1,8,0:3:0:0:
64,256,173786,2,0,L|64:192,1,63.7500024318696,8|0,0:3|0:0,0:0:0:0:
176,40,174102,5,8,0:3:0:0:
213,59,174207,1,8,0:3:0:0:
247,85,174312,1,8,0:3:0:0:
274,117,174418,2,0,L|288:176,3,42.5000016212464,8|8|8|0,0:3|0:3|0:3|0:3,0:0:0:0:
256,192,174891,12,0,176628,0:0:0:0:
