osu file format v14

[General]
AudioFilename: audio.mp3
AudioLeadIn: 0
PreviewTime: 19219
Countdown: 0
SampleSet: Soft
StackLeniency: 1
Mode: 0
LetterboxInBreaks: 0
WidescreenStoryboard: 1

[Editor]
DistanceSpacing: 0.8
BeatDivisor: 4
GridSize: 16
TimelineZoom: 0.9

[Metadata]
Title:Heart 111
TitleUnicode:ハート111
Artist:Yuri
ArtistUnicode:ゆーり
Creator:Shushhs
Version:111
Source:
Tags:Japanese ゆーり Heart111
BeatmapID:4612193
BeatmapSetID:2180675

[Difficulty]
HPDrainRate:8.5
CircleSize:5.6
OverallDifficulty:10
ApproachRate:10
SliderMultiplier:1.4
SliderTickRate:1

[Events]
//Background and Video events
0,0,"Heart111.png",0,0
Video,0,"Heart 111 - Yuri.mp4"
//Break Periods
2,49187,50352
2,52908,54538
2,56628,57794
//Storyboard Layer 0 (Background)
//Storyboard Layer 1 (Fail)
//Storyboard Layer 2 (Pass)
//Storyboard Layer 3 (Foreground)
//Storyboard Layer 4 (Overlay)
//Storyboard Sound Samples

[TimingPoints]
615,465.116279069767,4,2,0,60,1,0


[Colours]
Combo1 : 217,217,217
Combo2 : 255,57,57

[HitObjects]
80,208,615,6,0,L|32:256,2,35
432,176,1080,2,0,L|480:128,2,35
160,304,1545,2,0,L|208:352,2,35
240,48,2010,2,0,L|192:0,2,35
128,48,2475,1,0,0:0:0:0:
400,256,2940,1,0,0:0:0:0:
48,208,3405,1,0,0:0:0:0:
432,128,3870,2,0,L|304:48,1,140
96,256,4801,5,0,0:0:0:0:
256,48,5033,1,0,0:0:0:0:
400,256,5266,1,0,0:0:0:0:
64,128,5498,1,0,0:0:0:0:
448,224,5731,1,0,0:0:0:0:
176,128,5963,1,0,0:0:0:0:
208,320,6196,1,0,0:0:0:0:
160,256,6661,1,0,0:0:0:0:
272,48,6894,1,0,0:0:0:0:
368,224,7126,1,0,0:0:0:0:
96,80,7359,1,0,0:0:0:0:
32,288,7591,1,0,0:0:0:0:
384,80,7824,1,0,0:0:0:0:
448,288,8056,1,0,0:0:0:0:
240,128,8521,5,0,0:0:0:0:
304,224,8754,1,0,0:0:0:0:
416,48,8987,1,0,0:0:0:0:
64,320,9219,1,0,0:0:0:0:
256,112,9452,1,0,0:0:0:0:
336,208,9684,1,0,0:0:0:0:
192,272,9917,1,0,0:0:0:0:
192,112,10382,2,0,L|336:192,1,140
160,64,12242,5,0,0:0:0:0:
352,320,12475,1,0,0:0:0:0:
144,32,12708,1,0,0:0:0:0:
400,336,12940,1,0,0:0:0:0:
96,112,13173,2,0,L|192:112,2,70
224,272,14103,1,0,0:0:0:0:
304,112,14335,1,0,0:0:0:0:
304,256,14568,1,0,0:0:0:0:
432,96,14801,1,0,0:0:0:0:
80,192,15033,2,0,L|160:192,1,70
416,192,15498,1,0,0:0:0:0:
128,64,15963,5,0,0:0:0:0:
432,320,16196,1,0,0:0:0:0:
400,288,16428,1,0,0:0:0:0:
288,304,16661,1,0,0:0:0:0:
80,64,16894,1,0,0:0:0:0:
256,176,17126,1,0,0:0:0:0:
256,176,17359,1,0,0:0:0:0:
432,320,17824,1,0,0:0:0:0:
352,256,18056,1,0,0:0:0:0:
176,128,18289,1,0,0:0:0:0:
64,32,18521,1,0,0:0:0:0:
256,64,18754,2,0,L|256:224,1,140
208,256,19684,5,0,0:0:0:0:
304,192,19917,1,0,0:0:0:0:
128,144,20149,1,0,0:0:0:0:
368,96,20382,1,0,0:0:0:0:
176,48,20614,1,0,0:0:0:0:
336,320,20847,1,0,0:0:0:0:
80,160,21080,1,0,0:0:0:0:
80,192,21312,1,0,0:0:0:0:
432,224,21545,1,0,0:0:0:0:
432,192,21777,1,0,0:0:0:0:
256,48,22010,1,0,0:0:0:0:
128,304,22242,1,0,0:0:0:0:
256,80,22940,5,0,0:0:0:0:
96,320,23405,1,0,0:0:0:0:
208,112,23638,1,0,0:0:0:0:
384,304,23870,1,0,0:0:0:0:
96,96,24103,1,0,0:0:0:0:
416,48,24335,1,0,0:0:0:0:
128,64,24568,1,0,0:0:0:0:
256,48,24801,1,0,0:0:0:0:
32,176,25033,1,0,0:0:0:0:
256,256,25266,1,0,0:0:0:0:
256,96,25498,1,0,0:0:0:0:
464,192,25731,1,0,0:0:0:0:
256,192,25963,12,0,26661,0:0:0:0:
48,192,27126,5,0,0:0:0:0:
192,32,27359,1,0,0:0:0:0:
352,192,27591,1,0,0:0:0:0:
192,336,27824,1,0,0:0:0:0:
464,176,28056,1,0,0:0:0:0:
64,192,28289,1,0,0:0:0:0:
368,112,28521,2,0,L|448:112,2,70
352,304,29219,1,0,0:0:0:0:
256,80,29452,1,0,0:0:0:0:
32,192,29684,1,0,0:0:0:0:
288,192,29917,1,0,0:0:0:0:
256,192,30382,1,0,0:0:0:0:
96,144,30847,6,0,L|16:80,1,70
400,112,31312,2,0,L|464:176,1,70
192,160,31777,2,0,L|96:160,1,70
240,256,32242,1,0,0:0:0:0:
240,192,32475,1,0,0:0:0:0:
464,320,32708,1,0,0:0:0:0:
96,80,32940,1,0,0:0:0:0:
448,240,33173,1,0,0:0:0:0:
80,48,33405,1,0,0:0:0:0:
80,304,33638,1,0,0:0:0:0:
224,192,33870,1,0,0:0:0:0:
256,192,34103,1,0,0:0:0:0:
256,192,34568,5,0,0:0:0:0:
96,64,34801,1,0,0:0:0:0:
256,192,35033,1,0,0:0:0:0:
416,64,35266,1,0,0:0:0:0:
256,192,35498,1,0,0:0:0:0:
416,320,35731,1,0,0:0:0:0:
256,192,35963,1,0,0:0:0:0:
352,288,36196,1,0,0:0:0:0:
80,256,36428,1,0,0:0:0:0:
144,64,36661,1,0,0:0:0:0:
368,128,36894,1,0,0:0:0:0:
64,320,37126,1,0,0:0:0:0:
256,192,37824,5,0,0:0:0:0:
432,32,38289,1,0,0:0:0:0:
352,272,38521,1,0,0:0:0:0:
320,48,38754,1,0,0:0:0:0:
256,288,38987,1,0,0:0:0:0:
64,48,39219,1,0,0:0:0:0:
176,304,39452,1,0,0:0:0:0:
64,64,39684,1,0,0:0:0:0:
368,272,39917,1,0,0:0:0:0:
160,64,40149,1,0,0:0:0:0:
160,288,40382,1,0,0:0:0:0:
256,64,40614,1,0,0:0:0:0:
256,192,40847,12,0,41545,0:0:0:0:
384,192,42010,5,0,0:0:0:0:
128,64,42242,1,0,0:0:0:0:
192,240,42475,1,0,0:0:0:0:
64,80,42708,1,0,0:0:0:0:
368,48,42940,1,0,0:0:0:0:
208,304,43173,1,0,0:0:0:0:
256,192,43405,1,0,0:0:0:0:
256,240,43638,1,0,0:0:0:0:
112,128,43870,1,0,0:0:0:0:
480,288,44103,1,0,0:0:0:0:
192,32,44335,1,0,0:0:0:0:
96,320,44568,1,0,0:0:0:0:
256,192,44801,1,0,0:0:0:0:
432,80,45266,1,0,0:0:0:0:
112,240,45731,5,0,0:0:0:0:
112,160,45963,1,0,0:0:0:0:
256,240,46196,1,0,0:0:0:0:
256,112,46428,1,0,0:0:0:0:
400,240,46661,1,0,0:0:0:0:
400,48,46894,1,0,0:0:0:0:
112,48,47126,1,0,0:0:0:0:
400,336,47359,1,0,0:0:0:0:
400,48,47591,1,0,0:0:0:0:
112,336,47824,1,0,0:0:0:0:
256,192,48056,1,0,0:0:0:0:
256,256,48289,2,0,L|256:336,2,70
256,192,48987,1,0,0:0:0:0:
144,64,50847,5,0,0:0:0:0:
208,208,51080,1,0,0:0:0:0:
144,64,51312,1,0,0:0:0:0:
336,176,51545,1,0,0:0:0:0:
128,80,51777,1,0,0:0:0:0:
256,192,52708,1,0,0:0:0:0:
64,192,55033,5,0,0:0:0:0:
448,192,55498,1,0,0:0:0:0:
256,192,56428,1,0,0:0:0:0:
192,32,58289,5,0,0:0:0:0:
320,352,58521,1,0,0:0:0:0:
256,32,58754,1,0,0:0:0:0:
256,352,58987,1,0,0:0:0:0:
320,32,59219,1,0,0:0:0:0:
192,352,59452,1,0,0:0:0:0:
256,192,60149,1,0,0:0:0:0:
256,192,61080,12,0,62940,0:0:0:0:
256,192,63405,5,0,0:0:0:0:
256,192,63870,1,0,0:0:0:0:
208,304,64335,1,0,0:0:0:0:
256,80,64568,1,0,0:0:0:0:
304,304,64801,1,0,0:0:0:0:
256,48,65033,1,0,0:0:0:0:
208,304,65266,1,0,0:0:0:0:
256,32,65498,1,0,0:0:0:0:
96,48,65731,1,0,0:0:0:0:
416,48,65963,1,0,0:0:0:0:
96,320,66196,1,0,0:0:0:0:
416,320,66428,1,0,0:0:0:0:
256,32,66661,1,0,0:0:0:0:
256,320,66894,1,0,0:0:0:0:
256,192,67591,5,0,0:0:0:0:
64,256,68056,1,0,0:0:0:0:
336,128,68289,1,0,0:0:0:0:
192,64,68521,1,0,0:0:0:0:
320,336,68754,1,0,0:0:0:0:
416,80,68987,1,0,0:0:0:0:
112,256,69219,1,0,0:0:0:0:
432,256,69452,1,0,0:0:0:0:
80,80,69684,1,0,0:0:0:0:
160,304,69917,1,0,0:0:0:0:
256,48,70149,1,0,0:0:0:0:
320,288,70382,1,0,0:0:0:0:
256,192,70614,12,0,71312,0:0:0:0:
48,32,71777,5,0,0:0:0:0:
160,144,72010,1,0,0:0:0:0:
448,304,72242,1,0,0:0:0:0:
336,208,72475,1,0,0:0:0:0:
96,320,72708,1,0,0:0:0:0:
336,96,72940,1,0,0:0:0:0:
256,32,73173,1,0,0:0:0:0:
256,144,73405,1,0,0:0:0:0:
48,192,73638,1,0,0:0:0:0:
256,192,73870,1,0,0:0:0:0:
432,320,74103,1,0,0:0:0:0:
256,192,74335,1,0,0:0:0:0:
112,192,74568,2,0,L|256:192,1,140
304,304,75498,5,0,0:0:0:0:
240,96,75731,1,0,0:0:0:0:
208,240,75963,1,0,0:0:0:0:
400,128,76196,1,0,0:0:0:0:
96,304,76428,1,0,0:0:0:0:
256,64,76661,1,0,0:0:0:0:
256,192,76894,1,0,0:0:0:0:
336,80,77126,1,0,0:0:0:0:
256,192,77359,1,0,0:0:0:0:
160,80,77591,1,0,0:0:0:0:
256,320,77824,1,0,0:0:0:0:
256,64,78056,2,0,L|256:160,2,70
256,192,78754,5,0,0:0:0:0:
64,192,79219,1,0,0:0:0:0:
448,192,79452,1,0,0:0:0:0:
256,192,79684,1,0,0:0:0:0:
144,48,80149,1,0,0:0:0:0:
192,304,80382,1,0,0:0:0:0:
48,80,80614,1,0,0:0:0:0:
320,288,80847,1,0,0:0:0:0:
256,48,81080,1,0,0:0:0:0:
416,192,81312,1,0,0:0:0:0:
48,304,81545,1,0,0:0:0:0:
48,32,82010,2,0,L|128:96,2,70
464,352,82940,2,0,L|384:288,2,70
256,192,83870,5,0,0:0:0:0:
128,96,84103,1,0,0:0:0:0:
128,160,84219,1,0,0:0:0:0:
256,192,84335,1,0,0:0:0:0:
400,128,84568,1,0,0:0:0:0:
400,288,84801,1,0,0:0:0:0:
224,80,85033,1,0,0:0:0:0:
96,304,85266,1,0,0:0:0:0:
256,64,85498,1,0,0:0:0:0:
288,80,85963,5,0,0:0:0:0:
208,160,86080,1,0,0:0:0:0:
336,192,86196,1,0,0:0:0:0:
64,32,86661,1,0,0:0:0:0:
112,80,86894,1,0,0:0:0:0:
432,32,87126,1,0,0:0:0:0:
416,320,87591,1,0,0:0:0:0:
80,240,87824,1,0,0:0:0:0:
352,64,88056,1,0,0:0:0:0:
240,320,88289,1,0,0:0:0:0:
128,48,88521,1,0,0:0:0:0:
432,48,88754,1,0,0:0:0:0:
128,224,88987,1,0,0:0:0:0:
256,32,89452,5,0,0:0:0:0:
256,192,89684,1,0,0:0:0:0:
80,48,89917,1,0,0:0:0:0:
256,192,90382,2,0,L|336:128,2,70
96,64,91312,1,0,0:0:0:0:
160,288,91545,1,0,0:0:0:0:
240,256,91661,1,0,0:0:0:0:
304,208,91777,1,0,0:0:0:0:
368,80,92010,1,0,0:0:0:0:
192,144,92242,1,0,0:0:0:0:
400,304,92475,1,0,0:0:0:0:
80,64,92708,1,0,0:0:0:0:
80,48,92940,1,0,0:0:0:0:
464,112,93173,1,0,0:0:0:0:
64,32,93638,5,0,0:0:0:0:
384,320,94103,1,0,0:0:0:0:
384,32,94335,1,0,0:0:0:0:
272,304,94568,1,0,0:0:0:0:
288,64,94801,1,0,0:0:0:0:
192,256,95033,1,0,0:0:0:0:
192,128,95266,1,0,0:0:0:0:
80,80,95498,1,0,0:0:0:0:
144,144,95731,1,0,0:0:0:0:
464,288,95963,1,0,0:0:0:0:
256,48,96196,1,0,0:0:0:0:
256,192,96428,1,0,0:0:0:0:
256,192,96661,1,0,0:0:0:0:
256,192,97359,5,0,0:0:0:0:
96,48,97824,1,0,0:0:0:0:
416,48,98056,1,0,0:0:0:0:
48,112,98289,1,0,0:0:0:0:
464,112,98521,1,0,0:0:0:0:
400,256,98754,1,0,0:0:0:0:
128,32,98987,1,0,0:0:0:0:
176,256,99219,1,0,0:0:0:0:
416,304,99452,1,0,0:0:0:0:
272,64,99684,1,0,0:0:0:0:
432,304,99917,1,0,0:0:0:0:
432,48,100149,1,0,0:0:0:0:
80,192,100382,2,0,L|176:192,1,70
256,192,101080,5,0,0:0:0:0:
64,64,101545,1,0,0:0:0:0:
160,192,101777,1,0,0:0:0:0:
416,192,102010,1,0,0:0:0:0:
240,64,102242,1,0,0:0:0:0:
272,288,102475,1,0,0:0:0:0:
128,96,102708,1,0,0:0:0:0:
384,64,102940,1,0,0:0:0:0:
256,176,103173,1,0,0:0:0:0:
432,160,103405,1,0,0:0:0:0:
256,176,103638,1,0,0:0:0:0:
464,288,103870,1,0,0:0:0:0:
256,80,104103,1,0,0:0:0:0:
256,64,105266,5,0,0:0:0:0:
256,320,105498,1,0,0:0:0:0:
256,112,105731,1,0,0:0:0:0:
256,240,105963,1,0,0:0:0:0:
256,160,106196,1,0,0:0:0:0:
256,208,106428,1,0,0:0:0:0:
48,48,106661,1,0,0:0:0:0:
464,48,106894,1,0,0:0:0:0:
48,336,107126,1,0,0:0:0:0:
464,336,107359,1,0,0:0:0:0:
48,48,107591,1,0,0:0:0:0:
256,192,107824,1,0,0:0:0:0:
256,192,108056,1,0,0:0:0:0:
256,192,108289,1,0,0:0:0:0:
