osu file format v14

[General]
AudioFilename: Sarashiki-Warpath-_1_.mp3
AudioLeadIn: 0
PreviewTime: 16274
Countdown: 0
SampleSet: Soft
StackLeniency: 0.7
Mode: 0
LetterboxInBreaks: 0
WidescreenStoryboard: 1

[Editor]
Bookmarks: 9652
DistanceSpacing: 1.2
BeatDivisor: 4
GridSize: 16
TimelineZoom: 0.8898741

[Metadata]
Title:Phonk Pack
TitleUnicode:Phonk Pack
Artist:Phonk Pack
ArtistUnicode:Phonk Pack
Creator:weldon1232
Version:song #7
Source:
Tags:
BeatmapID:3894211
BeatmapSetID:1863371

[Difficulty]
HPDrainRate:5
CircleSize:4
OverallDifficulty:5
ApproachRate:9.6
SliderMultiplier:2.3
SliderTickRate:1

[Events]
//Background and Video events
0,0,"16530129449360.png",0,0
//Break Periods
2,14185,15765
2,65033,68646
//Storyboard Layer 0 (Background)
//Storyboard Layer 1 (Fail)
//Storyboard Layer 2 (Pass)
//Storyboard Layer 3 (Foreground)
//Storyboard Layer 4 (Overlay)
//Storyboard Sound Samples

[TimingPoints]
3,508.474576271187,4,2,0,100,1,0
16274,-100,4,2,0,100,0,1
24536,-100,4,2,0,100,0,0
113901,-100,4,2,0,100,0,1
122036,-100,4,2,0,100,0,0


[Colours]
Combo1 : 255,255,128
Combo2 : 237,221,213
Combo3 : 206,188,178
Combo4 : 0,0,128
Combo5 : 255,128,0
Combo6 : 0,128,128

[HitObjects]
72,57,3,5,0,0:0:0:0:
370,89,384,2,0,L|325:149,3,57.5
107,253,1019,1,0,0:0:0:0:
46,55,1401,2,0,L|112:96,1,57.5
252,121,1655,2,0,L|208:166,1,57.5
39,335,2036,5,0,0:0:0:0:
414,305,2418,2,0,L|361:257,1,57.5
259,191,2672,2,0,L|227:243,1,57.5
49,338,3053,1,0,0:0:0:0:
254,90,3435,1,0,0:0:0:0:
437,282,3562,2,0,L|390:243,2,57.5
66,195,4070,5,0,0:0:0:0:
339,204,4452,2,0,L|288:172,1,57.5
212,135,4706,2,0,L|192:197,1,57.5
63,349,5087,1,0,0:0:0:0:
45,60,5469,2,0,L|100:94,1,57.5
254,190,5723,1,0,0:0:0:0:
254,190,5850,1,0,0:0:0:0:
418,60,6104,2,0,P|431:135|394:237,1,172.5
241,198,6613,2,0,L|237:276,2,57.5
42,331,7121,5,0,0:0:0:0:
127,90,7503,2,0,L|181:143,1,57.5
397,200,7757,1,0,0:0:0:0:
397,200,7884,1,0,0:0:0:0:
397,200,8011,1,0,0:0:0:0:
397,200,8138,1,0,0:0:0:0:
165,84,8519,6,0,L|131:132,1,57.5
120,253,8774,2,0,L|188:215,1,57.5
403,122,9155,5,0,0:0:0:0:
421,324,9536,2,0,P|368:269|363:271,1,57.5
190,146,9791,1,0,0:0:0:0:
190,146,9918,1,0,0:0:0:0:
434,48,10172,1,0,0:0:0:0:
393,216,10553,2,0,L|455:175,1,57.5
263,68,10808,1,0,0:0:0:0:
263,68,10935,1,0,0:0:0:0:
98,190,11189,5,0,0:0:0:0:
252,309,11570,2,0,L|299:262,1,57.5
271,155,11825,2,0,L|231:205,1,57.5
56,62,12206,5,0,0:0:0:0:
91,196,12587,2,0,L|141:240,1,57.5
259,313,12969,1,0,0:0:0:0:
259,313,13223,1,0,0:0:0:0:
470,316,13604,2,0,L|434:250,1,57.5
308,201,13858,2,0,L|345:264,1,57.5
76,88,16274,6,0,L|135:138,2,57.5
126,319,16782,1,0,0:0:0:0:
285,177,16909,1,0,0:0:0:0:
352,324,17036,1,0,0:0:0:0:
117,180,17164,1,0,0:0:0:0:
67,86,17291,6,0,P|139:59|194:58,1,115
370,78,17672,2,0,L|403:144,1,57.5
259,290,17926,1,0,0:0:0:0:
259,290,18053,1,0,0:0:0:0:
65,290,18308,6,0,L|106:239,2,57.5
381,268,18816,2,0,P|364:197|361:196,1,57.5
212,211,19070,2,0,P|252:157|255:159,1,57.5
349,64,19325,1,0,0:0:0:0:
462,315,19579,2,0,P|431:240|427:236,1,57.5
302,195,19833,1,0,0:0:0:0:
43,332,19960,5,0,0:0:0:0:
43,332,20087,1,0,0:0:0:0:
43,332,20214,1,0,0:0:0:0:
43,332,20341,1,0,0:0:0:0:
118,108,20469,6,0,L|156:157,1,57.5
386,95,20850,1,0,0:0:0:0:
261,288,20977,1,0,0:0:0:0:
187,96,21104,1,0,0:0:0:0:
386,95,21231,1,0,0:0:0:0:
449,320,21358,6,0,P|448:246|426:199,1,115
281,99,21740,2,0,L|248:158,1,57.5
56,97,21994,1,0,0:0:0:0:
144,295,22121,1,0,0:0:0:0:
449,319,22375,6,0,P|422:249|421:249,1,57.5
263,91,22630,2,0,L|289:108,3,19.1666666666667
50,266,22884,1,0,0:0:0:0:
50,266,23011,1,0,0:0:0:0:
68,118,23138,2,0,P|126:73|130:73,2,57.5
312,205,23519,1,0,0:0:0:0:
468,69,23647,1,0,0:0:0:0:
478,297,23774,1,0,0:0:0:0:
99,333,23901,6,0,P|122:258|139:238,4,57.5
261,99,24536,1,0,0:0:0:0:
468,209,24664,1,0,0:0:0:0:
43,340,24918,2,0,P|66:264|81:255,1,57.5
219,189,25172,2,0,P|263:246|261:258,1,57.5
258,338,25426,5,0,0:0:0:0:
157,273,25680,1,0,0:0:0:0:
424,191,25808,1,0,0:0:0:0:
246,46,25935,1,0,0:0:0:0:
74,77,26062,2,0,P|59:137|62:149,1,57.5
44,339,26443,5,0,0:0:0:0:
252,197,26570,1,0,0:0:0:0:
423,333,26697,1,0,0:0:0:0:
464,107,26952,6,0,P|399:68|388:68,1,57.5
214,109,27206,2,0,P|263:64|272:66,1,57.5
383,210,27460,1,0,0:0:0:0:
68,325,27841,2,0,L|123:279,1,57.5
190,128,28096,5,0,0:0:0:0:
190,128,28223,1,0,0:0:0:0:
392,74,28477,1,0,0:0:0:0:
456,337,28604,2,0,P|414:275|406:271,1,57.5
157,197,28986,1,0,0:0:0:0:
45,345,29113,1,0,0:0:0:0:
157,197,29240,1,0,0:0:0:0:
45,345,29367,1,0,0:0:0:0:
48,117,29494,6,0,P|105:64|151:68,1,115
263,67,29875,2,0,L|246:132,1,57.5
263,306,30130,1,0,0:0:0:0:
470,198,30257,1,0,0:0:0:0:
441,46,30511,6,0,P|380:78|375:87,2,57.5
254,122,31019,1,0,0:0:0:0:
131,319,31147,1,0,0:0:0:0:
374,240,31274,1,0,0:0:0:0:
114,169,31401,1,0,0:0:0:0:
328,335,31528,1,0,0:0:0:0:
341,66,31782,6,0,L|389:124,2,57.5
146,80,32164,2,0,P|82:135|82:137,1,57.5
256,192,32418,12,0,34325,0:0:0:0:
446,324,34579,6,0,P|411:260|361:188,1,115
246,128,34960,2,0,L|206:185,1,57.5
49,337,35341,2,0,P|68:261|118:193,1,115
232,82,35850,2,0,P|288:118|293:130,1,57.5
355,274,36104,1,0,0:0:0:0:
457,95,36358,2,0,P|382:66|330:67,1,115
246,87,36867,6,0,L|207:134,1,57.5
58,329,37121,2,0,P|72:253|106:188,2,115
381,306,37884,2,0,P|403:245|400:237,1,57.5
253,123,38138,1,0,0:0:0:0:
253,123,38392,1,0,0:0:0:0:
83,277,38647,1,0,0:0:0:0:
49,48,38901,6,0,L|99:83,2,57.5
336,51,39409,1,0,0:0:0:0:
465,222,39664,1,0,0:0:0:0:
55,315,39918,2,0,L|131:264,1,57.5
166,97,40172,2,0,P|241:142|259:175,2,115
441,316,40935,5,0,0:0:0:0:
254,186,41062,1,0,0:0:0:0:
43,332,41189,2,0,P|70:257|106:193,2,115
122,74,41952,2,0,L|177:110,2,57.5
322,167,42460,2,0,P|329:236|308:286,1,115
36,335,42969,5,0,0:0:0:0:
166,195,43096,1,0,0:0:0:0:
259,334,43223,2,0,P|330:261|356:202,2,115
438,324,43986,1,0,0:0:0:0:
248,189,44113,1,0,0:0:0:0:
86,61,44240,2,0,P|70:140|71:191,2,115
410,71,45003,5,0,0:0:0:0:
242,257,45130,1,0,0:0:0:0:
47,165,45257,2,0,P|111:108|161:92,2,115
327,124,46019,1,0,0:0:0:0:
468,322,46147,1,0,0:0:0:0:
263,328,46274,2,0,L|195:282,2,57.5
40,238,46782,2,0,P|82:177|132:138,1,115
210,77,47164,2,0,L|242:148,1,57.5
301,293,47418,1,0,0:0:0:0:
435,124,47545,1,0,0:0:0:0:
83,151,47799,6,0,P|85:224|97:266,1,115
196,341,48180,1,0,0:0:0:0:
256,102,48308,2,0,P|305:146|334:195,2,115
455,331,49070,6,0,L|403:276,2,57.5
181,146,49579,1,0,0:0:0:0:
181,146,49833,1,0,0:0:0:0:
57,329,50087,2,0,L|90:272,1,57.5
77,82,50341,2,0,P|170:71|188:80,2,115
332,118,51104,6,0,L|364:175,2,57.5
459,325,51613,1,0,0:0:0:0:
459,325,51867,1,0,0:0:0:0:
81,319,52121,5,0,0:0:0:0:
255,144,52248,1,0,0:0:0:0:
346,324,52375,1,0,0:0:0:0:
446,234,52503,2,0,L|389:166,1,57.5
133,70,52884,5,0,0:0:0:0:
64,308,53138,2,0,L|123:255,1,57.5
326,44,53392,2,0,P|385:89|391:135,2,115
460,349,54155,2,0,L|408:302,1,57.5
34,325,54409,2,0,P|55:244|84:206,2,115
275,55,55172,6,0,L|330:95,2,57.5
454,324,55680,2,0,P|426:249|375:206,1,115
190,188,56189,2,0,L|150:234,2,57.5
42,344,56697,2,0,P|52:263|72:214,1,115
255,228,57206,2,0,L|190:182,2,57.5
50,57,57714,2,0,P|120:104|142:140,1,115
284,57,58223,2,0,P|318:121|314:130,2,57.5
423,329,58731,6,0,P|380:248|343:219,1,115
104,338,59240,2,0,L|146:271,2,57.5
483,80,59748,2,0,L|409:177,1,115
294,207,60257,2,0,L|296:128,2,57.5
41,57,60765,2,0,P|92:106|115:152,1,115
76,343,61274,2,0,L|120:280,2,57.5
412,328,61782,2,0,P|373:253|321:205,1,115
175,91,62291,2,0,L|217:149,2,57.5
339,256,62799,2,0,P|381:186|384:143,1,115
74,64,63308,5,0,0:0:0:0:
201,264,63435,1,0,0:0:0:0:
266,73,63562,1,0,0:0:0:0:
419,177,63816,2,0,P|432:251|424:300,1,115
241,338,64325,1,0,0:0:0:0:
57,200,64452,1,0,0:0:0:0:
260,142,64579,1,0,0:0:0:0:
241,338,64833,1,0,0:0:0:0:
66,155,69155,5,0,0:0:0:0:
66,155,69536,1,0,0:0:0:0:
313,98,69918,2,0,P|350:166|359:221,1,115
55,337,70553,1,0,0:0:0:0:
467,205,70935,1,0,0:0:0:0:
261,48,71189,1,0,0:0:0:0:
76,313,71570,5,0,0:0:0:0:
481,175,71952,2,0,L|478:292,1,115
262,324,72587,1,0,0:0:0:0:
262,324,72969,1,0,0:0:0:0:
84,145,73223,5,0,0:0:0:0:
252,40,73604,1,0,0:0:0:0:
439,41,73986,2,0,P|451:113|436:177,1,115
252,266,74621,1,0,0:0:0:0:
34,160,75003,2,0,P|89:103|132:89,1,115
433,198,75638,5,0,0:0:0:0:
285,338,76019,2,0,P|253:273|232:231,1,115
366,92,76655,1,0,0:0:0:0:
366,92,77036,1,0,0:0:0:0:
143,78,77291,6,0,P|93:137|88:238,1,172.5
299,315,78053,2,0,P|306:248|299:193,1,115
454,52,78689,5,0,0:0:0:0:
225,217,79070,1,0,0:0:0:0:
97,94,81358,5,0,0:0:0:0:
257,186,82375,1,0,0:0:0:0:
429,91,82757,2,0,L|454:166,1,57.5
257,317,83138,6,0,P|228:244|185:174,1,115
76,206,83774,1,0,0:0:0:0:
256,102,83901,1,0,0:0:0:0:
475,338,84155,2,0,P|468:255|453:207,1,115
190,168,84791,5,0,0:0:0:0:
373,38,85172,2,0,P|446:77|452:111,1,115
419,279,86316,2,0,L|359:241,1,57.5
207,120,86825,1,0,0:0:0:0:
94,312,86952,1,0,0:0:0:0:
470,337,87206,6,0,P|475:255|458:189,1,115
51,330,87841,1,0,0:0:0:0:
256,191,87969,1,0,0:0:0:0:
40,40,88223,2,0,L|126:133,1,115
466,166,88858,1,0,0:0:0:0:
362,293,88986,1,0,0:0:0:0:
253,202,89240,2,0,B|197:167|197:166|189:154|189:154|210:116,1,115
405,91,89875,2,0,L|433:158,1,57.5
261,302,90257,5,0,0:0:0:0:
69,184,90511,1,0,0:0:0:0:
252,77,90892,2,0,L|300:118,1,57.5
441,337,91274,2,0,P|395:280|350:255,1,115
45,337,91909,1,0,0:0:0:0:
173,88,92291,2,0,P|259:67|314:75,1,115
461,199,92926,1,0,0:0:0:0:
250,246,93308,2,0,P|219:180|180:140,1,115
43,102,94070,1,0,0:0:0:0:
450,245,94325,2,0,B|421:192|421:191|340:173,1,115
192,311,94960,1,0,0:0:0:0:
469,309,95341,6,0,P|444:248|403:190,1,115
250,182,96104,1,0,0:0:0:0:
63,70,96358,2,0,P|52:138|58:210,1,115
62,347,97121,2,0,P|105:295|154:274,2,115
445,253,98011,6,0,L|390:202,1,57.5
183,109,98392,1,0,0:0:0:0:
132,284,98647,1,0,0:0:0:0:
357,315,99028,1,0,0:0:0:0:
357,315,99155,1,0,0:0:0:0:
474,42,99409,2,0,P|479:122|466:172,1,115
186,196,100045,2,0,L|127:129,1,57.5
45,346,100426,6,0,P|94:307|177:300,1,115
423,322,101062,1,0,0:0:0:0:
246,48,101443,2,0,P|245:126|234:178,1,115
44,329,102079,2,0,L|69:256,1,57.5
61,72,102460,2,0,P|139:112|191:166,1,115
394,273,103096,2,0,L|340:191,1,57.5
25,191,103477,2,0,P|94:172|142:152,1,115
210,53,104113,6,0,L|248:106,1,57.5
485,174,104494,2,0,P|477:89|454:49,1,115
265,140,105003,2,0,L|239:197,2,57.5
257,317,105511,6,0,P|228:244|185:174,1,115
76,206,106147,1,0,0:0:0:0:
256,102,106274,1,0,0:0:0:0:
475,338,106528,2,0,P|468:255|453:207,1,115
190,168,107164,5,0,0:0:0:0:
373,38,107545,2,0,P|446:77|452:111,1,115
419,279,108689,2,0,L|359:241,1,57.5
207,120,109198,1,0,0:0:0:0:
94,312,109325,1,0,0:0:0:0:
470,337,109579,6,0,P|475:255|458:189,1,115
51,330,110214,1,0,0:0:0:0:
256,191,110342,1,0,0:0:0:0:
40,40,110596,2,0,L|126:133,1,115
466,166,111231,1,0,0:0:0:0:
362,293,111359,1,0,0:0:0:0:
253,202,111613,2,0,B|197:167|197:166|189:154|189:154|210:116,1,115
76,88,113901,6,0,L|135:138,2,57.5
126,319,114409,1,0,0:0:0:0:
285,177,114536,1,0,0:0:0:0:
352,324,114663,1,0,0:0:0:0:
117,180,114791,1,0,0:0:0:0:
67,86,114918,6,0,P|139:59|194:58,1,115
370,78,115299,2,0,L|403:144,1,57.5
259,290,115553,1,0,0:0:0:0:
259,290,115680,1,0,0:0:0:0:
65,290,115935,6,0,L|106:239,2,57.5
381,268,116443,2,0,P|364:197|361:196,1,57.5
212,211,116697,2,0,P|252:157|255:159,1,57.5
349,64,116952,1,0,0:0:0:0:
462,315,117206,2,0,P|431:240|427:236,1,57.5
302,195,117460,1,0,0:0:0:0:
43,332,117587,5,0,0:0:0:0:
43,332,117714,1,0,0:0:0:0:
43,332,117841,1,0,0:0:0:0:
43,332,117968,1,0,0:0:0:0:
118,108,118096,6,0,L|156:157,1,57.5
386,95,118477,1,0,0:0:0:0:
261,288,118604,1,0,0:0:0:0:
187,96,118731,1,0,0:0:0:0:
386,95,118858,1,0,0:0:0:0:
449,320,118985,6,0,P|448:246|426:199,1,115
281,99,119367,2,0,L|248:158,1,57.5
56,97,119621,1,0,0:0:0:0:
144,295,119748,1,0,0:0:0:0:
449,319,120002,6,0,P|422:249|421:249,1,57.5
263,91,120257,2,0,L|289:108,3,19.1666666666667
50,266,120511,1,0,0:0:0:0:
50,266,120638,1,0,0:0:0:0:
68,118,120765,2,0,P|126:73|130:73,2,57.5
312,205,121146,1,0,0:0:0:0:
468,69,121274,1,0,0:0:0:0:
478,297,121401,1,0,0:0:0:0:
99,333,121528,6,0,P|122:258|139:238,4,57.5
261,99,122163,1,0,0:0:0:0:
468,209,122291,1,0,0:0:0:0:
43,340,122545,2,0,P|66:264|81:255,1,57.5
219,189,122799,2,0,P|263:246|261:258,1,57.5
258,338,123053,5,0,0:0:0:0:
157,273,123307,1,0,0:0:0:0:
424,191,123435,1,0,0:0:0:0:
246,46,123562,1,0,0:0:0:0:
74,77,123689,2,0,P|59:137|62:149,1,57.5
44,339,124070,5,0,0:0:0:0:
252,197,124197,1,0,0:0:0:0:
423,333,124324,1,0,0:0:0:0:
464,107,124579,6,0,P|399:68|388:68,1,57.5
214,109,124833,2,0,P|263:64|272:66,1,57.5
383,210,125087,1,0,0:0:0:0:
68,325,125468,2,0,L|123:279,1,57.5
190,128,125723,5,0,0:0:0:0:
190,128,125850,1,0,0:0:0:0:
392,74,126104,1,0,0:0:0:0:
456,337,126231,2,0,P|414:275|406:271,1,57.5
157,197,126613,1,0,0:0:0:0:
45,345,126740,1,0,0:0:0:0:
157,197,126867,1,0,0:0:0:0:
45,345,126994,1,0,0:0:0:0:
48,117,127121,6,0,P|105:64|151:68,1,115
263,67,127502,2,0,L|246:132,1,57.5
263,306,127757,1,0,0:0:0:0:
470,198,127884,1,0,0:0:0:0:
441,46,128138,6,0,P|380:78|375:87,2,57.5
254,122,128646,1,0,0:0:0:0:
131,319,128774,1,0,0:0:0:0:
374,240,128901,1,0,0:0:0:0:
114,169,129028,1,0,0:0:0:0:
328,335,129155,1,0,0:0:0:0:
341,66,129409,6,0,L|389:124,2,57.5
146,80,129791,2,0,P|82:135|82:137,1,57.5
50,326,130172,6,0,P|112:263|142:244,2,115
363,329,130935,2,0,P|333:260|297:217,2,115
140,71,131697,2,0,L|168:189,2,115
378,283,132460,2,0,P|406:189|398:155,2,115
118,116,133223,2,0,P|85:197|74:237,2,115
281,327,133986,2,0,P|303:240|322:209,2,115
449,90,134748,2,0,B|355:64|355:64|297:89,2,115
132,323,135511,2,0,P|185:260|210:212,2,115
134,79,136274,2,0,P|220:101|249:124,2,115
387,322,137036,2,0,P|404:229|393:186,3,115
50,326,138053,6,0,P|112:263|142:244,2,115
363,329,138816,2,0,P|333:260|297:217,2,115
140,71,139578,2,0,L|168:189,2,115
378,283,140341,2,0,P|406:189|398:155,2,115
118,116,141104,2,0,P|85:197|74:237,2,115
281,327,141867,2,0,P|303:240|322:209,2,115
449,90,142629,2,0,B|355:64|355:64|297:89,2,115
132,323,143392,2,0,P|185:260|210:212,2,115
134,79,144155,2,0,P|220:101|249:124,2,115
387,322,144917,2,0,P|404:229|393:186,3,115
336,89,145935,5,0,0:0:0:0:
136,291,146189,1,0,0:0:0:0:
63,86,146443,1,0,0:0:0:0:
423,294,146697,5,0,0:0:0:0:
274,78,146952,1,0,0:0:0:0:
255,313,147206,1,0,0:0:0:0:
457,133,147460,1,0,0:0:0:0:
135,92,147714,5,0,0:0:0:0:
340,252,147969,1,0,0:0:0:0:
75,326,148223,1,0,0:0:0:0:
298,91,148477,1,0,0:0:0:0:
457,295,148731,5,0,0:0:0:0:
146,159,148986,1,0,0:0:0:0:
280,341,149240,1,0,0:0:0:0:
420,130,149494,1,0,0:0:0:0:
170,55,149748,5,0,0:0:0:0:
49,242,150003,1,0,0:0:0:0:
285,193,150257,1,0,0:0:0:0:
442,325,150511,1,0,0:0:0:0:
439,63,150765,5,0,0:0:0:0:
146,111,151019,1,0,0:0:0:0:
319,272,151274,1,0,0:0:0:0:
439,63,151528,1,0,0:0:0:0:
134,316,151782,5,0,0:0:0:0:
279,113,152036,1,0,0:0:0:0:
50,62,152291,1,0,0:0:0:0:
303,275,152545,1,0,0:0:0:0:
68,307,152799,6,0,P|122:240|156:206,2,115
421,210,153562,2,0,P|395:144|354:110,2,115
178,98,154325,2,0,P|145:165|135:225,2,115
325,318,155087,5,0,0:0:0:0:
438,109,155341,1,0,0:0:0:0:
165,76,155596,1,0,0:0:0:0:
325,318,155850,1,0,0:0:0:0:
94,321,156104,5,0,0:0:0:0:
289,163,156358,1,0,0:0:0:0:
443,322,156613,1,0,0:0:0:0:
289,163,156867,1,0,0:0:0:0:
451,55,157121,1,0,0:0:0:0:
179,60,157375,6,0,P|122:111|99:160,2,115
137,328,158138,2,0,P|194:263|238:233,2,115
448,315,158901,2,0,P|425:218|392:166,2,115
205,95,159664,5,0,0:0:0:0:
93,313,159918,1,0,0:0:0:0:
367,206,160172,1,0,0:0:0:0:
362,46,160426,1,0,0:0:0:0:
147,75,160680,2,0,P|81:117|66:157,2,115
201,324,161443,5,0,0:0:0:0:
424,126,161697,1,0,0:0:0:0:
479,337,161952,1,0,0:0:0:0:
416,124,162206,1,0,0:0:0:0:
424,126,162460,1,0,0:0:0:0:
