osu file format v14

[General]
AudioFilename: inomi-tsukuyomi--online-audio-convert.com.mp3
AudioLeadIn: 0
PreviewTime: 8348
Countdown: 0
SampleSet: None
StackLeniency: 0.7
Mode: 0
LetterboxInBreaks: 0
WidescreenStoryboard: 1

[Editor]
Bookmarks: 9652
DistanceSpacing: 1.2
BeatDivisor: 4
GridSize: 16
TimelineZoom: 0.8286401

[Metadata]
Title:Phonk Pack
TitleUnicode:Phonk Pack
Artist:Phonk Pack
ArtistUnicode:Phonk Pack
Creator:weldon1232
Version:song #8
Source:
Tags:
BeatmapID:3894212
BeatmapSetID:1863371

[Difficulty]
HPDrainRate:5
CircleSize:4
OverallDifficulty:5
ApproachRate:9.6
SliderMultiplier:2.4
SliderTickRate:1

[Events]
//Background and Video events
0,0,"maxresdefault (6).jpg",0,0
//Break Periods
2,33200,40186
//Storyboard Layer 0 (Background)
//Storyboard Layer 1 (Fail)
//Storyboard Layer 2 (Pass)
//Storyboard Layer 3 (Foreground)
//Storyboard Layer 4 (Overlay)
//Storyboard Sound Samples

[TimingPoints]
8348,521.739130434783,4,2,0,100,1,0
8348,-50,4,2,0,100,0,0
14087,-133.333333333333,4,2,0,100,0,0
14608,-50,4,2,0,100,0,0
16174,-133.333333333333,4,2,0,100,0,0
16695,-50,4,2,0,100,0,0
30782,-133.333333333333,4,2,0,100,0,0
31304,-50,4,2,0,100,0,0
48782,-133.333333333333,4,2,0,100,0,0
49043,-50,4,2,0,100,0,0
50869,-133.333333333333,4,2,0,100,0,0
51130,-50,4,2,0,100,0,0
55043,-133.333333333333,4,2,0,100,0,0
55304,-50,4,2,0,100,0,0
67043,-133.333333333333,4,2,0,100,0,0
67304,-50,4,2,0,100,0,0
69391,-133.333333333333,4,2,0,100,0,0
69782,-50,4,2,0,100,0,0
71478,-133.333333333333,4,2,0,100,0,0
72000,-50,4,2,0,100,0,0


[Colours]
Combo1 : 255,255,128
Combo2 : 237,221,213
Combo3 : 206,188,178
Combo4 : 0,0,128
Combo5 : 255,128,0
Combo6 : 0,128,128

[HitObjects]
67,108,8348,6,0,P|194:72|200:75,1,120
279,151,8608,2,0,P|162:202|149:193,1,120
156,89,8869,2,0,P|285:54|292:58,1,120
383,90,9130,2,0,P|380:230|368:238,1,120
254,291,9391,1,0,0:0:0:0:
83,178,9521,1,0,0:0:0:0:
101,330,9652,1,0,0:0:0:0:
248,293,9782,1,0,0:0:0:0:
83,178,9913,1,0,0:0:0:0:
303,80,10434,6,0,P|415:138|423:157,1,120
285,313,10695,2,0,P|187:224|185:195,1,120
203,49,10956,1,0,0:0:0:0:
53,203,11087,1,0,0:0:0:0:
303,157,11217,1,0,0:0:0:0:
420,77,11348,2,0,P|475:197|465:213,1,120
294,308,11608,2,0,P|232:195|234:187,1,120
66,58,11869,1,0,0:0:0:0:
111,258,12000,1,0,0:0:0:0:
439,333,12391,6,0,P|373:218|359:212,1,120
184,346,12652,2,0,P|234:221|243:218,1,120
312,89,12913,2,0,P|190:117|184:128,1,120
97,248,13174,2,0,P|65:117|65:115,1,120
215,61,13434,2,0,P|281:175|278:197,1,120
215,348,13695,2,0,P|313:269|354:260,1,120
470,330,13956,1,0,0:0:0:0:
449,199,14087,2,0,P|395:155|274:133,1,180.000006866455
85,325,14739,5,0,0:0:0:0:
194,100,14869,1,0,0:0:0:0:
297,315,15000,1,0,0:0:0:0:
41,150,15130,1,0,0:0:0:0:
294,71,15261,2,0,B|405:148|399:144|399:144|435:139,1,120
131,298,15521,2,0,P|123:168|127:160,1,120
449,266,15782,2,0,P|364:168|358:166,1,120
191,63,16043,1,0,0:0:0:0:
191,63,16174,2,0,L|296:222,1,180.000006866455
453,335,16826,5,0,0:0:0:0:
316,110,16956,1,0,0:0:0:0:
172,321,17087,1,0,0:0:0:0:
64,96,17217,1,0,0:0:0:0:
402,53,17348,2,0,P|472:153|470:157,1,120
230,240,17608,2,0,P|195:115|197:113,1,120
402,54,17869,2,0,P|475:162|470:167,1,120
92,56,18130,2,0,P|61:186|66:196,1,120
255,288,18521,5,0,0:0:0:0:
429,166,18782,2,0,P|325:91|305:88,1,120
74,285,19043,2,0,P|99:153|110:146,1,120
338,96,19304,2,0,P|435:168|441:177,1,120
268,322,19565,1,0,0:0:0:0:
75,112,19695,1,0,0:0:0:0:
369,169,19826,1,0,0:0:0:0:
469,330,19956,2,0,P|479:198|472:182,1,120
119,291,20217,2,0,P|174:169|177:169,1,120
99,69,20608,5,0,0:0:0:0:
261,195,20869,1,0,0:0:0:0:
99,69,21130,1,0,0:0:0:0:
261,195,21391,1,0,0:0:0:0:
43,340,21652,5,0,0:0:0:0:
184,200,21782,1,0,0:0:0:0:
321,348,21913,1,0,0:0:0:0:
184,200,22043,1,0,0:0:0:0:
43,340,22174,1,0,0:0:0:0:
43,122,22434,1,0,0:0:0:0:
256,192,22695,12,0,24521,0:0:0:0:
61,277,25043,6,0,P|115:160|131:149,1,120
392,278,25304,2,0,P|294:158|291:158,1,120
100,169,25565,2,0,P|76:288|80:294,1,120
392,275,25826,2,0,P|355:157|350:149,1,120
248,46,26087,5,0,0:0:0:0:
150,275,26217,1,0,0:0:0:0:
423,171,26348,1,0,0:0:0:0:
117,102,26478,1,0,0:0:0:0:
339,290,26608,1,0,0:0:0:0:
43,333,27130,6,0,P|104:217|114:218,1,120
259,151,27391,2,0,P|296:273|290:280,1,120
63,108,27652,2,0,P|188:56|193:58,1,120
403,90,27913,1,0,0:0:0:0:
459,315,28043,1,0,0:0:0:0:
189,200,28174,1,0,0:0:0:0:
61,64,28304,6,0,P|48:194|52:204,1,120
252,53,28565,1,0,0:0:0:0:
356,255,28695,1,0,0:0:0:0:
103,202,28826,1,0,0:0:0:0:
51,345,28956,2,0,P|130:245|180:306,1,240
321,144,29348,1,0,0:0:0:0:
250,335,29478,1,0,0:0:0:0:
466,333,29608,6,0,P|468:198|460:190,1,120
253,78,29869,1,0,0:0:0:0:
101,284,30000,1,0,0:0:0:0:
45,141,30130,6,0,P|132:45|144:51,1,120
393,118,30391,1,0,0:0:0:0:
266,334,30521,1,0,0:0:0:0:
477,287,30652,1,0,0:0:0:0:
191,58,30782,6,0,P|166:120|161:250,1,180.000006866455
462,343,31434,5,0,0:0:0:0:
254,195,31565,1,0,0:0:0:0:
43,342,31695,1,0,0:0:0:0:
59,129,31826,6,0,P|173:57|197:61,1,120
448,159,32087,2,0,P|372:264|326:271,1,120
56,128,32348,1,0,0:0:0:0:
445,158,32478,1,0,0:0:0:0:
85,278,32608,1,0,0:0:0:0:
425,345,32739,6,0,P|380:223|372:218,1,120
252,95,33000,1,0,0:0:0:0:
59,120,40695,6,0,P|180:66|186:73,1,120
154,317,40956,2,0,P|255:235|256:226,1,120
341,74,41217,1,0,0:0:0:0:
465,282,41348,1,0,0:0:0:0:
178,193,41478,1,0,0:0:0:0:
341,74,41608,1,0,0:0:0:0:
73,54,41739,6,0,P|48:195|51:202,1,120
250,342,42000,1,0,0:0:0:0:
479,192,42130,1,0,0:0:0:0:
254,39,42261,1,0,0:0:0:0:
124,273,42391,6,0,P|189:159|194:158,1,120
420,62,42652,1,0,0:0:0:0:
481,341,42782,1,0,0:0:0:0:
252,193,42913,1,0,0:0:0:0:
68,50,43043,6,0,P|65:173|70:188,1,120
264,342,43304,1,0,0:0:0:0:
113,156,43434,1,0,0:0:0:0:
258,37,43565,1,0,0:0:0:0:
43,338,43695,6,0,P|66:207|72:197,1,120
257,189,43956,1,0,0:0:0:0:
37,47,44087,1,0,0:0:0:0:
345,45,44217,1,0,0:0:0:0:
450,344,44348,6,0,P|462:211|455:198,1,120
195,76,44608,2,0,P|94:161|62:269,1,240
412,82,45000,5,0,0:0:0:0:
254,328,45130,1,0,0:0:0:0:
125,114,45261,1,0,0:0:0:0:
446,296,45391,1,0,0:0:0:0:
46,331,45521,6,0,P|72:194|89:186,1,120
259,83,45782,2,0,P|321:210|316:222,1,120
54,73,46043,1,0,0:0:0:0:
258,318,46174,1,0,0:0:0:0:
467,217,46304,6,0,P|400:86|385:81,1,120
247,50,46565,1,0,0:0:0:0:
40,338,46695,2,0,P|117:201|201:162,1,240
402,82,47087,5,0,0:0:0:0:
246,320,47217,1,0,0:0:0:0:
481,249,47348,1,0,0:0:0:0:
199,115,47478,1,0,0:0:0:0:
55,324,47608,6,0,P|77:197|107:155,1,120
261,46,47869,1,0,0:0:0:0:
399,236,48000,1,0,0:0:0:0:
209,304,48130,1,0,0:0:0:0:
353,64,48261,6,0,P|454:155|452:160,1,120
82,192,48521,2,0,P|197:78|210:83,1,120
456,111,48782,6,0,P|457:195|433:229,1,90.0000034332277
256,82,49174,5,0,0:0:0:0:
126,319,49304,1,0,0:0:0:0:
446,224,49434,1,0,0:0:0:0:
59,115,49565,1,0,0:0:0:0:
361,332,49695,1,0,0:0:0:0:
452,92,49826,6,0,P|322:47|306:52,1,120
77,215,50087,1,0,0:0:0:0:
266,334,50217,1,0,0:0:0:0:
235,126,50348,1,0,0:0:0:0:
460,333,50478,6,0,P|436:205|426:197,1,120
321,51,50739,1,0,0:0:0:0:
107,65,50869,6,0,P|74:132|72:179,1,90.0000034332277
243,326,51261,1,0,0:0:0:0:
446,193,51391,1,0,0:0:0:0:
247,93,51521,1,0,0:0:0:0:
40,350,51652,6,0,P|123:253|131:248,1,120
472,337,51913,2,0,P|373:226|370:228,1,120
133,95,52174,1,0,0:0:0:0:
268,296,52304,1,0,0:0:0:0:
403,66,52434,6,0,P|376:197|370:205,1,120
133,241,52695,2,0,P|174:111|179:111,1,120
254,52,52956,5,0,0:0:0:0:
473,309,53217,1,0,0:0:0:0:
219,351,53348,6,0,P|259:217|263:215,1,120
422,92,53608,1,0,0:0:0:0:
66,66,53739,1,0,0:0:0:0:
84,268,53869,6,0,P|159:153|165:151,1,120
483,220,54130,1,0,0:0:0:0:
263,348,54261,1,0,0:0:0:0:
300,113,54391,1,0,0:0:0:0:
437,36,54521,6,0,P|479:155|477:159,1,120
137,59,54782,1,0,0:0:0:0:
47,324,54913,1,0,0:0:0:0:
374,199,55043,6,0,P|370:286|345:300,1,90.0000034332277
82,149,55434,5,0,0:0:0:0:
341,58,55565,1,0,0:0:0:0:
333,312,55695,1,0,0:0:0:0:
82,149,55826,1,0,0:0:0:0:
341,58,55956,1,0,0:0:0:0:
69,334,56087,6,0,P|149:218|150:217,1,120
448,193,56348,2,0,P|321:120|318:120,1,120
48,48,56608,2,0,P|155:122|161:134,1,120
257,200,56869,1,0,0:0:0:0:
257,200,57000,1,0,0:0:0:0:
37,331,57130,6,0,P|86:213|97:202,1,120
342,95,57391,2,0,P|435:185|435:193,1,120
167,292,57652,2,0,P|114:168|116:164,1,120
343,90,57913,2,0,P|448:166|448:177,1,120
103,204,58174,2,0,P|179:308|181:309,1,120
345,91,58434,2,0,P|454:167|454:168,1,120
168,302,58695,2,0,P|112:189|114:178,1,120
35,64,58956,5,0,0:0:0:0:
473,126,59087,1,0,0:0:0:0:
41,252,59217,1,0,0:0:0:0:
487,329,59348,1,0,0:0:0:0:
41,252,59478,1,0,0:0:0:0:
473,126,59608,1,0,0:0:0:0:
35,64,59739,1,0,0:0:0:0:
260,83,59869,6,0,L|257:208,2,120
136,92,60261,2,0,L|57:193,2,120
190,333,60652,2,0,P|284:237|285:230,2,120
337,65,61043,2,0,P|446:151|446:157,2,120
224,284,61434,2,0,P|154:168|155:162,5,120
441,64,62217,5,0,0:0:0:0:
256,195,62348,1,0,0:0:0:0:
297,42,62478,1,0,0:0:0:0:
452,217,62608,1,0,0:0:0:0:
146,321,62739,6,0,P|126:187|129:176,3,120
256,192,63391,12,0,65348,0:0:0:0:
88,137,65739,6,0,P|230:57|241:59,1,120
344,334,66000,2,0,P|150:278|145:280,1,120
36,346,66261,2,0,P|118:228|125:225,1,120
371,89,66521,2,0,P|459:184|459:186,1,120
63,66,66782,2,0,P|150:167|155:169,1,120
449,311,67043,6,0,P|396:257|372:255,1,90.0000034332277
50,289,67565,6,0,P|127:180|145:173,1,120
374,106,67826,2,0,P|432:221|429:235,1,120
46,55,68087,2,0,P|168:114|170:120,1,120
54,342,68348,2,0,P|180:297|200:300,1,120
414,349,68608,2,0,P|315:260|304:258,1,120
214,51,68869,2,0,P|228:182|225:189,1,120
42,335,69130,2,0,P|91:217|96:213,1,120
370,97,69391,6,0,P|423:147|417:220,1,135.000005149841
76,288,69913,2,0,P|102:158|106:156,1,120
265,92,70174,2,0,P|336:200|334:229,1,120
43,51,70434,2,0,P|155:132|158:139,1,120
240,356,70695,2,0,P|329:254|337:250,1,120
450,58,70956,2,0,P|486:173|479:187,1,120
264,62,71217,6,0,B|194:174|194:174|195:244,1,120
40,339,71478,6,0,P|86:264|196:226,1,180.000006866455
463,294,72130,6,0,P|411:182|373:161,1,120
83,57,72391,2,0,P|183:137|192:161,1,120
39,350,72652,2,0,P|117:240|131:239,1,120
376,348,72913,2,0,P|336:228|296:206,1,120
235,55,73174,2,0,P|370:91|372:97,1,120
97,262,73434,1,0,0:0:0:0:
256,192,73565,12,0,74087,0:0:0:0:
42,322,74217,6,0,P|79:201|104:175,1,120
415,98,74478,2,0,P|452:215|444:231,1,120
94,61,74739,2,0,P|171:159|177:161,1,120
370,36,75000,2,0,P|419:153|417:158,1,120
387,344,75261,2,0,P|308:231|290:223,1,120
50,340,75521,2,0,P|113:223|123:213,1,120
51,49,75782,2,0,P|189:57|193:59,1,120
459,55,76043,2,0,P|319:110|318:113,1,120
443,348,76304,2,0,P|369:238|365:234,1,120
132,140,76565,2,0,P|144:274|145:275,1,120
384,53,76826,2,0,P|429:173|428:177,1,120
265,340,77087,2,0,P|272:195|276:191,1,120
383,53,77348,2,0,P|436:169|436:175,1,120
80,62,77608,2,0,P|90:197|97:196,1,120
181,327,77869,5,0,0:0:0:0:
306,91,78000,1,0,0:0:0:0:
437,321,78130,1,0,0:0:0:0:
112,158,78261,1,0,0:0:0:0:
442,72,78391,1,0,0:0:0:0:
306,322,78521,1,0,0:0:0:0:
163,73,78652,1,0,0:0:0:0:
428,213,78782,1,0,0:0:0:0:
110,308,78913,1,0,0:0:0:0:
303,56,79043,1,0,0:0:0:0:
406,314,79174,1,0,0:0:0:0:
76,146,79304,1,0,0:0:0:0:
459,85,79434,1,0,0:0:0:0:
271,350,79565,1,0,0:0:0:0:
181,53,79695,1,0,0:0:0:0:
459,202,79826,1,0,0:0:0:0:
46,342,79956,1,0,0:0:0:0:
312,89,80087,1,0,0:0:0:0:
415,328,80217,1,0,0:0:0:0:
92,146,80348,1,0,0:0:0:0:
443,62,80478,1,0,0:0:0:0:
196,311,80608,1,0,0:0:0:0:
61,316,80739,6,0,P|121:196|139:187,1,120
379,160,81000,2,0,P|409:286|405:293,1,120
95,72,81261,2,0,P|235:79|244:89,1,120
249,321,81521,2,0,P|224:195|206:186,1,120
43,314,81782,2,0,P|84:190|88:189,1,120
