osu file format v14

[General]
AudioFilename: audio.mp3
AudioLeadIn: 0
PreviewTime: 19219
Countdown: 0
SampleSet: Soft
StackLeniency: 1
Mode: 0
LetterboxInBreaks: 0
WidescreenStoryboard: 1

[Editor]
DistanceSpacing: 0.6
BeatDivisor: 4
GridSize: 16
TimelineZoom: 0.9

[Metadata]
Title:Heart 111
TitleUnicode:ハート111
Artist:Yuri
ArtistUnicode:ゆーり
Creator:Shushhs
Version:Normal
Source:
Tags:Japanese ゆーり Heart111
BeatmapID:4617366
BeatmapSetID:2180675

[Difficulty]
HPDrainRate:3
CircleSize:2.8
OverallDifficulty:2
ApproachRate:6
SliderMultiplier:1.4
SliderTickRate:1

[Events]
//Background and Video events
0,0,"Heart111.png",0,0
Video,0,"Heart 111 - Yuri.mp4"
//Break Periods
2,48954,59564
//Storyboard Layer 0 (Background)
//Storyboard Layer 1 (Fail)
//Storyboard Layer 2 (Pass)
//Storyboard Layer 3 (Foreground)
//Storyboard Layer 4 (Overlay)
//Storyboard Sound Samples

[TimingPoints]
615,465.116279069767,4,2,0,65,1,0


[Colours]
Combo1 : 217,217,217
Combo2 : 255,57,57

[HitObjects]
96,208,615,6,0,L|240:208,1,140
240,128,1545,2,0,L|400:128,1,140
384,208,2475,1,0,0:0:0:0:
304,208,2940,1,0,0:0:0:0:
224,208,3405,1,0,0:0:0:0:
144,208,3870,1,0,0:0:0:0:
256,80,4801,6,0,L|256:224,1,140
336,224,5731,1,0,0:0:0:0:
384,224,5963,1,0,0:0:0:0:
432,224,6196,1,0,0:0:0:0:
432,144,6661,2,0,L|272:144,1,140
208,144,7591,1,0,0:0:0:0:
208,192,7824,2,0,L|208:288,1,70
288,256,8521,2,0,L|416:144,1,140
400,80,9452,1,0,0:0:0:0:
352,80,9684,1,0,0:0:0:0:
304,80,9917,1,0,0:0:0:0:
256,128,10382,1,0,0:0:0:0:
256,208,10847,1,0,0:0:0:0:
48,64,12242,6,0,L|144:64,2,70
48,160,13173,1,0,0:0:0:0:
48,208,13405,1,0,0:0:0:0:
48,256,13638,1,0,0:0:0:0:
128,256,14103,2,0,L|208:192,1,70
224,176,14568,1,0,0:0:0:0:
288,128,15033,2,0,L|368:64,2,70
336,64,15963,1,0,0:0:0:0:
336,112,16196,1,0,0:0:0:0:
336,160,16428,1,0,0:0:0:0:
336,240,16894,2,0,L|432:240,2,70
256,240,17824,2,0,L|160:240,1,70
144,240,18289,2,0,L|48:240,1,70
80,192,18754,1,0,0:0:0:0:
160,192,19684,6,0,L|256:192,1,70
272,192,20149,2,0,L|368:192,1,70
384,192,20614,1,0,0:0:0:0:
384,144,20847,1,0,0:0:0:0:
384,96,21080,2,0,L|288:96,3,70
304,144,22010,1,0,0:0:0:0:
304,192,22242,1,0,0:0:0:0:
208,96,23405,6,0,L|208:192,1,70
208,208,23870,2,0,L|208:304,1,70
256,272,24335,2,0,L|352:272,1,70
368,272,24801,1,0,0:0:0:0:
384,240,25033,1,0,0:0:0:0:
400,208,25266,2,0,L|400:112,1,70
352,128,25731,2,0,L|256:128,1,70
144,208,27126,6,0,L|144:304,1,70
192,272,27591,1,0,0:0:0:0:
256,272,27824,1,0,0:0:0:0:
304,272,28056,2,0,L|400:272,1,70
368,224,28521,2,0,L|368:128,2,70
320,224,29219,1,0,0:0:0:0:
272,224,29452,1,0,0:0:0:0:
224,224,29684,1,0,0:0:0:0:
240,176,30847,5,0,0:0:0:0:
288,176,31080,1,0,0:0:0:0:
336,176,31312,2,0,L|336:256,1,70
336,288,31777,1,0,0:0:0:0:
288,288,32010,1,0,0:0:0:0:
240,288,32242,2,0,L|160:288,4,70
272,224,33405,1,0,0:0:0:0:
304,192,33638,1,0,0:0:0:0:
336,160,33870,1,0,0:0:0:0:
224,224,34568,5,0,0:0:0:0:
176,224,34801,1,0,0:0:0:0:
176,272,35033,1,0,0:0:0:0:
224,272,35266,1,0,0:0:0:0:
272,272,35498,1,0,0:0:0:0:
272,224,35731,1,0,0:0:0:0:
320,224,35963,2,0,L|320:304,1,70
368,288,36428,2,0,L|448:288,1,70
432,240,36894,1,0,0:0:0:0:
432,192,37126,1,0,0:0:0:0:
256,80,38289,6,0,L|256:176,1,70
256,192,38754,2,0,L|256:288,1,70
288,272,39219,2,0,L|384:272,1,70
400,272,39684,2,0,L|400:192,1,70
400,160,40149,2,0,L|304:160,1,70
288,160,40615,1,0,0:0:0:0:
240,160,40847,1,0,0:0:0:0:
448,144,42010,6,0,L|448:240,1,70
416,240,42475,2,0,L|320:240,1,70
304,256,42940,2,0,L|208:256,1,70
192,256,43405,1,0,0:0:0:0:
144,256,43638,2,0,L|64:256,1,70
80,208,44103,2,0,L|80:128,2,70
288,160,45731,6,0,L|288:64,1,70
336,96,46196,2,0,L|416:96,1,70
448,96,46661,2,0,L|448:192,1,70
416,192,47126,1,0,0:0:0:0:
384,208,47359,1,0,0:0:0:0:
352,224,47591,1,0,0:0:0:0:
320,240,47824,2,0,L|384:288,1,70
416,304,48289,2,0,L|416:208,2,70
256,192,60614,12,0,63405,0:0:0:0:
352,192,64335,6,0,L|272:192,1,70
240,192,64801,2,0,L|144:192,1,70
128,192,65266,2,0,L|128:288,1,70
176,256,65731,1,0,0:0:0:0:
224,256,65963,1,0,0:0:0:0:
272,256,66196,1,0,0:0:0:0:
288,208,66428,1,0,0:0:0:0:
304,160,66661,1,0,0:0:0:0:
320,112,66894,1,0,0:0:0:0:
112,80,68056,5,0,0:0:0:0:
112,128,68289,1,0,0:0:0:0:
112,176,68521,2,0,L|192:176,1,70
224,176,68987,2,0,L|224:96,1,70
224,64,69452,1,0,0:0:0:0:
288,64,69684,1,0,0:0:0:0:
352,64,69917,1,0,0:0:0:0:
416,64,70149,1,0,0:0:0:0:
416,112,70382,2,0,L|304:240,1,140
208,96,71777,5,0,0:0:0:0:
240,128,72010,1,0,0:0:0:0:
272,160,72242,2,0,L|272:240,1,70
256,272,72708,1,0,0:0:0:0:
208,272,72940,1,0,0:0:0:0:
192,224,73173,2,0,L|192:144,1,70
208,112,73638,2,0,L|288:112,1,70
320,128,74103,2,0,L|320:208,1,70
112,192,75498,6,0,L|208:192,1,70
224,192,75963,2,0,L|320:192,1,70
336,192,76428,2,0,L|416:192,1,70
448,192,76894,2,0,L|448:288,4,70
416,224,78056,1,0,0:0:0:0:
368,224,78289,1,0,0:0:0:0:
320,224,78521,1,0,0:0:0:0:
272,224,78754,5,0,0:0:0:0:
272,144,79219,2,0,L|368:144,2,70
272,224,80149,2,0,L|176:224,2,70
320,224,80847,1,0,0:0:0:0:
368,224,81080,1,0,0:0:0:0:
416,224,81312,1,0,0:0:0:0:
464,224,81545,1,0,0:0:0:0:
448,304,82010,2,0,L|352:304,2,70
448,224,82940,2,0,L|448:144,2,70
368,208,83870,1,0,0:0:0:0:
320,208,84103,2,0,L|256:208,2,35
320,256,84568,1,0,0:0:0:0:
320,304,84801,2,0,L|400:304,3,70
224,192,86661,5,0,0:0:0:0:
256,160,86894,1,0,0:0:0:0:
288,128,87126,1,0,0:0:0:0:
368,128,87591,2,0,L|272:128,1,70
288,176,88056,2,0,L|208:176,1,70
176,176,88521,2,0,L|176:96,2,70
240,240,89452,1,0,0:0:0:0:
272,272,89684,1,0,0:0:0:0:
304,304,89917,1,0,0:0:0:0:
384,304,90382,2,0,L|464:304,1,70
448,256,90847,1,0,0:0:0:0:
368,256,91312,1,0,0:0:0:0:
336,224,91545,2,0,L|336:176,2,35
304,192,92010,1,0,0:0:0:0:
272,176,92242,2,0,L|176:176,1,70
160,176,92708,1,0,0:0:0:0:
112,176,92940,1,0,0:0:0:0:
64,176,93173,1,0,0:0:0:0:
352,112,94103,6,0,L|352:192,1,70
352,224,94568,2,0,L|272:224,1,70
240,224,95033,2,0,L|160:224,1,70
160,176,95498,1,0,0:0:0:0:
208,176,95731,1,0,0:0:0:0:
256,176,95963,1,0,0:0:0:0:
272,144,96196,1,0,0:0:0:0:
240,112,96428,2,0,L|160:112,1,70
368,160,97824,6,0,L|368:80,1,70
336,64,98289,2,0,L|272:128,1,70
256,160,98754,1,0,0:0:0:0:
224,192,98987,1,0,0:0:0:0:
192,208,99219,2,0,L|192:128,5,70
304,320,101545,6,0,L|224:320,1,70
192,320,102010,2,0,L|192:224,1,70
192,208,102475,1,0,0:0:0:0:
224,176,102708,1,0,0:0:0:0:
256,144,102940,1,0,0:0:0:0:
288,112,103173,1,0,0:0:0:0:
336,112,103405,2,0,L|336:192,1,70
336,224,103870,2,0,L|336:320,1,70
128,304,105266,6,0,L|224:304,1,70
240,304,105731,1,0,0:0:0:0:
272,272,105963,1,0,0:0:0:0:
304,240,106196,2,0,L|224:240,1,70
192,224,106661,1,0,0:0:0:0:
160,192,106894,1,0,0:0:0:0:
128,160,107126,1,0,0:0:0:0:
96,128,107359,1,0,0:0:0:0:
64,96,107591,1,0,0:0:0:0:
112,96,107824,2,0,L|112:176,2,70
