osu file format v14

[General]
AudioFilename: audio.mp3
AudioLeadIn: 0
PreviewTime: 33562
Countdown: 0
SampleSet: Soft
StackLeniency: 0.2
Mode: 0
LetterboxInBreaks: 0
WidescreenStoryboard: 1

[Editor]
DistanceSpacing: 0.1
BeatDivisor: 4
GridSize: 4
TimelineZoom: 1

[Metadata]
Title:Doktorspiele (Nightcore Mix)
TitleUnicode:Doktorspiele (Nightcore Mix)
Artist:Alex C. feat. Yass
ArtistUnicode:Alex C. feat. Yass
Creator:P A N
Version:Expert
Source:
Tags:Christensen Trance Electro Hands Up Eurodance Euphorie german electronic dance music edm nightcore nc trance techno p_a_n doctor deutsch
BeatmapID:4357758
BeatmapSetID:2080781

[Difficulty]
HPDrainRate:4.5
CircleSize:4
OverallDifficulty:9
ApproachRate:9.1
SliderMultiplier:1.9
SliderTickRate:1

[Events]
//Background and Video events
0,0,"wallpaperflare.com_wallpaper.jpg",0,0
//Break Periods
2,171757,175151
//Storyboard Layer 0 (Background)
//Storyboard Layer 1 (Fail)
//Storyboard Layer 2 (Pass)
//Storyboard Layer 3 (Foreground)
//Storyboard Layer 4 (Overlay)
//Storyboard Sound Samples

[TimingPoints]
1621,348.229831688915,4,2,1,40,1,0
1621,-200,4,2,1,40,0,0
12764,-200,4,2,1,40,0,0
13199,-200,4,2,1,5,0,0
13286,-200,4,2,1,40,0,0
13547,-200,4,2,1,5,0,0
13634,-200,4,2,1,40,0,0
13896,-200,4,2,1,5,0,0
13983,-200,4,2,1,40,0,0
14244,-200,4,2,1,5,0,0
14331,-200,4,2,1,40,0,0
14592,-200,4,2,1,5,0,0
14679,-200,4,2,1,40,0,0
15811,-200,4,2,1,5,0,0
15898,-200,4,2,1,40,0,0
16333,-200,4,2,1,5,0,0
16420,-200,4,2,1,40,0,0
16681,-200,4,2,1,5,0,0
16768,-200,4,2,1,40,0,0
17030,-200,4,2,1,5,0,0
17117,-200,4,2,1,40,0,0
17378,-200,4,2,1,5,0,0
17465,-200,4,2,1,40,0,0
18771,-200,4,2,1,5,0,0
18858,-200,4,2,1,40,0,0
19119,-200,4,2,1,5,0,0
19206,-200,4,2,1,40,0,0
19467,-200,4,2,1,5,0,0
19554,-200,4,2,1,40,0,0
19816,-200,4,2,1,5,0,0
19903,-200,4,2,1,40,0,0
20164,-200,4,2,1,5,0,0
20251,-200,4,2,1,40,0,0
21557,-200,4,2,1,5,0,0
21644,-200,4,2,1,40,0,0
21905,-200,4,2,1,5,0,0
21992,-200,4,2,1,40,0,0
22253,-200,4,2,1,5,0,0
22340,-200,4,2,1,40,0,0
22601,-200,4,2,1,5,0,0
22688,-200,4,2,1,40,0,0
22950,-200,4,2,1,5,0,0
23037,-200,4,2,1,40,0,0
23907,-133.333333333333,4,1,1,50,0,0
29479,-100,4,1,1,60,0,0
35921,-200,4,1,1,60,0,0
36182,-200,4,1,1,5,0,0
36269,-200,4,1,1,60,0,0
36531,-200,4,1,1,5,0,0
36618,-200,4,1,1,60,0,0
37227,-200,4,1,1,5,0,0
37314,-80,4,1,1,40,0,0
37836,-80,4,1,1,70,0,0
48980,-100,4,1,1,60,0,0
78231,-133.333333333333,4,1,1,50,0,0
83803,-100,4,1,1,60,0,0
88504,-166.666666666667,4,1,1,40,0,0
89374,-100,4,1,1,60,0,0
101911,-80,4,1,1,70,0,0
113054,-100,4,1,1,60,0,0
124197,-200,4,1,1,40,0,0
124633,-200,4,2,1,5,0,0
124720,-200,4,2,1,40,0,0
124981,-200,4,2,1,5,0,0
125068,-200,4,2,1,40,0,0
125329,-200,4,2,1,5,0,0
125416,-200,4,2,1,40,0,0
125677,-200,4,2,1,5,0,0
125764,-200,4,2,1,40,0,0
126026,-200,4,2,1,5,0,0
126113,-200,4,2,1,40,0,0
126374,-200,4,2,1,5,0,0
126461,-200,4,2,1,40,0,0
127419,-200,4,2,1,5,0,0
127506,-200,4,2,1,40,0,0
127767,-200,4,2,1,5,0,0
127854,-200,4,2,1,40,0,0
132381,-100,4,1,1,60,0,0
137952,-100,4,1,1,60,0,0
143437,-100,4,1,1,60,0,0
143698,-80,4,1,1,70,0,1
146484,-100,4,1,1,70,0,1
149444,-80,4,1,1,70,0,1
152317,-100,4,1,1,70,0,1
154668,-100,4,1,1,70,0,0
154842,-80,4,1,1,70,0,1
160239,-80,4,1,1,60,0,0
160413,-80,4,1,1,60,0,0
166159,-133.333333333333,4,1,1,50,0,0
171731,-133.333333333333,4,2,1,50,0,0
177999,-200,4,2,1,40,0,0


[Colours]
Combo1 : 79,101,255
Combo2 : 219,219,219
Combo3 : 163,70,255
Combo4 : 164,164,164
SliderBorder : 255,90,255
SliderTrackOverride : 0,0,0

[HitObjects]
148,108,1621,6,0,L|142:39,2,47.5,2|2|2,2:2|2:2|2:2,0:0:0:0:
106,309,2317,2,0,P|179:325|241:289,1,142.5,2|0,2:2|0:0,0:0:0:0:
338,255,3013,2,0,B|362:264|362:264|395:263,2,47.5,2|2|2,2:2|2:2|2:2,0:0:0:0:
324,52,3710,1,2,2:2:0:0:
324,52,4406,6,0,L|382:62,2,47.5,2|2|2,2:2|2:2|2:2,0:0:0:0:
132,26,5103,2,0,P|75:26|18:100,1,142.5,2|0,2:2|0:0,0:0:0:0:
13,200,5799,2,0,L|9:256,2,47.5,2|2|2,2:2|2:2|2:2,0:0:0:0:
212,216,6496,1,2,2:2:0:0:
212,216,7192,6,0,P|208:188|212:162,2,47.5,2|2|2,2:2|2:2|2:2,0:0:0:0:
399,318,7889,2,0,P|433:250|417:166,1,142.5,2|0,2:2|0:0,0:0:0:0:
383,94,8585,2,0,B|409:84|409:84|442:87,2,47.5,2|2|2,2:2|2:2|2:2,0:0:0:0:
210,169,9282,1,2,2:2:0:0:
210,169,9978,6,0,B|184:168|184:168|164:160,2,47.5,2|2|2,2:2|2:2|2:2,0:0:0:0:
428,85,10674,2,0,B|446:124|446:124|435:237,1,142.5,2|0,2:2|0:0,0:0:0:0:
401,317,11371,2,0,P|431:325|457:319,2,47.5,2|2|2,2:2|2:2|2:2,0:0:0:0:
268,199,12067,1,2,2:2:0:0:
357,138,12416,1,2,2:2:0:0:
363,250,12764,5,2,2:2:0:0:
255,340,12938,2,0,P|216:341|181:320,1,71.25,2|0,2:2|0:0,0:0:0:0:
143,378,13286,2,0,P|161:343|197:323,1,71.25,2|0,2:2|0:0,0:0:0:0:
166,261,13634,2,0,P|186:294|185:335,1,71.25,2|0,2:2|0:0,0:0:0:0:
77,321,13983,6,0,L|0:315,1,71.25,2|0,2:2|0:0,0:0:0:0:
5,315,14331,2,0,L|11:238,1,71.25,2|0,2:2|0:0,0:0:0:0:
17,164,14679,2,0,P|66:149|117:171,1,95,2|0,2:2|0:0,0:0:0:0:
281,315,15376,1,2,2:2:0:0:
281,315,15550,6,0,B|312:292|312:292|331:251,1,71.25,2|0,2:2|0:0,0:0:0:0:
393,274,15898,1,2,2:2:0:0:
393,274,16072,2,0,B|357:258|357:258|312:262,1,71.25,2|0,2:2|0:0,0:0:0:0:
302,195,16420,2,0,B|306:233|306:233|332:270,1,71.25,2|0,2:2|0:0,0:0:0:0:
381,359,16768,6,0,L|454:350,1,71.25,2|0,2:2|0:0,0:0:0:0:
451,350,17117,2,0,L|442:277,1,71.25,2|0,2:2|0:0,0:0:0:0:
475,201,17465,2,0,P|426:191|375:218,1,95,2|0,2:2|0:0,0:0:0:0:
176,330,18161,1,2,2:2:0:0:
107,244,18336,5,2,2:2:0:0:
107,244,18510,2,0,L|93:161,1,71.25,2|0,2:2|0:0,0:0:0:0:
150,128,18858,2,0,L|95:173,1,71.25,2|0,2:2|0:0,0:0:0:0:
28,148,19206,2,0,L|94:172,1,71.25,2|0,2:2|0:0,0:0:0:0:
204,210,19554,6,0,P|237:204|273:175,1,71.25,2|0,2:2|0:0,0:0:0:0:
267,182,19903,2,0,P|283:152|284:106,1,71.25,2|0,2:2|0:0,0:0:0:0:
246,42,20251,2,0,B|296:35|296:35|357:58,1,95,2|0,2:2|0:0,0:0:0:0:
486,196,20947,1,2,2:2:0:0:
437,296,21121,5,2,2:2:0:0:
437,296,21295,2,0,B|401:301|401:301|352:294,1,71.25,2|0,2:2|0:0,0:0:0:0:
331,357,21644,2,0,B|344:323|344:323|375:284,1,71.25,2|0,2:2|0:0,0:0:0:0:
330,234,21992,2,0,B|352:262|352:262|370:308,1,71.25,2|0,2:2|0:0,0:0:0:0:
258,320,22340,6,0,P|229:323|188:334,1,71.25,2|0,2:2|0:0,0:0:0:0:
188,333,22688,2,0,P|184:299|176:260,1,71.25,2|0,2:2|0:0,0:0:0:0:
118,211,23037,2,0,P|157:186|212:195,1,95,2|0,2:2|0:0,0:0:0:0:
431,38,23733,1,2,2:2:0:0:
413,150,23907,5,8,0:1:0:0:
332,79,24081,2,0,L|250:66,1,71.2500027179719,2|8,0:0|0:1,0:0:0:0:
449,211,24430,2,0,L|406:139,1,71.2500027179719,2|8,0:0|0:1,0:0:0:0:
383,375,24778,2,0,L|410:296,1,71.2500027179719,2|8,0:0|0:1,0:0:0:0:
238,183,25126,6,0,P|203:182|163:203,1,71.2500027179719,2|8,0:0|0:1,0:0:0:0:
325,248,25474,2,0,P|343:218|345:173,1,71.2500027179719,2|8,0:0|0:1,0:0:0:0:
229,288,25822,2,0,P|245:318|283:342,1,71.2500027179719,2|8,0:0|0:1,0:0:0:0:
40,328,26171,5,0,0:0:0:0:
121,245,26345,1,8,0:1:0:0:
24,188,26519,1,2,0:0:0:0:
229,160,26693,5,10,0:1:0:0:
242,272,26867,2,0,L|234:188,1,71.2500027179719,2|8,0:0|0:1,0:0:0:0:
389,339,27215,2,0,L|319:291,1,71.2500027179719,2|8,0:0|0:1,0:0:0:0:
512,240,27564,2,0,L|430:262,1,71.2500027179719,2|8,0:0|0:1,0:0:0:0:
306,115,27912,6,0,P|299:75|307:37,1,71.2500027179719,2|8,0:0|0:1,0:0:0:0:
388,180,28260,2,0,P|356:206|319:218,1,71.2500027179719,2|8,0:0|0:1,0:0:0:0:
404,82,28608,2,0,P|442:95|471:121,1,71.2500027179719,2|8,0:0|0:1,0:0:0:0:
409,301,28957,5,0,0:0:0:0:
328,216,29131,1,8,0:1:0:0:
281,326,29305,1,2,0:0:0:0:
258,126,29479,5,10,0:1:0:0:
328,216,29653,2,0,L|428:207,1,95,2|8,0:0|0:2,0:0:0:0:
258,126,30001,2,0,L|315:43,1,95,2|8,0:0|0:1,0:0:0:0:
147,109,30349,2,0,L|120:12,1,95,2|8,0:0|0:2,0:0:0:0:
0,204,30698,6,0,B|-12:251|-12:251|5:304,1,95,2|8,0:0|0:1,0:0:0:0:
80,137,31046,2,0,B|45:103|45:103|-9:91,1,95,2|8,0:0|0:2,0:0:0:0:
95,243,31394,2,0,B|141:229|141:229|179:188,1,95,2|8,0:0|0:1,0:0:0:0:
254,27,31742,5,2,0:0:0:0:
316,143,31916,1,8,0:2:0:0:
414,52,32091,1,2,0:0:0:0:
368,255,32265,5,10,0:1:0:0:
219,219,32439,2,0,B|172:201|172:201|121:201,1,95,2|8,0:0|0:2,0:0:0:0:
368,255,32787,2,0,B|419:254|419:254|466:273,1,95,2|8,0:0|0:1,0:0:0:0:
272,331,33135,1,2,0:0:0:0:
308,177,33309,2,0,L|326:81,1,95,8|0,0:2|0:0,0:0:0:0:
142,211,33658,6,0,L|158:308,1,95,10|0,0:1|0:0,0:0:0:0:
126,117,34006,2,0,L|142:214,1,95,10|0,0:2|0:0,0:0:0:0:
110,23,34354,2,0,L|126:120,1,95,10|0,0:1|0:0,0:0:0:0:
46,183,34702,1,10,0:2:0:0:
221,148,34876,1,2,0:0:0:0:
157,304,35051,5,12,0:1:0:0:
226,238,35225,1,2,2:0:0:0:
141,210,35399,1,2,2:0:0:0:
75,271,35573,1,2,2:0:0:0:
207,363,35921,6,0,P|246:362|281:342,1,71.25,2|0,2:0|0:0,0:0:0:0:
290,325,36269,2,0,L|278:245,1,71.25,2|0,2:0|0:0,0:0:0:0:
275,228,36618,2,0,P|338:258|410:200,1,166.25,2|0,2:0|0:0,0:0:0:0:
417,177,37314,5,8,3:0:0:0:
431,75,37488,1,8,3:0:0:0:
435,49,37575,1,8,3:0:0:0:
438,23,37662,1,8,3:0:0:0:
298,137,37836,5,14,0:1:0:0:
7,100,38011,1,10,0:3:0:0:
213,294,38185,1,10,0:2:0:0:
277,31,38359,1,8,0:3:0:0:
136,254,38533,2,0,P|131:315|276:358,1,237.5,10|8,0:1|0:2,0:0:0:0:
358,264,39055,1,8,0:3:0:0:
376,29,39229,5,10,0:1:0:0:
234,259,39403,1,10,0:3:0:0:
149,1,39578,1,10,0:2:0:0:
8,218,39752,1,8,0:3:0:0:
292,82,39926,5,10,0:1:0:0:
213,209,40100,1,8,0:3:0:0:
167,66,40275,1,8,0:2:0:0:
88,185,40449,1,8,0:3:0:0:
355,198,40622,5,10,0:1:0:0:
90,104,40796,1,10,0:3:0:0:
364,76,40970,1,10,0:2:0:0:
233,326,41145,1,8,0:3:0:0:
167,66,41319,2,0,P|100:17|4:133,1,237.5,10|8,0:1|0:2,0:0:0:0:
8,218,41841,1,8,0:3:0:0:
163,359,42015,5,10,0:1:0:0:
293,119,42189,1,10,0:3:0:0:
382,372,42364,1,10,0:2:0:0:
512,140,42538,1,8,0:3:0:0:
244,311,42712,5,10,0:1:0:0:
315,179,42886,1,8,0:3:0:0:
365,323,43061,1,8,0:2:0:0:
444,195,43235,1,8,0:3:0:0:
173,211,43408,5,10,0:1:0:0:
441,299,43582,1,10,0:3:0:0:
213,103,43756,1,10,0:2:0:0:
477,188,43930,1,8,0:3:0:0:
262,356,44105,2,0,B|208:323|147:353|147:353|87:387|28:337,1,237.5,10|8,0:1|0:2,0:0:0:0:
0,219,44627,1,8,0:3:0:0:
168,20,44801,5,10,0:1:0:0:
233,264,44975,1,10,0:3:0:0:
306,0,45149,1,10,0:2:0:0:
31,69,45323,1,8,0:3:0:0:
220,219,45497,5,10,0:1:0:0:
180,63,45671,1,8,0:3:0:0:
133,231,45845,1,8,0:2:0:0:
305,187,46019,1,8,0:3:0:0:
55,153,46194,5,10,0:1:0:0:
335,80,46368,1,10,0:3:0:0:
249,337,46542,1,10,0:2:0:0:
180,63,46716,1,8,0:3:0:0:
249,337,46890,2,0,B|300:381|360:385|360:385|414:362|441:295,1,237.5,10|8,0:1|0:2,0:0:0:0:
485,174,47413,1,8,0:3:0:0:
264,40,47587,5,10,0:1:0:0:
496,22,47761,1,10,0:3:0:0:
393,224,47935,1,10,0:2:0:0:
264,40,48109,1,8,0:3:0:0:
277,198,48283,1,10,0:1:0:0:
280,239,48370,1,8,0:3:0:0:
189,337,48544,1,8,0:3:0:0:
192,378,48631,1,8,0:2:0:0:
183,215,48806,1,8,0:3:0:0:
68,365,48980,5,12,0:1:0:0:
8,223,49154,2,0,P|-6:174|6:124,1,95,2|8,0:0|0:2,0:0:0:0:
169,32,49502,2,0,P|218:44|255:79,1,95,2|8,0:0|0:1,0:0:0:0:
248,266,49850,2,0,P|212:302|163:317,1,95,2|8,0:0|0:2,0:0:0:0:
82,121,50199,6,0,B|71:73|71:73|79:21,1,95,2|8,0:0|0:1,0:0:0:0:
253,172,50547,2,0,B|259:217|259:217|248:265,1,95,2|8,0:0|0:2,0:0:0:0:
69,122,50895,2,0,B|58:74|58:74|66:22,1,95,2|8,0:0|0:1,0:0:0:0:
213,0,51243,1,2,0:0:0:0:
373,190,51417,1,8,0:2:0:0:
389,39,51591,1,0,0:0:0:0:
191,80,51766,5,8,0:1:0:0:
213,253,51940,2,0,L|226:353,1,95,2|8,0:0|0:2,0:0:0:0:
248,164,52288,2,0,P|197:156|153:176,1,95,2|8,0:0|0:1,0:0:0:0:
312,348,52636,2,0,P|363:356|407:336,1,95,2|8,0:0|0:2,0:0:0:0:
450,147,52984,6,0,L|463:255,1,95,2|8,0:0|0:1,0:0:0:0:
329,58,53333,2,0,L|342:166,1,95,2|8,0:0|0:2,0:0:0:0:
205,0,53681,2,0,L|218:108,1,95,2|8,0:0|0:1,0:0:0:0:
233,237,54029,1,2,0:0:0:0:
31,264,54203,1,8,0:2:0:0:
147,337,54377,1,0,0:0:0:0:
25,156,54551,5,8,0:1:0:0:
144,83,54726,2,0,P|198:87|239:121,1,95,2|8,0:0|0:2,0:0:0:0:
147,337,55074,2,0,P|201:333|242:299,1,95,2|8,0:0|0:1,0:0:0:0:
339,91,55422,2,0,L|333:190,1,95,2|8,0:0|0:2,0:0:0:0:
234,361,55770,6,0,B|184:361|184:361|137:331,1,95,2|8,0:0|0:1,0:0:0:0:
230,109,56118,2,0,B|180:109|180:109|133:139,1,95,2|8,0:0|0:2,0:0:0:0:
42,340,56467,2,0,L|29:241,1,95,2|8,0:0|0:1,0:0:0:0:
9,104,56815,1,2,0:0:0:0:
157,222,56989,1,8,0:2:0:0:
294,182,57163,1,0,0:0:0:0:
451,320,57337,5,8,0:1:0:0:
467,139,57511,2,0,L|474:37,1,95,2|8,0:0|0:2,0:0:0:0:
294,182,57860,2,0,P|287:229|305:278,1,95,2|8,0:0|0:1,0:0:0:0:
365,103,58208,2,0,P|325:73|277:71,1,95,2|8,0:0|0:2,0:0:0:0:
132,210,58556,6,0,B|117:163|117:163|123:109,1,95,2|8,0:0|0:1,0:0:0:0:
167,334,58904,2,0,B|121:315|121:315|83:275,1,95,2|8,0:0|0:2,0:0:0:0:
329,359,59253,2,0,B|285:381|285:381|231:385,1,95,2|8,0:0|0:1,0:0:0:0:
202,255,59601,1,2,0:0:0:0:
388,193,59775,1,8,0:2:0:0:
419,328,59949,1,0,0:0:0:0:
512,140,60123,5,12,0:1:0:0:
397,37,60297,2,0,P|348:33|304:58,1,95,2|8,0:0|0:2,0:0:0:0:
350,237,60645,2,0,P|399:241|443:216,1,95,2|8,0:0|0:1,0:0:0:0:
394,23,60994,2,0,P|345:19|301:44,1,95,2|8,0:0|0:2,0:0:0:0:
221,214,61342,6,0,P|208:161|203:108,1,95,2|8,0:0|0:1,0:0:0:0:
302,295,61690,2,0,P|354:310|402:332,1,95,2|8,0:0|0:2,0:0:0:0:
192,323,62038,2,0,P|152:360|109:391,1,95,2|8,0:0|0:1,0:0:0:0:
18,332,62387,1,2,0:0:0:0:
28,129,62561,1,8,0:2:0:0:
165,147,62735,1,0,0:0:0:0:
192,324,62909,5,8,0:1:0:0:
329,296,63083,2,0,L|436:276,1,95,2|8,0:0|0:2,0:0:0:0:
512,113,63431,2,0,L|418:130,1,95,2|8,0:0|0:1,0:0:0:0:
252,32,63780,1,2,0:0:0:0:
274,161,63954,1,8,0:2:0:0:
150,44,64302,5,12,0:1:0:0:
180,185,64650,1,2,2:0:0:0:
209,334,64998,1,2,2:0:0:0:
42,118,65347,5,2,2:0:0:0:
63,221,65521,1,2,2:0:0:0:
273,78,65869,5,2,2:0:0:0:
294,181,66043,1,2,2:0:0:0:
315,287,66217,1,2,2:0:0:0:
468,38,66565,6,0,P|414:21|375:33,1,95,2|0,2:0|0:0,0:0:0:0:
273,78,66914,2,0,L|206:74,1,47.5,2|2,0:0|0:0,0:0:0:0:
131,70,67088,5,14,0:1:0:0:
75,221,67262,1,2,0:0:0:0:
72,228,67349,1,2,0:0:0:0:
232,198,67523,1,2,0:0:0:0:
237,204,67610,1,2,0:0:0:0:
406,375,67784,5,10,0:1:0:0:
350,224,67958,1,2,0:0:0:0:
347,216,68045,1,2,0:0:0:0:
506,245,68219,1,2,0:0:0:0:
511,239,68306,1,2,0:0:0:0:
252,350,68481,5,10,0:1:0:0:
232,198,68655,1,2,0:0:0:0:
231,189,68742,1,2,0:0:0:0:
208,50,68916,1,2,0:0:0:0:
207,42,69003,1,2,0:0:0:0:
0,259,69177,5,10,0:1:0:0:
47,110,69351,1,2,0:0:0:0:
50,103,69438,1,2,0:0:0:0:
152,224,69612,1,2,0:0:0:0:
155,231,69699,2,0,L|177:299,1,47.5,2|2,0:0|0:0,0:0:0:0:
202,359,69874,5,10,0:1:0:0:
302,344,70048,1,2,0:0:0:0:
308,343,70135,1,2,0:0:0:0:
399,330,70309,1,2,0:0:0:0:
405,329,70396,1,2,0:0:0:0:
512,214,70570,5,10,0:1:0:0:
412,199,70744,1,2,0:0:0:0:
406,198,70831,1,2,0:0:0:0:
315,185,71005,1,2,0:0:0:0:
309,184,71092,1,2,0:0:0:0:
312,25,71266,5,10,0:1:0:0:
212,40,71440,1,2,0:0:0:0:
206,41,71527,1,2,0:0:0:0:
115,54,71701,1,2,0:0:0:0:
109,55,71788,1,2,0:0:0:0:
43,197,71963,5,10,0:1:0:0:
143,212,72137,1,2,0:0:0:0:
149,213,72224,1,2,0:0:0:0:
240,226,72398,1,2,0:0:0:0:
247,228,72485,2,0,L|300:236,1,47.5,2|2,0:0|0:0,0:0:0:0:
376,247,72659,5,10,0:1:0:0:
465,110,72834,1,2,0:0:0:0:
469,104,72921,1,2,0:0:0:0:
303,108,73095,1,2,0:0:0:0:
299,102,73182,1,2,0:0:0:0:
177,345,73356,5,10,0:1:0:0:
16,382,73530,1,2,0:0:0:0:
9,384,73617,1,2,0:0:0:0:
53,226,73791,1,2,0:0:0:0:
49,221,73878,1,2,0:0:0:0:
242,19,74052,5,10,0:1:0:0:
279,179,74226,1,2,0:0:0:0:
281,185,74313,1,2,0:0:0:0:
405,78,74488,1,2,0:0:0:0:
412,82,74575,1,2,0:0:0:0:
461,361,74749,5,10,0:1:0:0:
429,198,74923,1,2,0:0:0:0:
427,190,75010,1,2,0:0:0:0:
310,311,75184,1,2,0:0:0:0:
303,307,75271,2,0,L|250:288,1,47.5,2|2,0:0|0:0,0:0:0:0:
211,218,75445,5,10,0:1:0:0:
113,234,75620,1,2,0:0:0:0:
106,235,75707,1,2,0:0:0:0:
7,249,75881,1,2,0:0:0:0:
0,250,75968,1,2,0:0:0:0:
69,99,76142,5,10,0:1:0:0:
167,115,76317,1,2,0:0:0:0:
174,116,76404,1,2,0:0:0:0:
273,130,76578,1,2,0:0:0:0:
280,131,76665,1,2,0:0:0:0:
423,73,76838,5,14,0:1:0:0:
407,171,77013,1,2,0:0:0:0:
406,178,77100,1,2,0:0:0:0:
392,277,77274,1,2,0:0:0:0:
391,284,77361,1,2,0:0:0:0:
265,372,77535,5,10,0:1:0:0:
167,356,77710,1,2,0:0:0:0:
160,355,77797,1,2,0:0:0:0:
61,341,77971,1,2,0:0:0:0:
54,340,78058,1,2,0:0:0:0:
13,196,78231,6,0,P|54:185|103:199,1,71.2500027179719,14|0,0:1|0:0,0:0:0:0:
175,269,78579,1,8,0:1:0:0:
199,99,78753,2,0,L|188:177,1,71.2500027179719,2|8,0:0|0:1,0:0:0:0:
308,83,79102,2,0,L|297:161,1,71.2500027179719,2|8,0:0|0:1,0:0:0:0:
377,305,79450,6,0,P|415:313|456:302,1,71.2500027179719,2|8,0:0|0:1,0:0:0:0:
316,233,79798,2,0,P|290:261|279:302,1,71.2500027179719,2|8,0:0|0:1,0:0:0:0:
411,221,80146,2,0,P|398:184|368:154,1,71.2500027179719,2|8,0:0|0:1,0:0:0:0:
297,70,80495,1,0,0:0:0:0:
216,152,80669,1,8,0:1:0:0:
153,55,80843,1,2,0:0:0:0:
45,187,81017,6,0,B|39:227|39:227|51:271,1,71.2500027179719,10|2,0:1|0:0,0:0:0:0:
90,350,81365,1,10,0:1:0:0:
156,234,81539,2,0,B|182:264|182:264|224:283,1,71.2500027179719,2|8,0:0|0:1,0:0:0:0:
284,186,81887,2,0,B|257:155|257:155|215:136,1,71.2500027179719,2|8,0:0|0:1,0:0:0:0:
319,291,82236,6,0,P|353:280|382:248,1,71.2500027179719,2|8,0:0|0:1,0:0:0:0:
373,98,82584,2,0,P|346:74|312:64,1,71.2500027179719,2|8,0:0|0:1,0:0:0:0:
184,153,82932,2,0,P|176:187|185:221,1,71.2500027179719,2|8,0:0|0:1,0:0:0:0:
98,384,83280,1,0,0:0:0:0:
208,312,83455,1,8,0:1:0:0:
81,250,83629,1,0,0:0:0:0:
184,153,83803,6,0,L|334:140,1,142.5,10|0,0:1|0:0,0:0:0:0:
365,138,84151,1,8,0:2:0:0:
464,236,84325,2,0,P|483:279|477:336,1,95,2|8,0:0|0:1,0:0:0:0:
298,356,84673,2,0,P|279:313|285:256,1,95,2|8,0:0|0:2,0:0:0:0:
459,131,85022,6,0,L|362:137,1,95,2|8,0:0|0:1,0:0:0:0:
307,0,85370,2,0,L|249:78,1,95,2|8,0:0|0:2,0:0:0:0:
103,0,85718,2,0,L|126:94,1,95,2|8,0:0|0:1,0:0:0:0:
64,247,86066,1,0,0:0:0:0:
197,323,86240,1,8,0:2:0:0:
270,193,86414,1,2,0:0:0:0:
270,193,86502,1,0,0:0:0:0:
270,193,86589,6,0,L|368:176,1,95,8|2,0:1|0:0,0:0:0:0:
441,194,86850,2,0,P|441:158|433:139,1,47.5,0|8,0:0|0:2,0:0:0:0:
339,30,87111,2,0,B|291:22|291:22|233:41,1,95,2|8,0:0|0:1,0:0:0:0:
163,169,87459,2,0,P|157:218|182:268,1,95,2|8,0:0|0:2,0:0:0:0:
379,348,87807,6,0,L|486:364,1,95,2|8,0:0|0:1,0:0:0:0:
370,257,88156,2,0,L|468:222,1,95,2|8,0:0|0:2,0:0:0:0:
319,183,88504,6,0,B|361:130|361:130|366:130|366:130|391:98|391:98|390:93|390:93|427:44,1,170.999994781494,2|8,0:0|0:2,0:0:0:0:
312,0,89200,1,2,0:0:0:0:
219,151,89374,5,12,0:1:0:0:
129,58,89549,2,0,L|29:68,1,95,2|8,0:0|0:2,0:0:0:0:
145,247,89897,2,0,P|203:252|248:229,1,95,2|8,0:0|0:1,0:0:0:0:
65,204,90245,2,0,P|54:253|69:300,1,95,2|8,0:0|0:2,0:0:0:0:
292,358,90593,6,0,L|196:346,1,95,2|8,0:0|0:1,0:0:0:0:
455,289,90941,2,0,L|384:354,1,95,2|8,0:0|0:2,0:0:0:0:
508,119,91290,2,0,L|512:215,1,95,2|8,0:0|0:1,0:0:0:0:
298,208,91638,1,8,0:3:0:0:
338,82,91812,1,8,0:2:0:0:
431,173,91986,1,8,0:3:0:0:
306,300,92160,5,8,0:1:0:0:
182,178,92334,2,0,P|168:138|175:84,1,95,2|8,0:0|0:2,0:0:0:0:
134,253,92683,2,0,P|102:287|58:305,1,95,2|8,0:0|0:1,0:0:0:0:
222,261,93031,2,0,P|268:270|305:299,1,95,2|8,0:0|0:2,0:0:0:0:
489,347,93379,6,0,P|468:302|472:238,1,95,2|8,0:0|0:1,0:0:0:0:
379,105,93727,2,0,P|399:59|451:21,1,95,2|8,0:0|0:2,0:0:0:0:
391,203,94076,2,0,L|292:195,1,95,2|8,0:0|0:1,0:0:0:0:
176,58,94424,1,8,0:3:0:0:
50,72,94598,1,8,0:2:0:0:
70,201,94772,1,8,0:3:0:0:
264,50,94946,5,8,0:1:0:0:
175,160,95120,2,0,L|194:272,1,95,2|8,0:0|0:2,0:0:0:0:
315,384,95468,2,0,L|334:272,1,95,2|8,0:0|0:1,0:0:0:0:
367,97,95817,2,0,L|351:190,1,95,2|8,0:0|0:2,0:0:0:0:
197,384,96165,6,0,P|150:383|109:352,1,95,2|8,0:0|0:1,0:0:0:0:
315,384,96513,2,0,P|362:383|403:352,1,95,2|8,0:0|0:2,0:0:0:0:
176,296,96861,2,0,P|162:245|172:196,1,95,2|8,0:0|0:1,0:0:0:0:
336,296,97210,1,2,0:0:0:0:
395,168,97384,1,8,0:2:0:0:
461,278,97558,1,8,0:3:0:0:
289,204,97732,5,8,0:1:0:0:
176,296,97906,2,0,P|129:295|82:268,1,95,2|8,0:0|0:2,0:0:0:0:
52,76,98254,2,0,P|76:35|123:8,1,95,2|8,0:0|0:1,0:0:0:0:
305,79,98603,2,0,P|327:120|327:174,1,95,2|8,0:0|0:2,0:0:0:0:
176,296,98951,1,8,0:3:0:0:
110,172,99125,6,0,L|7:181,1,95,10|0,0:1|0:0,0:0:0:0:
204,163,99473,2,0,L|101:172,1,95,10|0,0:2|0:0,0:0:0:0:
298,154,99821,2,0,L|195:163,1,95,10|0,0:1|0:0,0:0:0:0:
144,82,100170,1,10,0:2:0:0:
164,246,100344,6,0,L|176:354,1,95,2|8,0:0|3:3,0:0:0:0:
397,260,100692,1,10,3:3:0:0:
269,329,100866,1,10,0:2:0:0:
397,260,101040,2,0,L|407:165,1,95,10|8,3:3|3:3,0:0:0:0:
237,109,101388,2,0,L|247:203,1,95,10|8,3:3|0:2,0:0:0:0:
269,329,101737,1,2,2:0:0:0:
69,156,101911,5,14,0:1:0:0:
237,109,102085,1,10,0:3:0:0:
407,166,102259,1,10,0:2:0:0:
448,54,102433,1,8,0:3:0:0:
180,10,102607,6,0,P|136:66|192:219,1,237.5,10|8,0:1|0:2,0:0:0:0:
264,294,103129,1,8,0:3:0:0:
328,53,103304,5,10,0:1:0:0:
394,312,103478,1,10,0:3:0:0:
415,32,103652,1,10,0:2:0:0:
482,291,103826,1,8,0:3:0:0:
310,156,104000,5,10,0:1:0:0:
473,115,104174,1,8,0:3:0:0:
329,236,104348,1,8,0:2:0:0:
492,194,104522,1,8,0:3:0:0:
328,53,104697,5,10,0:1:0:0:
221,210,104871,1,10,0:3:0:0:
62,119,105045,1,10,0:2:0:0:
0,207,105219,1,8,0:3:0:0:
183,27,105393,6,0,B|236:-2|293:44|293:44|343:92|401:73,1,237.5,10|8,0:1|0:2,0:0:0:0:
492,2,105915,1,8,0:3:0:0:
492,194,106089,5,10,0:1:0:0:
214,167,106264,1,10,0:3:0:0:
481,286,106438,1,10,0:2:0:0:
204,261,106613,1,8,0:3:0:0:
312,133,106786,5,10,0:1:0:0:
295,313,106961,1,8,0:3:0:0:
398,142,107134,1,8,0:2:0:0:
381,324,107309,1,8,0:3:0:0:
168,339,107482,5,10,0:1:0:0:
214,167,107656,1,10,0:3:0:0:
157,21,107831,1,10,0:2:0:0:
270,0,108005,1,8,0:3:0:0:
32,20,108179,6,0,B|49:97|49:97|35:166|35:166|56:272,1,237.5,10|8,0:1|0:2,0:0:0:0:
73,375,108701,1,8,0:3:0:0:
141,116,108875,5,10,0:1:0:0:
202,381,109049,1,10,0:3:0:0:
233,98,109224,1,10,0:2:0:0:
296,364,109398,1,8,0:3:0:0:
292,179,109572,5,10,0:1:0:0:
125,214,109746,1,8,0:3:0:0:
311,265,109920,1,8,0:2:0:0:
144,299,110094,1,8,0:3:0:0:
233,98,110268,5,10,0:1:0:0:
369,212,110442,1,10,0:3:0:0:
512,109,110616,1,10,0:2:0:0:
495,232,110791,1,8,0:3:0:0:
292,34,110965,6,0,P|199:19|174:166,1,237.5,10|8,0:1|0:2,0:0:0:0:
270,249,111487,1,8,0:3:0:0:
421,108,111661,5,10,0:1:0:0:
455,339,111835,1,10,0:3:0:0:
334,159,112009,1,10,0:2:0:0:
363,318,112183,1,8,0:3:0:0:
270,249,112358,1,10,0:1:0:0:
234,255,112445,1,8,0:3:0:0:
168,149,112619,1,8,0:3:0:0:
132,155,112706,1,8,0:2:0:0:
61,280,112880,1,8,0:3:0:0:
33,60,113054,5,12,0:1:0:0:
132,155,113228,2,0,L|234:139,1,95,2|8,0:0|0:2,0:0:0:0:
394,35,113576,2,0,L|500:49,1,95,2|8,0:0|0:1,0:0:0:0:
465,229,113925,2,0,L|370:216,1,95,2|8,0:0|0:2,0:0:0:0:
145,304,114273,6,0,P|189:324|247:312,1,95,2|8,0:0|0:1,0:0:0:0:
255,107,114621,2,0,P|292:140|308:185,1,95,2|8,0:0|0:2,0:0:0:0:
488,140,114969,2,0,P|486:189|462:230,1,95,2|8,0:0|0:1,0:0:0:0:
358,344,115318,1,2,0:0:0:0:
280,254,115492,1,8,0:2:0:0:
218,359,115666,1,0,0:0:0:0:
131,197,115840,5,8,0:1:0:0:
12,268,116014,2,0,L|26:365,1,95,2|8,0:0|0:2,0:0:0:0:
131,197,116362,2,0,L|117:102,1,95,2|8,0:0|0:1,0:0:0:0:
269,226,116710,2,0,L|283:323,1,95,2|8,0:0|0:2,0:0:0:0:
435,118,117059,6,0,B|461:158|461:158|464:212,1,95,2|8,0:0|0:1,0:0:0:0:
351,68,117407,2,0,B|372:25|372:25|412:0,1,95,2|8,0:0|0:2,0:0:0:0:
353,162,117755,2,0,B|305:164|305:164|263:143,1,95,2|8,0:0|0:1,0:0:0:0:
147,45,118103,1,2,0:0:0:0:
143,41,118190,1,0,0:0:0:0:
139,37,118277,1,8,0:2:0:0:
11,98,118452,1,0,0:0:0:0:
45,289,118626,5,8,0:1:0:0:
116,166,118800,2,0,P|172:164|215:188,1,95,2|8,0:0|0:2,0:0:0:0:
324,333,119148,2,0,P|280:351|233:347,1,95,2|8,0:0|0:1,0:0:0:0:
45,289,119496,2,0,P|88:270|135:274,1,95,2|8,0:0|0:2,0:0:0:0:
324,333,119845,6,0,L|335:226,1,95,2|8,0:0|0:1,0:0:0:0:
376,47,120193,2,0,L|385:141,1,95,2|8,0:0|0:2,0:0:0:0:
437,339,120541,2,0,L|448:232,1,95,2|8,0:0|0:1,0:0:0:0:
294,137,120889,1,2,0:0:0:0:
376,47,121063,1,8,0:2:0:0:
484,113,121237,1,0,0:0:0:0:
437,339,121412,5,8,0:1:0:0:
279,269,121586,2,0,B|227:259|227:259|173:273,1,95,2|8,0:0|0:2,0:0:0:0:
407,233,121934,2,0,B|459:230|459:230|508:254,1,95,2|8,0:0|0:1,0:0:0:0:
278,187,122282,2,0,B|226:177|226:177|172:191,1,95,2|8,0:0|0:2,0:0:0:0:
51,357,122630,6,0,P|34:313|39:256,1,95,2|8,0:0|0:1,0:0:0:0:
74,105,122979,2,0,L|187:114,1,95,2|8,0:0|0:2,0:0:0:0:
210,307,123327,2,0,L|97:298,1,95,2|8,0:0|0:1,0:0:0:0:
250,213,123675,1,2,0:0:0:0:
282,373,123849,2,0,L|376:365,1,95,8|0,0:2|0:0,0:0:0:0:
460,218,124197,5,12,0:1:0:0:
460,218,124372,2,0,P|463:178|454:146,1,71.25,2|0,2:0|0:0,0:0:0:0:
392,117,124720,2,0,P|420:137|454:147,1,71.25,2|0,2:0|0:0,0:0:0:0:
512,109,125068,2,0,P|479:123|454:148,1,71.25,2|0,2:0|0:0,0:0:0:0:
376,201,125416,6,0,P|342:202|303:200,1,71.25,2|0,2:0|0:0,0:0:0:0:
304,200,125764,2,0,P|285:175|246:142,1,71.25,2|0,2:0|0:0,0:0:0:0:
255,148,126113,2,0,P|216:137|186:123,1,71.25,2|0,2:0|0:0,0:0:0:0:
164,49,126461,2,0,P|114:39|74:57,1,95,2|0,2:0|0:0,0:0:0:0:
18,168,126983,5,2,2:0:0:0:
18,168,127157,2,0,L|27:246,1,71.25,2|0,2:0|0:0,0:0:0:0:
26,238,127506,2,0,L|105:229,1,71.25,2|0,2:0|0:0,0:0:0:0:
165,273,127854,2,0,P|175:221|151:167,1,95,2|0,2:0|0:0,0:0:0:0:
97,78,128376,5,2,2:0:0:0:
231,32,128724,1,2,2:0:0:0:
367,88,129073,1,2,2:0:0:0:
356,101,129421,5,2,2:0:0:0:
255,156,129595,1,2,2:0:0:0:
266,163,129943,5,2,2:0:0:0:
339,255,130117,1,2,2:0:0:0:
270,346,130291,1,2,2:0:0:0:
256,192,130640,12,0,132207,0:0:0:0:
349,103,132381,6,0,L|404:110,1,47.5,2|2,0:0|0:0,0:0:0:0:
481,119,132555,5,14,0:1:0:0:
511,278,132729,1,2,0:0:0:0:
512,285,132816,1,2,0:0:0:0:
362,241,132990,1,2,0:0:0:0:
358,246,133077,1,2,0:0:0:0:
143,365,133251,5,10,0:1:0:0:
31,253,133425,1,2,0:0:0:0:
28,247,133513,1,2,0:0:0:0:
190,209,133687,1,2,0:0:0:0:
192,202,133774,1,2,0:0:0:0:
53,0,133948,5,10,0:1:0:0:
6,156,134122,1,2,0:0:0:0:
3,162,134209,1,2,0:0:0:0:
165,112,134383,1,2,0:0:0:0:
169,117,134471,1,2,0:0:0:0:
253,335,134644,5,10,0:1:0:0:
269,176,134818,1,2,0:0:0:0:
270,168,134905,1,2,0:0:0:0:
285,30,135080,1,2,0:0:0:0:
286,23,135167,2,0,L|343:30,1,47.5,2|2,0:0|0:0,0:0:0:0:
419,30,135341,5,10,0:1:0:0:
449,125,135515,1,2,0:0:0:0:
452,132,135602,1,2,0:0:0:0:
482,222,135776,1,2,0:0:0:0:
485,229,135863,1,2,0:0:0:0:
369,321,136037,5,10,0:1:0:0:
339,226,136211,1,2,0:0:0:0:
336,219,136298,1,2,0:0:0:0:
306,129,136472,1,2,0:0:0:0:
303,122,136559,1,2,0:0:0:0:
200,27,136734,5,10,0:1:0:0:
105,57,136908,1,2,0:0:0:0:
98,60,136995,1,2,0:0:0:0:
8,90,137169,1,2,0:0:0:0:
1,93,137256,1,2,0:0:0:0:
104,188,137430,5,10,0:1:0:0:
199,158,137604,1,2,0:0:0:0:
206,155,137691,1,2,0:0:0:0:
296,125,137865,1,2,0:0:0:0:
303,122,137952,2,0,L|353:104,1,47.5,2|2,0:0|0:0,0:0:0:0:
396,28,138127,5,10,0:1:0:0:
417,205,138301,1,2,0:0:0:0:
418,211,138388,1,2,0:0:0:0:
438,375,138562,1,2,0:0:0:0:
440,384,138649,1,2,0:0:0:0:
271,209,138823,5,10,0:1:0:0:
212,362,138997,1,2,0:0:0:0:
210,368,139084,1,2,0:0:0:0:
105,246,139258,1,2,0:0:0:0:
99,248,139345,1,2,0:0:0:0:
253,25,139520,5,10,0:1:0:0:
349,165,139694,1,2,0:0:0:0:
354,172,139781,1,2,0:0:0:0:
431,27,139955,1,2,0:0:0:0:
439,27,140042,1,2,0:0:0:0:
204,151,140216,5,10,0:1:0:0:
81,47,140390,1,2,0:0:0:0:
76,40,140477,1,2,0:0:0:0:
56,202,140651,1,2,0:0:0:0:
48,205,140738,2,0,L|60:258,1,47.5,2|2,0:0|0:0,0:0:0:0:
79,338,140912,5,10,0:1:0:0:
169,296,141087,1,2,0:0:0:0:
174,293,141174,1,2,0:0:0:0:
257,343,141348,1,2,0:0:0:0:
262,348,141435,1,2,0:0:0:0:
444,254,141609,5,10,0:1:0:0:
354,296,141784,1,2,0:0:0:0:
349,299,141871,1,2,0:0:0:0:
266,249,142045,1,2,0:0:0:0:
261,244,142132,1,2,0:0:0:0:
268,108,142305,5,10,0:1:0:0:
358,66,142480,1,2,0:0:0:0:
363,63,142567,1,2,0:0:0:0:
446,113,142741,1,2,0:0:0:0:
451,118,142828,1,2,0:0:0:0:
275,20,143001,5,10,0:1:0:0:
185,62,143176,1,2,0:0:0:0:
180,65,143263,1,2,0:0:0:0:
97,15,143437,1,2,0:0:0:0:
91,10,143524,2,0,L|41:19,1,47.5,2|2,0:0|0:0,0:0:0:0:
0,96,143698,5,14,0:1:0:0:
33,254,143872,1,2,0:0:0:0:
43,300,143959,1,2,0:0:0:0:
179,224,144134,1,2,0:0:0:0:
189,270,144221,1,2,0:0:0:0:
315,361,144395,5,10,0:1:0:0:
348,203,144569,1,2,0:0:0:0:
358,157,144656,1,2,0:0:0:0:
494,233,144831,1,2,0:0:0:0:
504,187,144918,1,2,0:0:0:0:
389,0,145091,5,14,0:1:0:0:
222,21,145265,1,2,0:0:0:0:
175,28,145352,1,2,0:0:0:0:
243,174,145526,1,2,0:0:0:0:
196,181,145613,1,2,0:0:0:0:
17,121,145788,5,10,0:1:0:0:
182,105,145962,1,2,0:0:0:0:
229,99,146049,1,2,0:0:0:0:
205,261,146223,1,2,0:0:0:0:
252,255,146310,2,0,L|318:244,1,59.375,2|2,0:0|0:0,0:0:0:0:
395,233,146484,5,14,0:1:0:0:
408,138,146658,1,2,0:0:0:0:
409,132,146745,1,2,0:0:0:0:
317,126,146919,1,2,0:0:0:0:
318,120,147006,1,2,0:0:0:0:
395,233,147181,5,10,0:1:0:0:
489,246,147355,1,2,0:0:0:0:
495,247,147442,1,2,0:0:0:0:
501,155,147616,1,2,0:0:0:0:
507,156,147703,1,2,0:0:0:0:
395,233,147877,5,14,0:1:0:0:
382,327,148051,1,2,0:0:0:0:
381,333,148138,1,2,0:0:0:0:
473,339,148312,1,2,0:0:0:0:
472,345,148399,1,2,0:0:0:0:
395,233,148573,5,10,0:1:0:0:
301,220,148747,1,2,0:0:0:0:
295,219,148834,1,2,0:0:0:0:
289,311,149008,1,2,0:0:0:0:
283,310,149096,2,0,L|222:301,1,47.5,2|2,0:0|0:0,0:0:0:0:
179,361,149270,5,14,0:1:0:0:
161,197,149444,1,2,0:0:0:0:
155,149,149531,1,2,0:0:0:0:
6,222,149705,1,2,0:0:0:0:
0,174,149792,1,2,0:0:0:0:
143,33,149966,5,10,0:1:0:0:
161,197,150140,1,2,0:0:0:0:
167,245,150227,1,2,0:0:0:0:
316,172,150401,1,2,0:0:0:0:
322,220,150488,1,2,0:0:0:0:
489,311,150663,5,14,0:1:0:0:
471,147,150837,1,2,0:0:0:0:
465,99,150924,1,2,0:0:0:0:
316,172,151098,1,2,0:0:0:0:
310,124,151185,1,2,0:0:0:0:
143,33,151359,5,10,0:1:0:0:
161,197,151533,1,2,0:0:0:0:
167,245,151620,1,2,0:0:0:0:
6,222,151795,1,2,0:0:0:0:
12,270,151882,2,0,L|21:333,1,59.375,2|2,0:0|0:0,0:0:0:0:
96,378,152056,5,14,0:1:0:0:
198,367,152230,1,2,0:0:0:0:
205,366,152317,1,2,0:0:0:0:
299,352,152491,1,2,0:0:0:0:
306,351,152578,1,2,0:0:0:0:
255,192,152752,5,10,0:1:0:0:
357,181,152926,1,2,0:0:0:0:
364,180,153013,1,2,0:0:0:0:
458,166,153187,1,2,0:0:0:0:
465,165,153274,1,2,0:0:0:0:
255,192,153449,5,14,0:1:0:0:
153,181,153623,1,2,0:0:0:0:
146,180,153710,1,2,0:0:0:0:
52,166,153884,1,2,0:0:0:0:
45,165,153971,1,2,0:0:0:0:
96,6,154145,5,10,0:1:0:0:
198,17,154319,1,2,0:0:0:0:
205,18,154406,1,2,0:0:0:0:
299,32,154580,1,2,0:0:0:0:
306,33,154667,1,2,0:0:0:0:
337,248,154842,5,14,0:1:0:0:
483,2,155016,1,10,0:3:0:0:
214,97,155190,1,10,0:2:0:0:
481,207,155364,1,8,0:3:0:0:
246,264,155538,5,10,0:1:0:0:
129,255,155712,1,8,0:3:0:0:
17,245,155886,1,8,0:2:0:0:
6,354,156060,1,8,0:3:0:0:
131,129,156235,5,14,0:1:0:0:
265,372,156409,1,10,0:3:0:0:
384,129,156583,1,10,0:2:0:0:
512,372,156757,1,8,0:3:0:0:
222,183,156931,5,10,0:1:0:0:
296,322,157105,1,8,0:3:0:0:
363,185,157279,1,8,0:2:0:0:
434,322,157453,1,8,0:3:0:0:
120,254,157627,5,14,0:1:0:0:
305,53,157802,1,10,0:3:0:0:
296,322,157976,1,10,0:2:0:0:
101,146,158150,1,8,0:3:0:0:
370,240,158324,5,10,0:1:0:0:
388,124,158498,1,8,0:3:0:0:
405,13,158672,1,8,0:2:0:0:
512,31,158846,1,8,0:3:0:0:
370,240,159020,5,14,0:1:0:0:
271,3,159194,1,10,0:3:0:0:
142,232,159369,1,10,0:2:0:0:
43,0,159543,1,8,0:3:0:0:
315,114,159717,5,10,0:1:0:0:
219,74,159891,1,8,0:3:0:0:
213,71,159978,1,0,0:0:0:0:
207,68,160065,1,8,0:2:0:0:
106,125,160240,1,8,0:3:0:0:
58,349,160413,5,14,0:1:0:0:
157,223,160587,1,2,0:2:0:0:
227,374,160762,1,10,0:2:0:0:
328,246,160936,1,0,0:0:0:0:
458,367,161110,2,0,P|451:240|440:128,1,237.5,10|8,0:1|0:2,0:0:0:0:
424,14,161632,1,0,0:0:0:0:
305,130,161806,5,14,0:1:0:0:
206,5,161980,1,2,0:2:0:0:
140,149,162155,1,10,0:2:0:0:
43,30,162329,1,0,0:0:0:0:
206,5,162503,5,10,0:1:0:0:
221,105,162677,1,0,0:0:0:0:
236,210,162851,1,8,0:2:0:0:
253,316,163025,1,0,0:0:0:0:
431,177,163199,5,14,0:1:0:0:
236,210,163373,1,2,0:2:0:0:
348,291,163547,1,10,0:2:0:0:
318,101,163721,1,0,0:0:0:0:
253,316,163896,2,0,P|165:316|40:210,1,237.5,10|8,0:1|0:2,0:0:0:0:
27,99,164418,1,0,0:0:0:0:
178,17,164592,5,14,0:1:0:0:
196,156,164766,1,2,0:2:0:0:
320,122,164940,1,10,0:2:0:0:
322,232,165114,1,0,0:0:0:0:
412,202,165289,1,10,0:1:0:0:
416,284,165463,1,0,0:0:0:0:
482,274,165637,1,8,0:2:0:0:
491,321,165811,1,0,0:0:0:0:
508,156,165985,5,14,0:1:0:0:
415,86,166159,2,0,P|372:90|339:119,1,71.2500027179719,2|8,0:0|0:1,0:0:0:0:
322,232,166507,2,0,P|279:228|246:199,1,71.2500027179719,2|8,0:0|0:1,0:0:0:0:
187,134,166856,2,0,P|150:129|114:136,1,71.2500027179719,2|8,0:0|0:1,0:0:0:0:
68,287,167204,6,0,L|77:366,1,71.2500027179719,2|8,0:0|0:1,0:0:0:0:
175,298,167552,2,0,L|184:377,1,71.2500027179719,2|8,0:0|0:1,0:0:0:0:
275,314,167900,2,0,L|284:393,1,71.2500027179719,2|8,0:0|0:1,0:0:0:0:
355,291,168248,5,2,0:0:0:0:
459,263,168423,1,8,0:1:0:0:
429,369,168597,1,0,0:0:0:0:
275,314,168771,5,10,0:1:0:0:
290,194,168945,2,0,L|302:115,1,71.2500027179719,2|8,0:0|0:1,0:0:0:0:
171,94,169293,2,0,L|183:173,1,71.2500027179719,2|8,0:0|0:1,0:0:0:0:
303,196,169641,2,0,L|315:117,1,71.2500027179719,2|8,0:0|0:1,0:0:0:0:
383,0,169990,6,0,P|416:28|430:63,1,71.2500027179719,2|8,0:0|0:1,0:0:0:0:
512,111,170338,2,0,P|511:154|493:187,1,71.2500027179719,2|8,0:0|0:1,0:0:0:0:
485,286,170686,2,0,P|451:313|414:321,1,71.2500027179719,2|8,0:0|0:1,0:0:0:0:
317,346,171034,1,2,0:0:0:0:
238,264,171208,1,8,0:1:0:0:
308,41,171557,5,14,0:1:0:0:
110,161,175735,5,2,2:0:0:0:
261,144,176084,1,2,2:0:0:0:
408,126,176432,1,2,2:0:0:0:
216,257,176780,5,2,2:0:0:0:
324,244,176954,1,2,2:0:0:0:
185,48,177302,5,2,2:0:0:0:
293,35,177476,1,2,2:0:0:0:
395,24,177651,1,2,2:0:0:0:
392,245,177999,6,0,P|359:253|313:236,1,71.25,2|0,2:0|0:0,0:0:0:0:
304,223,178347,2,0,B|295:271|295:271|308:338,1,95,2|2,2:0|2:0,0:0:0:0:
