osu file format v14

[General]
AudioFilename: Leftoz-_peed-House--online-audio-convert.com.mp3
AudioLeadIn: 0
PreviewTime: 15013
Countdown: 0
SampleSet: Soft
StackLeniency: 0.7
Mode: 0
LetterboxInBreaks: 0
WidescreenStoryboard: 1

[Editor]
DistanceSpacing: 1.2
BeatDivisor: 4
GridSize: 16
TimelineZoom: 1

[Metadata]
Title:Phonk Pack
TitleUnicode:Phonk Pack
Artist:Phonk Pack
ArtistUnicode:Phonk Pack
Creator:weldon1232
Version:song #1
Source:
Tags:
BeatmapID:3831839
BeatmapSetID:1863371

[Difficulty]
HPDrainRate:5
CircleSize:3.8
OverallDifficulty:5
ApproachRate:9.3
SliderMultiplier:1.4
SliderTickRate:1

[Events]
//Background and Video events
0,0,"maxresdefault (2).jpg",0,0
//Break Periods
//Storyboard Layer 0 (Background)
//Storyboard Layer 1 (Fail)
//Storyboard Layer 2 (Pass)
//Storyboard Layer 3 (Foreground)
//Storyboard Layer 4 (Overlay)
//Storyboard Sound Samples

[TimingPoints]
15013,468.75,4,2,0,100,1,0
15013,-66.6666666666667,4,2,0,100,0,0
88723,-66.6666666666667,4,2,0,50,0,0
88841,-66.6666666666667,4,2,0,21,0,0
89075,-66.6666666666667,4,2,0,67,0,0
90013,-66.6666666666667,4,2,0,100,0,0
120013,-66.6666666666667,4,2,0,36,0,0
120481,-66.6666666666667,4,2,0,15,0,0
120716,-66.6666666666667,4,2,0,36,0,0
120950,-66.6666666666667,4,2,0,15,0,0
121184,-66.6666666666667,4,2,0,36,0,0
121419,-66.6666666666667,4,2,0,15,0,0
121653,-66.6666666666667,4,2,0,36,0,0
121888,-66.6666666666667,4,2,0,15,0,0
122122,-66.6666666666667,4,2,0,36,0,0
122356,-66.6666666666667,4,2,0,15,0,0
122591,-66.6666666666667,4,2,0,36,0,0
122825,-66.6666666666667,4,2,0,15,0,0
123059,-66.6666666666667,4,2,0,46,0,0
123294,-66.6666666666667,4,2,0,15,0,0
123528,-66.6666666666667,4,2,0,46,0,0
123763,-66.6666666666667,4,2,0,15,0,0
123997,-66.6666666666667,4,2,0,46,0,0
124231,-66.6666666666667,4,2,0,15,0,0
124466,-66.6666666666667,4,2,0,46,0,0
124700,-66.6666666666667,4,2,0,15,0,0
124934,-66.6666666666667,4,2,0,46,0,0
125169,-66.6666666666667,4,2,0,15,0,0
125403,-66.6666666666667,4,2,0,46,0,0
125638,-66.6666666666667,4,2,0,15,0,0
125872,-66.6666666666667,4,2,0,50,0,0
126106,-66.6666666666667,4,2,0,15,0,0
126341,-66.6666666666667,4,2,0,50,0,0
126575,-66.6666666666667,4,2,0,15,0,0
126809,-66.6666666666667,4,2,0,50,0,0
127044,-66.6666666666667,4,2,0,15,0,0
127278,-66.6666666666667,4,2,0,50,0,0
127513,-66.6666666666667,4,2,0,15,0,0
127747,-66.6666666666667,4,2,0,50,0,0
127981,-66.6666666666667,4,2,0,15,0,0
128212,-66.6666666666667,4,2,0,100,0,0
128450,-66.6666666666667,4,2,0,15,0,0
128684,-66.6666666666667,4,2,0,100,0,0
128919,-66.6666666666667,4,2,0,15,0,0
129153,-66.6666666666667,4,2,0,100,0,0
129388,-66.6666666666667,4,2,0,15,0,0
129622,-66.6666666666667,4,2,0,100,0,0
129856,-66.6666666666667,4,2,0,15,0,0
130091,-66.6666666666667,4,2,0,100,0,0
130325,-66.6666666666667,4,2,0,15,0,0
130559,-66.6666666666667,4,2,0,100,0,0
130794,-66.6666666666667,4,2,0,15,0,0
131028,-66.6666666666667,4,2,0,100,0,0
131263,-66.6666666666667,4,2,0,15,0,0
131497,-66.6666666666667,4,2,0,100,0,0
131731,-66.6666666666667,4,2,0,15,0,0
131966,-66.6666666666667,4,2,0,100,0,0
132200,-66.6666666666667,4,2,0,15,0,0
132434,-66.6666666666667,4,2,0,100,0,0
132669,-66.6666666666667,4,2,0,15,0,0
132903,-66.6666666666667,4,2,0,100,0,0


[Colours]
Combo1 : 255,255,128
Combo2 : 237,221,213
Combo3 : 206,188,178
Combo4 : 0,0,128
Combo5 : 255,128,0
Combo6 : 0,128,128

[HitObjects]
66,71,15013,6,0,P|73:129|99:202,1,105.000004005432
178,211,15481,2,0,L|140:254,2,52.5000020027161
52,338,15950,1,0,0:0:0:0:
192,307,16184,1,0,0:0:0:0:
74,240,16419,1,0,0:0:0:0:
158,154,16653,6,0,P|225:189|241:220,2,105.000004005432
310,290,17356,6,0,L|357:253,2,52.5000020027161
448,335,17825,5,0,0:0:0:0:
455,208,18059,1,0,0:0:0:0:
338,286,18294,1,0,0:0:0:0:
256,155,18528,6,0,L|216:118,1,52.5000020027161
74,148,18763,6,0,P|110:204|157:231,1,105.000004005432
171,274,19231,1,0,0:0:0:0:
196,293,19348,1,0,0:0:0:0:
221,317,19466,1,0,0:0:0:0:
337,337,19700,6,0,L|461:339,1,105.000004005432
467,257,20169,2,0,B|462:182|462:181|462:181|409:137,1,105.000004005432
293,124,20638,6,0,B|346:80|347:80|367:96|367:96|406:126,1,105.000004005432
463,92,21106,2,0,L|411:62,2,52.5000020027161
255,74,21575,5,0,0:0:0:0:
192,203,21809,1,0,0:0:0:0:
326,211,22044,1,0,0:0:0:0:
326,211,22278,1,0,0:0:0:0:
418,133,22395,5,0,0:0:0:0:
459,251,22513,1,0,0:0:0:0:
289,331,22747,6,0,P|242:288|238:238,1,105.000004005432
267,157,23098,2,0,L|199:133,1,52.5000020027161
52,123,23450,6,0,L|52:248,1,105.000004005432
51,350,23919,2,0,P|95:306|115:246,2,105.000004005432
252,335,24622,5,0,0:0:0:0:
349,202,24856,1,0,0:0:0:0:
319,177,24973,1,0,0:0:0:0:
288,156,25091,1,0,0:0:0:0:
182,69,25325,6,0,P|144:137|134:179,1,105.000004005432
143,226,25794,2,0,P|82:188|83:134,1,105.000004005432
103,55,26145,5,0,0:0:0:0:
262,129,26263,1,0,0:0:0:0:
336,230,26497,5,0,0:0:0:0:
430,128,26731,1,0,0:0:0:0:
350,58,26848,6,0,L|294:48,1,52.5000020027161
186,65,27200,6,0,P|186:138|198:200,1,105.000004005432
285,202,27669,2,0,P|274:284|256:328,1,105.000004005432
408,339,28138,6,0,P|461:297|475:253,1,105.000004005432
474,53,28606,2,0,L|445:113,2,52.5000020027161
334,178,29075,6,0,P|374:107|369:82,2,105.000004005432
158,64,29778,2,0,L|122:108,1,52.5000020027161
164,229,30013,1,0,0:0:0:0:
64,337,30247,2,0,L|189:315,1,105.000004005432
269,273,30598,5,0,0:0:0:0:
297,255,30716,1,0,0:0:0:0:
392,202,30950,2,0,P|334:131|285:101,1,105.000004005432
188,88,31419,6,0,P|163:141|151:210,1,105.000004005432
68,122,31888,2,0,L|44:53,2,52.5000020027161
146,49,32356,1,0,0:0:0:0:
176,71,32473,1,0,0:0:0:0:
208,92,32591,1,0,0:0:0:0:
379,121,32825,5,0,0:0:0:0:
308,266,33059,1,0,0:0:0:0:
461,222,33294,1,0,0:0:0:0:
461,222,33528,1,0,0:0:0:0:
449,323,33645,2,0,L|358:332,1,52.5000020027161
242,327,33997,6,0,B|174:263|174:263|126:266,1,105.000004005432
71,305,34348,1,0,0:0:0:0:
71,305,34466,1,0,0:0:0:0:
126,214,34700,2,0,B|141:161|141:161|84:104,2,105.000004005432
137,46,35403,2,0,P|187:67|239:113,1,105.000004005432
166,265,35872,5,0,0:0:0:0:
310,177,36106,1,0,0:0:0:0:
409,268,36223,1,0,0:0:0:0:
454,130,36341,1,0,0:0:0:0:
305,55,36575,6,0,B|224:95|221:98|208:148|208:148|203:158,2,105.000004005432
75,189,37278,6,0,L|61:133,1,52.5000020027161
163,48,37513,1,0,0:0:0:0:
272,107,37747,6,0,P|316:160|340:210,1,105.000004005432
275,283,38098,2,0,L|205:317,1,52.5000020027161
79,253,38450,5,0,0:0:0:0:
199,160,38684,1,0,0:0:0:0:
213,290,38919,1,0,0:0:0:0:
85,164,39153,1,0,0:0:0:0:
124,62,39388,6,0,P|197:63|270:93,1,105.000004005432
336,119,39856,5,0,0:0:0:0:
362,153,39973,1,0,0:0:0:0:
385,187,40091,1,0,0:0:0:0:
395,324,40325,6,0,B|332:306|332:306|368:268,1,105.000004005432
468,266,40794,2,0,B|448:202|448:202|389:180,2,105.000004005432
453,54,41497,5,0,0:0:0:0:
373,121,41731,2,0,L|332:162,2,52.5000020027161
183,71,42200,5,0,0:0:0:0:
101,164,42434,2,0,P|90:241|103:269,2,105.000004005432
223,237,43138,1,0,0:0:0:0:
350,186,43372,5,0,0:0:0:0:
387,265,43606,2,0,L|428:310,2,52.5000020027161
250,324,44075,5,0,0:0:0:0:
137,260,44309,1,0,0:0:0:0:
43,334,44544,5,0,0:0:0:0:
88,135,44778,6,0,L|138:113,2,52.5000020027161
256,84,45247,6,0,B|304:58|304:58|374:50,1,105.000004005432
470,60,45598,2,0,L|434:118,1,52.5000020027161
428,209,45950,2,0,B|369:231|369:231|304:270,2,105.000004005432
263,318,46653,5,0,0:0:0:0:
170,256,46888,1,0,0:0:0:0:
43,339,47122,1,0,0:0:0:0:
52,218,47356,6,0,L|99:173,2,52.5000020027161
139,75,47825,5,0,0:0:0:0:
277,179,48059,1,0,0:0:0:0:
277,50,48294,1,0,0:0:0:0:
465,49,48528,6,0,L|432:98,1,52.5000020027161
425,207,48763,6,0,P|379:261|332:284,1,105.000004005432
271,200,49231,2,0,L|223:172,2,52.5000020027161
40,49,49700,5,0,0:0:0:0:
96,188,49934,1,0,0:0:0:0:
162,75,50169,1,0,0:0:0:0:
273,60,50403,6,0,P|318:98|343:142,1,105.000004005432
268,213,50872,5,0,0:0:0:0:
372,268,51106,1,0,0:0:0:0:
423,170,51223,2,0,L|403:116,1,52.5000020027161
250,66,51575,6,0,P|175:102|154:134,1,105.000004005432
128,190,52044,1,0,0:0:0:0:
85,277,52278,2,0,L|132:322,2,52.5000020027161
248,336,52747,5,0,0:0:0:0:
318,215,52981,1,0,0:0:0:0:
293,199,53098,1,0,0:0:0:0:
261,176,53216,1,0,0:0:0:0:
122,136,53450,6,0,B|78:184|78:184|54:132,1,105.000004005432
97,50,53919,2,0,B|165:51|165:51|217:70,2,105.000004005432
263,140,54622,5,0,0:0:0:0:
374,80,54856,1,0,0:0:0:0:
394,106,54973,1,0,0:0:0:0:
421,133,55091,1,0,0:0:0:0:
346,258,55325,6,0,B|276:296|261:306|261:306|224:283,1,105.000004005432
150,233,55794,1,0,0:0:0:0:
50,331,56028,1,0,0:0:0:0:
50,331,56145,1,0,0:0:0:0:
43,224,56263,6,0,B|54:168|54:168|113:136,1,105.000004005432
146,97,56731,6,0,L|94:61,2,52.5000020027161
159,237,57200,5,0,0:0:0:0:
283,141,57434,1,0,0:0:0:0:
296,258,57669,1,0,0:0:0:0:
73,304,57903,6,0,B|87:236|87:236|146:189,2,105.000004005432
247,198,58606,5,0,0:0:0:0:
218,173,58723,1,0,0:0:0:0:
190,149,58841,1,0,0:0:0:0:
65,49,59075,6,0,B|48:108|48:110|49:158,1,105.000004005432
79,243,59544,5,0,0:0:0:0:
79,243,59778,1,0,0:0:0:0:
181,297,59895,6,0,L|230:262,1,52.5000020027161
324,195,60247,5,0,0:0:0:0:
226,71,60481,2,0,L|176:111,2,52.5000020027161
71,119,60950,6,0,P|58:178|60:232,2,105.000004005432
103,317,61653,5,0,0:0:0:0:
200,203,61888,1,0,0:0:0:0:
103,317,62122,1,0,0:0:0:0:
71,225,62356,5,0,0:0:0:0:
94,197,62473,1,0,0:0:0:0:
118,167,62591,1,0,0:0:0:0:
253,65,62825,6,0,B|279:113|279:113|287:186,2,105.000004005432
217,195,63528,6,0,L|178:238,2,52.5000020027161
58,62,63997,5,0,0:0:0:0:
119,198,64231,2,0,L|163:164,2,52.5000020027161
329,66,64700,5,0,0:0:0:0:
260,209,64934,1,0,0:0:0:0:
411,167,65169,1,0,0:0:0:0:
361,266,65403,6,0,B|309:311|307:313|268:326,2,105.000004005432
126,268,66106,5,0,0:0:0:0:
145,240,66223,1,0,0:0:0:0:
165,217,66341,1,0,0:0:0:0:
242,83,66575,6,0,B|283:128|283:128|272:186,2,105.000004005432
114,215,67278,1,0,0:0:0:0:
114,215,67395,1,0,0:0:0:0:
43,53,67513,6,0,L|165:51,1,105.000004005432
259,51,67981,2,0,L|298:97,2,52.5000020027161
255,331,68450,5,0,0:0:0:0:
148,240,68684,1,0,0:0:0:0:
92,340,68919,1,0,0:0:0:0:
252,257,69153,2,0,B|306:280|306:280|341:335,1,105.000004005432
472,355,69622,5,0,0:0:0:0:
405,277,69856,1,0,0:0:0:0:
382,253,69973,1,0,0:0:0:0:
354,222,70091,1,0,0:0:0:0:
248,71,70325,6,0,B|195:124|195:125|192:125|192:125|148:108,2,105.000004005432
76,68,71028,6,0,L|63:134,1,52.5000020027161
164,217,71263,1,0,0:0:0:0:
303,303,71497,1,0,0:0:0:0:
405,190,71731,5,0,0:0:0:0:
366,191,71848,1,0,0:0:0:0:
330,192,71966,1,0,0:0:0:0:
114,168,72200,6,0,B|92:226|90:231|90:231|106:280,1,105.000004005432
197,310,72669,5,0,0:0:0:0:
249,191,72903,6,0,B|243:125|243:125|310:162,1,105.000004005432
408,255,73372,5,0,0:0:0:0:
338,139,73606,2,0,L|294:102,2,52.5000020027161
154,83,74075,6,0,B|127:153|127:156|127:156|143:200,1,105.000004005432
166,293,74544,2,0,B|80:263|80:263|78:215,2,105.000004005432
139,111,75247,5,0,0:0:0:0:
257,187,75481,1,0,0:0:0:0:
285,208,75598,1,0,0:0:0:0:
317,232,75716,1,0,0:0:0:0:
245,331,75950,6,0,B|184:319|184:319|153:273,1,105.000004005432
121,184,76419,2,0,B|57:211|57:211|52:258,2,105.000004005432
174,88,77122,5,0,0:0:0:0:
37,42,77356,1,0,0:0:0:0:
39,74,77473,1,0,0:0:0:0:
41,113,77591,1,0,0:0:0:0:
244,216,77825,6,0,B|272:161|272:161|317:182,1,105.000004005432
372,293,78294,5,0,0:0:0:0:
428,193,78528,2,0,L|402:140,1,52.5000020027161
252,64,78763,1,0,0:0:0:0:
126,108,78997,6,0,P|117:165|123:215,1,105.000004005432
212,279,79348,2,0,L|160:329,1,52.5000020027161
55,239,79700,5,0,0:0:0:0:
193,178,79934,1,0,0:0:0:0:
152,287,80169,1,0,0:0:0:0:
101,148,80403,1,0,0:0:0:0:
92,71,80638,2,0,B|163:82|163:82|208:109,1,105.000004005432
270,131,81106,6,0,L|315:103,2,52.5000020027161
409,166,81575,5,0,0:0:0:0:
357,303,81809,1,0,0:0:0:0:
464,334,82044,1,0,0:0:0:0:
241,289,82278,6,0,L|183:257,2,52.5000020027161
45,300,82747,5,0,0:0:0:0:
113,198,82981,1,0,0:0:0:0:
134,173,83098,1,0,0:0:0:0:
157,142,83216,1,0,0:0:0:0:
43,48,83450,6,0,B|88:84|88:84|144:61,1,105.000004005432
245,64,83919,2,0,B|281:115|281:115|279:172,1,105.000004005432
136,168,84388,5,0,0:0:0:0:
233,268,84622,1,0,0:0:0:0:
270,168,84856,2,0,L|316:140,2,52.5000020027161
423,227,85325,5,0,0:0:0:0:
316,329,85559,1,0,0:0:0:0:
332,195,85794,1,0,0:0:0:0:
244,84,86028,6,0,L|175:130,2,52.5000020027161
42,122,86497,5,0,0:0:0:0:
99,224,86731,2,0,L|139:266,2,52.5000020027161
261,350,87200,6,0,L|381:349,1,105.000004005432
412,229,87669,2,0,B|398:157|398:157|367:122,1,105.000004005432
263,93,88138,5,0,0:0:0:0:
137,170,88606,5,0,0:0:0:0:
74,277,88723,1,0,0:0:0:0:
137,170,88841,1,0,0:0:0:0:
230,304,89075,6,0,L|309:224,2,105.000004005432
199,117,89778,5,0,0:0:0:0:
199,117,90013,1,0,0:0:0:0:
61,62,90247,5,0,0:0:0:0:
74,176,90481,2,0,L|107:224,2,52.5000020027161
55,331,90950,5,0,0:0:0:0:
194,264,91184,1,0,0:0:0:0:
89,218,91419,1,0,0:0:0:0:
164,107,91653,6,0,P|224:137|252:175,1,105.000004005432
325,278,92122,5,0,0:0:0:0:
335,164,92356,2,0,L|354:110,2,52.5000020027161
188,61,92825,5,0,0:0:0:0:
108,182,93059,1,0,0:0:0:0:
225,171,93294,6,0,B|233:233|233:233|215:273,1,105.000004005432
77,316,93645,1,0,0:0:0:0:
77,316,93763,2,0,B|55:246|55:246|53:174,1,105.000004005432
57,57,94231,6,0,L|116:102,2,52.5000020027161
257,73,94700,6,0,B|266:136|266:136|309:166,1,105.000004005432
394,220,95169,2,0,B|306:214|306:214|291:233,1,105.000004005432
207,253,95638,2,0,B|200:189|200:189|230:152,1,105.000004005432
264,48,96106,6,0,L|191:48,2,52.5000020027161
66,113,96575,5,0,0:0:0:0:
166,223,96809,1,0,0:0:0:0:
194,102,97044,1,0,0:0:0:0:
63,220,97278,1,0,0:0:0:0:
61,312,97395,2,0,L|135:315,1,52.5000020027161
345,312,97747,6,0,B|462:337|462:337|459:335,1,105.000004005432
462,235,98098,6,0,L|417:183,1,52.5000020027161
312,129,98450,6,0,B|246:180|246:181|250:194|250:194|263:244,1,105.000004005432
195,308,98919,2,0,B|157:260|157:260|102:234,1,105.000004005432
49,87,99388,2,0,B|115:124|115:125|126:173,1,105.000004005432
235,185,99856,6,0,L|266:137,2,52.5000020027161
372,80,100325,5,0,0:0:0:0:
452,178,100559,1,0,0:0:0:0:
385,277,100794,1,0,0:0:0:0:
255,251,101028,6,0,L|192:195,2,52.5000020027161
91,117,101497,5,0,0:0:0:0:
50,256,101731,1,0,0:0:0:0:
143,210,101848,1,0,0:0:0:0:
226,162,101966,1,0,0:0:0:0:
365,160,102200,6,0,B|357:227|352:242|352:242|343:276,2,105.000004005432
101,195,102903,6,0,B|77:144|77:144|83:88,1,105.000004005432
236,45,103372,5,0,0:0:0:0:
331,140,103606,1,0,0:0:0:0:
305,174,103723,1,0,0:0:0:0:
282,206,103841,1,0,0:0:0:0:
46,335,104075,6,0,B|65:284|65:284|55:223,1,105.000004005432
55,125,104544,2,0,P|108:80|163:86,1,105.000004005432
256,140,104895,1,0,0:0:0:0:
343,80,105013,2,0,B|394:51|394:51|453:73,1,105.000004005432
429,182,105481,6,0,L|412:232,2,52.5000020027161
257,318,105950,5,0,0:0:0:0:
157,206,106184,1,0,0:0:0:0:
268,182,106419,1,0,0:0:0:0:
463,46,106653,6,0,B|396:65|396:65|321:54,1,105.000004005432
254,55,107122,5,0,0:0:0:0:
173,51,107356,2,0,L|94:53,2,52.5000020027161
54,191,107825,6,0,B|106:217|106:218|140:267,1,105.000004005432
262,264,108294,2,0,B|304:213|304:213|312:161,1,105.000004005432
207,72,108763,2,0,B|157:129|157:131|155:190,1,105.000004005432
159,258,109231,1,0,0:0:0:0:
187,284,109348,1,0,0:0:0:0:
219,306,109466,1,0,0:0:0:0:
375,308,109700,6,0,B|398:247|398:247|381:197,2,105.000004005432
221,102,110403,5,0,0:0:0:0:
66,71,110638,6,0,P|73:129|99:202,1,105.000004005432
178,211,111106,2,0,L|140:254,2,52.5000020027161
52,338,111575,1,0,0:0:0:0:
192,307,111809,1,0,0:0:0:0:
74,240,112044,1,0,0:0:0:0:
158,154,112278,6,0,P|225:189|241:220,2,105.000004005432
310,290,112981,6,0,L|357:253,2,52.5000020027161
448,335,113450,5,0,0:0:0:0:
455,208,113684,1,0,0:0:0:0:
338,286,113919,1,0,0:0:0:0:
338,286,114153,1,0,0:0:0:0:
74,148,114388,6,0,P|110:204|157:231,1,105.000004005432
171,274,114856,1,0,0:0:0:0:
196,293,114973,1,0,0:0:0:0:
221,317,115091,1,0,0:0:0:0:
337,337,115325,6,0,L|461:339,1,105.000004005432
467,257,115794,2,0,B|462:182|462:181|462:181|409:137,1,105.000004005432
293,124,116263,6,0,B|346:80|347:80|367:96|367:96|406:126,1,105.000004005432
463,92,116731,2,0,L|411:62,2,52.5000020027161
255,74,117200,5,0,0:0:0:0:
192,203,117434,1,0,0:0:0:0:
326,211,117669,1,0,0:0:0:0:
326,211,117903,1,0,0:0:0:0:
258,109,118138,5,0,0:0:0:0:
289,331,118372,6,0,P|242:288|238:238,1,105.000004005432
267,157,118723,2,0,L|199:133,1,52.5000020027161
52,123,119075,6,0,L|52:248,1,105.000004005432
51,350,119544,2,0,P|95:306|115:246,2,105.000004005432
175,190,120247,5,0,0:0:0:0:
290,263,120481,1,0,0:0:0:0:
323,291,120598,1,0,0:0:0:0:
354,314,120716,1,0,0:0:0:0:
430,211,120950,6,0,P|434:147|406:111,1,105.000004005432
248,62,121419,5,0,0:0:0:0:
115,118,121653,5,0,0:0:0:0:
51,312,121888,6,0,P|107:277|150:276,1,105.000004005432
260,262,122356,5,0,0:0:0:0:
285,291,122473,1,0,0:0:0:0:
313,318,122591,1,0,0:0:0:0:
461,273,122825,6,0,B|438:206|438:206|392:160,1,105.000004005432
281,200,123294,2,0,P|318:138|350:122,1,105.000004005432
426,169,123645,2,0,L|461:219,1,52.5000020027161
430,280,123997,6,0,P|386:310|331:309,1,105.000004005432
290,217,124348,2,0,L|243:189,1,52.5000020027161
133,164,124700,6,0,P|148:101|183:77,2,105.000004005432
290,103,125403,6,0,P|259:182|236:218,1,105.000004005432
180,235,125872,2,0,P|113:227|85:263,1,105.000004005432
108,325,126223,2,0,L|169:334,1,52.5000020027161
281,323,126575,5,0,0:0:0:0:
348,226,126809,1,0,0:0:0:0:
231,191,127044,1,0,0:0:0:0:
168,108,127278,6,0,L|159:55,1,52.5000020027161
43,43,127513,1,0,0:0:0:0:
78,181,127747,1,0,0:0:0:0:
150,277,127981,1,0,0:0:0:0:
180,251,128098,1,0,0:0:0:0:
208,230,128216,1,0,0:0:0:0:
454,320,128450,6,0,B|426:267|426:267|425:194,1,105.000004005432
416,85,128919,2,0,B|357:100|356:102|316:126,1,105.000004005432
234,189,129388,2,0,B|172:169|170:169|132:208,1,105.000004005432
137,306,129856,2,0,L|76:328,2,52.5000020027161
56,200,130325,5,0,0:0:0:0:
148,106,130559,1,0,0:0:0:0:
240,193,130794,6,0,B|303:138|303:138|321:98,1,105.000004005432
237,46,131145,6,0,L|178:48,1,52.5000020027161
92,118,131497,5,0,0:0:0:0:
136,204,131731,1,0,0:0:0:0:
163,229,131848,1,0,0:0:0:0:
189,254,131966,1,0,0:0:0:0:
286,286,132200,6,0,P|319:234|332:174,2,105.000004005432
261,128,132903,2,0,B|305:88|305:87|364:81,1,105.000004005432
99,217,133606,6,0,L|109:162,2,52.5000020027161
254,178,134075,2,0,L|342:241,3,105.000004005432
414,169,135013,5,0,0:0:0:0:
337,58,135247,1,0,0:0:0:0:
269,168,135481,1,0,0:0:0:0:
252,197,135598,1,0,0:0:0:0:
235,229,135716,1,0,0:0:0:0:
57,298,135950,6,0,B|65:211|65:211|95:171,1,105.000004005432
152,115,136419,2,0,B|129:64|129:64|61:36,2,105.000004005432
263,71,137122,5,0,0:0:0:0:
313,165,137356,2,0,L|364:204,2,52.5000020027161
265,282,137825,5,0,0:0:0:0:
152,193,138059,1,0,0:0:0:0:
265,282,138294,1,0,0:0:0:0:
152,193,138528,1,0,0:0:0:0:
265,282,138763,1,0,0:0:0:0:
260,81,138997,5,0,0:0:0:0:
320,166,139231,2,0,L|365:197,2,52.5000020027161
105,313,139700,6,0,B|121:251|121:251|157:204,1,105.000004005432
291,282,140169,2,0,B|294:213|294:213|271:160,1,105.000004005432
166,129,140638,6,0,B|217:160|217:160|235:211,1,105.000004005432
86,284,141106,5,0,0:0:0:0:
116,256,141223,1,0,0:0:0:0:
139,235,141341,1,0,0:0:0:0:
180,64,141575,5,0,0:0:0:0:
300,152,141809,1,0,0:0:0:0:
180,64,142044,1,0,0:0:0:0:
300,152,142278,1,0,0:0:0:0:
180,64,142513,1,0,0:0:0:0:
59,140,142747,6,0,B|119:184|120:184|161:217,1,105.000004005432
227,257,143098,2,0,L|265:206,1,52.5000020027161
252,88,143450,6,0,B|322:133|323:137|343:192,1,105.000004005432
316,274,143919,5,0,0:0:0:0:
199,334,144153,1,0,0:0:0:0:
112,217,144388,1,0,0:0:0:0:
250,66,144622,5,0,0:0:0:0:
321,131,144856,1,0,0:0:0:0:
350,160,144973,1,0,0:0:0:0:
372,184,145091,1,0,0:0:0:0:
280,302,145325,5,0,0:0:0:0:
166,205,145559,1,0,0:0:0:0:
280,302,145794,1,0,0:0:0:0:
166,205,146028,1,0,0:0:0:0:
280,302,146263,1,0,0:0:0:0:
296,71,146497,5,0,0:0:0:0:
134,111,146731,1,0,0:0:0:0:
118,144,146848,1,0,0:0:0:0:
105,175,146966,1,0,0:0:0:0:
57,316,147200,6,0,P|120:297|159:282,1,105.000004005432
250,260,147669,2,0,P|218:200|177:174,2,105.000004005432
56,125,148372,5,0,0:0:0:0:
151,66,148606,6,0,L|199:106,2,52.5000020027161
395,126,149075,5,0,0:0:0:0:
299,247,149309,1,0,0:0:0:0:
395,126,149544,1,0,0:0:0:0:
299,247,149778,1,0,0:0:0:0:
395,126,150013,1,0,0:0:0:0:
197,126,150247,6,0,P|152:185|141:225,1,105.000004005432
211,280,150598,2,0,L|265:308,1,52.5000020027161
384,235,150950,2,0,B|330:184|330:184|265:165,1,105.000004005432
115,186,151419,2,0,B|160:142|161:142|213:186,1,105.000004005432
136,313,151888,2,0,L|57:238,1,105.000004005432
65,112,152356,5,0,0:0:0:0:
92,90,152473,1,0,0:0:0:0:
121,69,152591,1,0,0:0:0:0:
252,73,152825,5,0,0:0:0:0:
370,193,153059,1,0,0:0:0:0:
252,73,153294,1,0,0:0:0:0:
370,193,153528,1,0,0:0:0:0:
252,73,153763,1,0,0:0:0:0:
118,140,153997,5,0,0:0:0:0:
143,240,154231,2,0,L|185:286,2,52.5000020027161
468,330,154700,6,0,B|434:278|434:278|423:222,1,105.000004005432
341,183,155169,2,0,B|285:215|283:217|215:218,1,105.000004005432
92,224,155638,2,0,B|106:164|106:164|141:123,1,105.000004005432
250,86,156106,1,0,0:0:0:0:
274,113,156223,1,0,0:0:0:0:
302,142,156341,1,0,0:0:0:0:
249,258,156575,6,0,L|172:168,4,105.000004005432
42,63,157747,5,0,0:0:0:0:
101,184,157981,1,0,0:0:0:0:
122,216,158098,1,0,0:0:0:0:
146,245,158216,1,0,0:0:0:0:
253,311,158450,6,0,P|273:260|270:200,1,105.000004005432
194,118,158919,2,0,P|232:64|276:48,1,105.000004005432
459,58,159388,2,0,P|404:95|377:142,1,105.000004005432
388,229,159856,6,0,L|324:204,2,52.5000020027161
194,163,160325,5,0,0:0:0:0:
88,72,160559,1,0,0:0:0:0:
194,163,160794,1,0,0:0:0:0:
88,72,161028,1,0,0:0:0:0:
194,163,161263,1,0,0:0:0:0:
41,200,161497,6,0,B|64:255|65:255|48:320,1,105.000004005432
146,327,161966,2,0,B|205:301|205:301|229:250,1,105.000004005432
281,154,162434,2,0,B|328:209|328:209|368:176,2,105.000004005432
378,80,163138,1,0,0:0:0:0:
221,58,163372,1,0,0:0:0:0:
148,177,163606,1,0,0:0:0:0:
174,205,163723,1,0,0:0:0:0:
206,233,163841,1,0,0:0:0:0:
378,219,164075,5,0,0:0:0:0:
316,128,164309,1,0,0:0:0:0:
378,219,164544,1,0,0:0:0:0:
316,128,164778,1,0,0:0:0:0:
378,219,165013,1,0,0:0:0:0:
