osu file format v14

[General]
AudioFilename: audio.mp3
AudioLeadIn: 0
PreviewTime: 5054
Countdown: 0
SampleSet: Soft
StackLeniency: 0.7
Mode: 0
LetterboxInBreaks: 0
WidescreenStoryboard: 1

[Editor]
DistanceSpacing: 3.1
BeatDivisor: 1
GridSize: 4
TimelineZoom: 1.75

[Metadata]
Title:Onii-Chan Baka Hentai
TitleUnicode:Onii-Chan Baka Hentai
Artist:Imoutosan
ArtistUnicode:Imoutosan
Creator:KoolKwoA
Version:Have trouble (Extra)
Source:Synex Xvii
Tags:Imoutosan Riverflowsinyou Lovenote Riverflowinyou OniiChan OniiChanBaka OniChanBakaHentai OniChan Menhera MenheraChan NiiChanBaka BakaHentai RyuuouoNoOshigoto Anime  Music Musik SynexXvii Synex Xvii
BeatmapID:3132519
BeatmapSetID:1268237

[Difficulty]
HPDrainRate:5.2
CircleSize:4
OverallDifficulty:9
ApproachRate:9.2
SliderMultiplier:2.60000000596047
SliderTickRate:1

[Events]
//Background and Video events
0,0,"7d83480b9d92c735e6ad87f8d4a1f7bd.jpg",0,0
Video,0,"Onii-Chan Baka Hentai - Lyrics.mp4"
//Break Periods
//Storyboard Layer 0 (Background)
//Storyboard Layer 1 (Fail)
//Storyboard Layer 2 (Pass)
//Storyboard Layer 3 (Foreground)
//Storyboard Layer 4 (Overlay)
//Storyboard Sound Samples

[TimingPoints]
2417,439.56043956044,4,2,1,60,1,0
5933,-66.6666666666667,4,2,1,60,0,0
16482,-66.6666666666667,4,2,1,60,0,1
26153,-66.6666666666667,4,2,1,60,0,0
34065,441.176470588235,4,2,1,60,1,0
48182,437.956204379562,4,2,1,60,1,0
56941,-66.6666666666667,4,2,1,50,0,1
61758,-100,4,2,1,50,0,0


[Colours]
Combo1 : 255,53,255
Combo2 : 255,45,45
Combo3 : 255,255,83
Combo4 : 159,255,64
Combo5 : 94,255,255
Combo6 : 43,106,255
Combo7 : 173,91,255

[HitObjects]
395,154,2416,6,0,B|367:193|367:193|272:220,1,130.000000298024,2|0,0:0|0:0,0:0:0:0:
40,136,2856,2,0,B|51:193|51:193|112:236,1,130.000000298024,2|0,0:0|0:0,0:0:0:0:
258,46,3296,2,0,B|224:88|224:88|208:164,1,130.000000298024,2|0,0:0|0:0,0:0:0:0:
428,300,3735,2,2,P|479:287|440:196,2,130.000000298024,2|2|2,0:0|0:0|0:0,0:0:0:0:
364,296,4285,5,2,0:0:0:0:
318,281,4395,1,2,0:0:0:0:
276,258,4504,1,2,0:0:0:0:
246,220,4614,1,2,0:0:0:0:
218,181,4724,1,2,0:0:0:0:
202,135,4834,1,2,0:0:0:0:
199,87,4944,1,2,0:0:0:0:
168,144,5054,6,2,L|140:272,2,130.000000298024,2|2|2,0:0|0:0|0:0,0:0:0:0:
349,80,5713,1,2,0:0:0:0:
160,140,5933,5,2,0:0:0:0:
484,360,6153,1,2,0:0:0:0:
192,324,6373,2,2,B|120:280|120:280|32:144,1,195.000007885695,2|2,0:0|0:0,0:0:0:0:
380,64,6812,5,2,0:0:0:0:
80,312,7032,1,2,0:0:0:0:
460,220,7252,5,2,0:0:0:0:
188,320,7471,1,2,0:0:0:0:
40,68,7691,2,2,B|88:156|88:156|180:224,1,195.000007885695,2|2,0:0|0:0,0:0:0:0:
440,112,8131,2,2,B|392:212|392:212|312:276,1,195.000007885695,2|2,0:0|0:0,0:0:0:0:
116,60,8570,5,2,0:0:0:0:
20,336,8790,1,2,0:0:0:0:
324,88,9010,1,2,0:0:0:0:
324,380,9230,1,2,0:0:0:0:
124,48,9449,5,2,0:0:0:0:
428,296,9669,1,2,0:0:0:0:
84,112,9889,5,2,0:0:0:0:
388,360,10109,1,2,0:0:0:0:
0,308,10329,5,2,0:0:0:0:
320,84,10548,1,2,0:0:0:0:
152,324,10768,5,2,0:0:0:0:
56,48,10988,1,2,0:0:0:0:
456,328,11208,1,2,0:0:0:0:
200,188,11427,2,2,B|160:232|116:244|116:244|64:228|32:192,2,195.000007885695,2|2|2,0:0|0:0|0:0,0:0:0:0:
456,40,12087,5,2,0:0:0:0:
128,248,12307,1,2,0:0:0:0:
452,36,12526,1,2,0:0:0:0:
176,312,12746,1,2,0:0:0:0:
500,96,12966,2,2,B|452:176|452:176|368:236,1,195.000007885695,2|0,0:0|0:0,0:0:0:0:
28,44,13406,2,2,B|69:138|69:138|64:248,1,195.000007885695,2|0,0:0|0:0,0:0:0:0:
456,228,13845,5,2,0:0:0:0:
64,231,14065,1,2,0:0:0:0:
456,220,14285,1,2,0:0:0:0:
88,344,14504,1,2,0:0:0:0:
380,88,14724,2,2,B|345:35|300:84|300:84|260:-12|196:64,1,195.000007885695,2|0,0:0|0:0,0:0:0:0:
468,348,15164,2,2,B|368:348|368:348|288:280,1,195.000007885695,2|0,0:0|0:0,0:0:0:0:
16,12,15603,5,2,0:0:0:0:
408,16,15823,1,2,0:0:0:0:
408,308,16043,1,2,0:0:0:0:
116,308,16263,1,2,0:0:0:0:
424,68,16482,5,2,0:0:0:0:
20,340,16702,1,2,0:0:0:0:
508,320,16922,5,2,0:0:0:0:
136,4,17142,1,2,0:0:0:0:
496,332,17362,5,2,0:0:0:0:
12,360,17581,1,2,0:0:0:0:
480,216,17801,5,2,0:0:0:0:
28,36,18021,1,2,0:0:0:0:
468,252,18241,2,2,L|468:380,1,97.5000039428476,2|2,0:0|0:0,0:0:0:0:
372,352,18460,2,2,L|264:352,2,97.5000039428476,2|2|2,0:0|0:0|0:0,0:0:0:0:
508,28,18900,1,2,0:0:0:0:
120,48,19120,5,2,0:0:0:0:
488,180,19340,1,2,0:0:0:0:
44,376,19559,1,2,0:0:0:0:
172,8,19779,1,2,0:0:0:0:
496,372,19999,1,2,0:0:0:0:
140,212,20219,6,2,L|252:252,1,97.5000039428476,2|2,0:0|0:0,0:0:0:0:
412,172,20438,2,2,L|304:216,1,97.5000039428476,2|2,0:0|0:0,0:0:0:0:
184,68,20658,2,2,L|240:168,1,97.5000039428476,2|2,0:0|0:0,0:0:0:0:
376,20,20878,5,2,0:0:0:0:
12,344,21098,1,2,0:0:0:0:
476,188,21318,5,2,0:0:0:0:
124,24,21537,1,2,0:0:0:0:
512,320,21757,2,2,B|424:320|424:320|304:292,1,195.000007885695,2|2,0:0|0:0,0:0:0:0:
484,32,22197,1,2,0:0:0:0:
464,356,22636,5,2,0:0:0:0:
72,356,22856,1,2,0:0:0:0:
452,52,23076,1,2,0:0:0:0:
216,360,23296,1,2,0:0:0:0:
16,28,23515,5,2,0:0:0:0:
424,300,23735,1,2,0:0:0:0:
44,212,23955,5,2,0:0:0:0:
496,32,24175,1,2,0:0:0:0:
108,60,24395,5,2,0:0:0:0:
504,340,24614,1,2,0:0:0:0:
112,332,24834,5,2,0:0:0:0:
324,4,25054,1,2,0:0:0:0:
504,352,25274,1,2,0:0:0:0:
214,93,25493,1,2,0:0:0:0:
24,320,25713,1,2,0:0:0:0:
468,75,26153,5,2,0:0:0:0:
195,354,26373,1,2,0:0:0:0:
18,13,26592,1,2,0:0:0:0:
18,13,26812,1,2,0:0:0:0:
19,185,27032,2,2,P|113:246|222:257,1,195.000007885695,2|2,0:0|0:0,0:0:0:0:
444,222,27471,2,2,P|320:193|284:109,1,195.000007885695,2|2,0:0|0:0,0:0:0:0:
128,339,27911,5,2,0:0:0:0:
324,1,28131,1,2,0:0:0:0:
491,358,28351,1,2,0:0:0:0:
491,358,28570,1,2,0:0:0:0:
272,72,28790,6,2,P|154:70|148:186,1,195.000007885695,2|2,0:0|0:0,0:0:0:0:
331,339,29230,2,2,P|412:283|386:187,1,195.000007885695,2|2,0:0|0:0,0:0:0:0:
50,139,29669,5,2,0:0:0:0:
476,321,29889,1,2,0:0:0:0:
173,19,30109,1,2,0:0:0:0:
35,333,30329,1,2,0:0:0:0:
430,170,30548,6,2,P|378:163|322:184,1,97.5000039428476,2|2,0:0|0:0,0:0:0:0:
226,242,30768,2,2,P|257:294|300:306,1,97.5000039428476,2|2,0:0|0:0,0:0:0:0:
417,304,30988,2,2,P|399:256|372:217,1,97.5000039428476,2|2,0:0|0:0,0:0:0:0:
250,181,31208,2,2,P|189:188|165:228,1,97.5000039428476,2|2,0:0|0:0,0:0:0:0:
131,354,31427,5,2,0:0:0:0:
46,19,31647,1,2,0:0:0:0:
300,235,31867,5,2,0:0:0:0:
300,235,32087,1,2,0:0:0:0:
469,34,32307,5,2,0:0:0:0:
28,112,32526,1,2,0:0:0:0:
28,112,32636,1,2,0:0:0:0:
28,112,32746,1,2,0:0:0:0:
330,358,32966,1,2,0:0:0:0:
168,2,33186,1,2,0:0:0:0:
508,193,33406,1,2,0:0:0:0:
69,244,33625,2,2,P|24:201|76:241,1,195.000007885695,2|2,0:0|0:0,0:0:0:0:
331,3,34065,5,2,0:0:0:0:
340,354,34285,1,2,0:0:0:0:
200,140,34506,2,2,P|193:62|254:23,1,130.000000298024,2|2,0:0|0:0,0:0:0:0:
2,97,34947,1,2,0:0:0:0:
467,92,35167,1,2,0:0:0:0:
452,223,35388,2,2,P|411:295|361:322,1,130.000000298024,2|2,0:0|0:0,0:0:0:0:
324,88,35829,5,2,0:0:0:0:
249,363,36050,1,2,0:0:0:0:
215,76,36270,2,2,B|159:112|159:112|122:183,1,130.000000298024,2|2,0:0|0:0,0:0:0:0:
486,27,36712,5,2,0:0:0:0:
21,361,37153,1,2,0:0:0:0:
417,235,37594,2,2,P|475:186|487:120,1,130.000000298024,2|2,0:0|0:0,0:0:0:0:
233,189,38035,1,2,0:0:0:0:
471,293,38256,1,2,0:0:0:0:
0,291,38476,1,2,0:0:0:0:
482,126,38697,5,2,0:0:0:0:
4,115,38917,1,2,0:0:0:0:
342,120,39138,5,2,0:0:0:0:
106,363,39359,1,2,0:0:0:0:
186,35,39579,2,2,L|184:195,1,130.000000298024,2|2,0:0|0:0,0:0:0:0:
445,19,40020,1,2,0:0:0:0:
0,5,40241,1,2,0:0:0:0:
504,375,40682,1,2,0:0:0:0:
39,142,41123,5,2,0:0:0:0:
251,292,41344,1,2,0:0:0:0:
243,32,41564,2,2,P|211:88|174:53,1,130.000000298024,2|2,0:0|0:0,0:0:0:0:
509,325,42006,1,2,0:0:0:0:
357,114,42226,1,2,0:0:0:0:
12,200,42447,1,2,0:0:0:0:
256,286,42667,5,2,0:0:0:0:
500,210,42888,1,2,0:0:0:0:
248,21,43109,1,2,0:0:0:0:
259,368,43329,1,2,0:0:0:0:
254,68,43550,1,2,0:0:0:0:
18,364,43770,1,2,0:0:0:0:
505,9,44212,1,2,0:0:0:0:
39,36,44653,6,2,B|83:92|83:92|105:159,1,130.000000298024,2|2,0:0|0:0,0:0:0:0:
499,151,45094,1,2,0:0:0:0:
282,356,45314,1,2,0:0:0:0:
501,7,45535,1,2,0:0:0:0:
275,204,45756,1,2,0:0:0:0:
492,330,45976,1,2,0:0:0:0:
251,23,46197,5,2,0:0:0:0:
71,261,46417,1,2,0:0:0:0:
491,339,46638,1,2,0:0:0:0:
491,339,46748,1,2,0:0:0:0:
491,339,46859,1,2,0:0:0:0:
8,330,47079,1,2,0:0:0:0:
496,266,47300,1,2,0:0:0:0:
198,240,47520,1,2,0:0:0:0:
412,25,47741,1,2,0:0:0:0:
34,45,48182,6,2,B|49:116|49:116|42:177,1,130.000000298024,2|2,0:0|0:0,0:0:0:0:
266,6,48619,1,2,0:0:0:0:
148,280,48838,2,2,P|208:327|281:342,2,130.000000298024,2|2|2,0:0|0:0|0:0,0:0:0:0:
17,24,49495,1,2,0:0:0:0:
500,86,49714,5,2,0:0:0:0:
34,357,49933,1,2,0:0:0:0:
169,90,50152,1,2,0:0:0:0:
291,362,50371,1,2,0:0:0:0:
408,86,50590,1,2,0:0:0:0:
3,136,50809,1,2,0:0:0:0:
210,11,51028,1,2,0:0:0:0:
493,372,51247,1,2,0:0:0:0:
116,245,51685,5,2,0:0:0:0:
398,147,51904,1,2,0:0:0:0:
108,72,52123,1,2,0:0:0:0:
494,226,52342,1,2,0:0:0:0:
107,367,52561,1,2,0:0:0:0:
259,109,52780,1,2,0:0:0:0:
404,370,52999,1,2,0:0:0:0:
14,351,53218,5,2,0:0:0:0:
203,10,53437,1,2,0:0:0:0:
11,120,53656,1,2,0:0:0:0:
496,87,53875,5,2,0:0:0:0:
6,275,54094,1,2,0:0:0:0:
506,272,54313,6,2,B|465:230|465:230|394:211,1,130.000000298024,2|2,0:0|0:0,0:0:0:0:
105,135,54751,2,2,B|154:194|154:194|226:220,1,130.000000298024,2|2,0:0|0:0,0:0:0:0:
447,36,55189,2,2,P|359:57|298:55,2,130.000000298024,2|2|2,0:0|0:0|0:0,0:0:0:0:
147,60,55846,5,2,0:0:0:0:
443,102,56065,1,2,0:0:0:0:
249,329,56284,1,2,0:0:0:0:
332,41,56503,1,2,0:0:0:0:
20,363,56722,5,2,0:0:0:0:
232,17,56941,1,2,0:0:0:0:
471,375,57160,1,2,0:0:0:0:
9,14,57379,5,2,0:0:0:0:
484,355,57598,1,2,0:0:0:0:
5,301,57817,5,2,0:0:0:0:
504,189,58036,1,2,0:0:0:0:
17,19,58254,1,2,0:0:0:0:
254,16,58473,1,2,0:0:0:0:
257,372,58692,5,2,0:0:0:0:
72,17,58911,1,2,0:0:0:0:
468,17,59130,5,2,0:0:0:0:
7,378,59349,1,2,0:0:0:0:
493,18,59568,5,2,0:0:0:0:
347,310,59787,1,2,0:0:0:0:
183,24,60006,1,2,0:0:0:0:
493,374,60225,5,2,0:0:0:0:
7,13,60444,1,2,0:0:0:0:
253,17,60663,1,2,0:0:0:0:
252,370,60882,5,2,0:0:0:0:
482,26,61101,1,2,0:0:0:0:
0,192,61320,5,2,0:0:0:0:
256,192,61539,1,2,0:0:0:0:
512,192,61758,1,2,0:0:0:0:
