osu file format v14

[General]
AudioFilename: freefall.mp3
AudioLeadIn: 0
PreviewTime: 53220
Countdown: 0
SampleSet: Normal
StackLeniency: 0.7
Mode: 0
LetterboxInBreaks: 0
WidescreenStoryboard: 1

[Editor]
DistanceSpacing: 1
BeatDivisor: 4
GridSize: 32
TimelineZoom: 1.1

[Metadata]
Title:Mizu's Jump Training #2
TitleUnicode:Mizu's Jump Training #2
Artist:Various Artists
ArtistUnicode:Various Artists
Creator:Mizu
Version:Bonus: Free Fall
Source:
Tags:one ok rock mizus geoxor survive said the prophet the overdressed monkeys touhou
BeatmapID:2218194
BeatmapSetID:1019966

[Difficulty]
HPDrainRate:3
CircleSize:4
OverallDifficulty:8
ApproachRate:9
SliderMultiplier:1.6
SliderTickRate:1

[Events]
//Background and Video events
0,0,"freefall2.jpg",0,0
//Break Periods
//Storyboard Layer 0 (Background)
//Storyboard Layer 1 (Fail)
//Storyboard Layer 2 (Pass)
//Storyboard Layer 3 (Foreground)
//Storyboard Layer 4 (Overlay)
//Storyboard Sound Samples

[TimingPoints]
4244,441.176470588235,4,1,0,40,1,0
4244,-133.333333333333,4,1,0,40,0,0
4905,441.176470588235,4,1,0,40,1,0
4905,-133.333333333333,4,1,0,40,0,0
6669,-100,4,1,0,40,0,0
8876,-133.333333333333,4,1,0,40,0,0
11082,-133.333333333333,4,1,0,5,0,0
11523,-133.333333333333,4,1,0,40,0,0
11963,-83.3333333333333,4,1,0,40,0,0
15934,-133.333333333333,4,1,0,40,0,0
16816,-100,4,1,0,40,0,0
27625,-133.333333333333,4,1,0,40,0,0
28507,-133.333333333333,4,1,0,40,0,0
29169,-105.263157894737,4,1,0,40,0,0
40860,-166.666666666667,4,1,0,40,0,0
41963,-166.666666666667,4,1,0,5,0,0
42184,-105.263157894737,4,1,0,40,0,0
44610,-200,4,1,0,40,0,0
45934,-200,4,1,0,5,0,0
46375,-105.263157894737,4,1,0,40,0,0
48802,-166.666666666667,4,1,0,40,0,0
49904,-105.263157894737,4,1,0,40,0,0
53434,-90.9090909090909,4,1,0,40,0,0
54318,-76.9230769230769,4,1,0,70,0,1
65566,-80,4,1,0,70,0,1
75494,-100,4,1,0,45,0,0
96559,-100,4,1,0,5,0,0
96669,-100,4,1,0,45,0,0
97331,-133.333333333333,4,1,0,45,0,0
98654,-100,4,1,0,45,0,0
100860,-133.333333333333,4,1,0,45,0,0
102184,-100,4,1,0,45,0,0
110788,-74.0740740740741,4,1,0,70,0,1
131963,-100,4,1,0,45,0,0
139463,-83.3333333333333,4,1,0,45,0,0
153141,-74.0740740740741,4,1,0,70,0,1
160199,-153.846153846153,4,1,0,45,0,0
161963,-100,4,1,0,45,0,0
163507,-153.846153846153,4,1,0,45,0,0
165493,-100,4,1,0,45,0,0
171228,-153.846153846153,4,1,0,45,0,0
172552,-133.333333333333,4,1,0,45,0,0
174316,-100,4,1,0,45,0,0
188434,-76.9230769230769,4,1,0,70,0,1
207846,-133.333333333333,4,1,0,70,0,1
210715,-153.846153846153,4,1,0,45,0,0


[HitObjects]
128,224,4244,5,0,0:0:0:0:
96,96,4464,1,0,0:0:0:0:
224,64,4685,1,0,0:0:0:0:
256,192,4905,2,0,B|256:224|256:224|272:272|240:320,1,120.000004577637
138,261,5566,1,0,0:0:0:0:
138,261,5787,2,0,P|172:232|158:274,1,120.000004577637
384,304,6669,6,0,L|368:208|368:208,1,80
352,128,7110,1,0,0:0:0:0:
256,64,7331,1,0,0:0:0:0:
160,128,7552,5,0,0:0:0:0:
128,224,7772,1,0,0:0:0:0:
224,256,7993,1,0,0:0:0:0:
256,160,8213,1,0,0:0:0:0:
128,224,8434,6,0,P|120:264|128:304,1,80
223,334,8875,2,0,P|231:294|223:254,1,80
168,80,9316,6,0,L|232:72,1,60.0000022888184
320,168,9757,2,0,L|256:160,1,60.0000022888184
304,64,10199,5,0,0:0:0:0:
304,64,10640,2,0,B|360:40|424:104|480:64,1,180.000006866455
496,192,11522,2,0,L|504:264,1,60.0000022888184
416,352,11963,5,8,0:3:0:0:
416,352,12184,2,0,P|368:344|320:352,1,95.9999970703126
184,248,12625,2,0,L|176:152,1,95.9999970703126,8|0,0:3|0:0,0:0:0:0:
320,48,13066,2,0,L|312:144,1,95.9999970703126
208,296,13507,2,0,L|200:200,1,95.9999970703126
344,96,13949,2,0,L|336:192,1,95.9999970703126
321,351,14390,1,0,0:0:0:0:
320,360,15052,1,0,0:0:0:0:
160,288,15493,5,0,0:0:0:0:
128,160,15713,1,0,0:0:0:0:
160,32,15934,2,0,B|198:23|198:23|194:43|194:43|254:-1|306:20,1,180.000006866455
408,112,16816,2,0,L|392:192,1,80
448,352,17257,6,0,P|376:328|296:352,1,160
128,328,17919,2,0,L|120:248,1,80
309,114,18360,5,0,0:0:0:0:
290,225,18581,1,0,0:0:0:0:
197,159,18802,2,0,L|190:80,1,80,0|8,0:0|0:3,0:0:0:0:
189,79,19243,1,0,0:0:0:0:
448,96,19463,5,0,0:0:0:0:
480,224,19684,1,0,0:0:0:0:
448,352,19904,2,0,L|368:368,1,80
288,208,20346,2,0,L|368:224,1,80
192,320,20787,5,0,0:0:0:0:
160,128,21007,1,0,0:0:0:0:
352,96,21228,1,0,0:0:0:0:
384,288,21449,1,0,0:0:0:0:
224,192,21669,5,0,0:0:0:0:
320,352,21890,1,0,0:0:0:0:
352,128,22110,1,0,0:0:0:0:
192,288,22331,1,0,0:0:0:0:
384,256,22552,5,8,0:3:0:0:
256,96,22772,1,0,0:0:0:0:
256,96,22993,2,0,P|216:88|176:96,1,80,0|8,0:0|0:3,0:0:0:0:
88,8,23434,2,0,P|72:128|147:215,1,240
208,296,24316,6,0,P|248:288|288:296,1,80
336,384,24757,2,0,B|424:320|352:256|449:181,1,240
504,88,25640,2,0,L|488:0,1,80
328,40,26081,5,8,0:3:0:0:
328,40,26302,2,0,P|280:32|232:48,1,80
288,120,26743,2,0,P|248:148|225:193,1,80,8|0,0:3|0:0,0:0:0:0:
320,200,27184,2,0,P|312:248|328:296,1,80
400,240,27625,2,0,B|421:277|442:278|442:278|436:296|436:296|488:336|496:392,1,180.000006866455
336,328,28507,2,0,P|272:312|216:328,1,120.000004577637
104,376,29169,2,0,P|76:350|34:335,1,75.9999979705811
57,176,29610,5,8,0:3:0:0:
57,176,29831,2,0,P|49:136|57:96,1,75.9999979705811
152,24,30272,1,8,0:3:0:0:
152,24,30493,2,0,L|168:104,1,75.9999979705811
200,224,30934,2,0,P|240:216|280:224,1,75.9999979705811,8|0,0:3|0:0,0:0:0:0:
368,304,31375,5,0,0:0:0:0:
368,304,31596,2,0,L|392:224,1,75.9999979705811,8|0,0:3|0:0,0:0:0:0:
424,120,32037,1,0,0:0:0:0:
424,120,32257,2,0,P|384:104|352:104,1,75.9999979705811,8|0,0:3|0:0,0:0:0:0:
232,56,32699,2,0,L|224:136,1,75.9999979705811,8|0,0:3|0:0,0:0:0:0:
208,272,33140,5,8,0:3:0:0:
208,272,33360,2,0,B|204:292|204:292|248:240,1,75.9999979705811
344,292,33802,1,8,0:3:0:0:
344,292,34022,2,0,P|352:252|344:216,1,75.9999979705811
416,112,34463,2,0,L|340:92,1,75.9999979705811,8|0,0:3|0:0,0:0:0:0:
232,52,34904,5,0,0:0:0:0:
232,52,35125,2,0,P|192:48|156:52,1,75.9999979705811,8|0,0:3|0:0,0:0:0:0:
40,120,35566,1,0,0:0:0:0:
40,120,35787,2,0,L|32:196,1,75.9999979705811,8|0,0:3|0:0,0:0:0:0:
20,320,36228,2,0,B|56:324|56:324|60:328|60:328|96:332,1,75.9999979705811,8|0,0:3|0:0,0:0:0:0:
228,348,36669,5,8,0:3:0:0:
228,348,36890,2,0,P|244:312|240:272,1,75.9999979705811
200,144,37331,1,8,0:3:0:0:
200,144,37552,2,0,L|196:60,1,75.9999979705811
316,16,37993,2,0,L|312:100,1,75.9999979705811,8|0,0:3|0:0,0:0:0:0:
304,252,38434,5,8,0:3:0:0:
304,252,38654,1,8,0:3:0:0:
376,112,38875,1,0,0:0:0:0:
416,308,39096,1,0,0:0:0:0:
229,152,39316,1,8,0:3:0:0:
428,204,39537,1,0,0:0:0:0:
260,351,39757,1,8,0:3:0:0:
307,63,39978,1,0,0:0:0:0:
502,267,40199,6,0,P|508:309|505:344,2,75.9999979705811,8|0|0,0:3|0:0|0:0,0:0:0:0:
416,308,40860,2,0,B|314:256|280:360|183:300,1,239.999992675781
91,341,42184,2,0,P|86:301|90:265,1,75.9999979705811
90,265,42625,1,0,0:0:0:0:
179,146,42846,5,0,0:0:0:0:
243,242,43066,1,0,0:0:0:0:
339,178,43287,1,0,0:0:0:0:
275,82,43507,1,0,0:0:0:0:
101,103,43728,6,0,P|92:148|100:192,2,75.9999979705811
216,34,44390,1,0,0:0:0:0:
216,34,44610,2,0,B|318:86|352:-18|450:41,1,240
392,121,46375,6,0,L|400:197,1,75.9999979705811
399,196,46816,1,0,0:0:0:0:
377,306,47037,1,0,0:0:0:0:
238,185,47257,6,0,P|198:177|162:185,1,75.9999979705811
84,266,47699,1,0,0:0:0:0:
84,266,47919,2,0,L|81:342,1,75.9999979705811
377,306,48581,1,0,0:0:0:0:
305,354,48802,2,0,B|285:314|300:267|300:267|295:254|295:254|304:217|285:167,1,191.999994140625
212,217,49904,1,0,0:0:0:0:
212,217,50346,5,0,0:0:0:0:
128,160,50566,1,0,0:0:0:0:
78,69,50787,2,0,P|123:57|167:68,1,75.9999979705811
280,88,51228,1,0,0:0:0:0:
272,12,51449,2,0,L|280:92,1,75.9999979705811
438,180,52110,1,0,0:0:0:0:
424,74,52331,1,0,0:0:0:0:
269,280,52552,5,0,0:0:0:0:
274,163,52772,1,0,0:0:0:0:
360,231,52993,1,0,0:0:0:0:
180,331,53213,1,0,0:0:0:0:
174,137,53434,2,0,L|170:42,1,88.000002685547
360,231,53875,2,0,L|356:136,1,88.000002685547,4|0,0:3|0:0,0:0:0:0:
91,357,54316,5,8,0:3:0:0:
101,197,54537,1,0,0:0:0:0:
242,295,54757,1,0,0:0:0:0:
246,66,54978,6,0,P|187:83|98:206,1,207.999990478516,8|0,0:3|0:0,0:0:0:0:
242,295,55640,1,8,0:3:0:0:
91,357,55860,1,0,0:0:0:0:
312,142,56081,5,0,0:0:0:0:
335,347,56302,2,0,B|326:257|326:257|320:244|320:244|311:136,1,207.999990478516,8|0,0:3|0:0,0:0:0:0:
311,141,56963,1,8,0:3:0:0:
474,194,57184,1,0,0:0:0:0:
474,90,57404,2,0,L|473:200,1,103.999995239258,8|0,0:3|0:0,0:0:0:0:
212,309,57846,6,0,L|211:205,1,103.999995239258,8|0,0:3|0:0,0:0:0:0:
191,58,58287,1,0,0:0:0:0:
43,182,58507,2,0,P|68:125|199:57,1,207.999990478516,8|0,0:3|0:0,0:0:0:0:
211,205,59169,1,8,0:3:0:0:
302,52,59390,1,0,0:0:0:0:
361,291,59610,5,0,0:0:0:0:
361,291,59831,2,0,B|314:311|267:296|267:296|253:301|253:301|204:294|158:320,1,207.999990478516,8|0,0:3|0:0,0:0:0:0:
160,320,60493,1,8,0:3:0:0:
128,192,60713,1,0,0:0:0:0:
0,224,60934,1,8,0:3:0:0:
32,352,61154,1,0,0:0:0:0:
240,80,61375,5,8,0:3:0:0:
208,240,61596,1,0,0:0:0:0:
416,288,61816,1,0,0:0:0:0:
448,32,62037,2,0,P|384:16|448:64,1,207.999990478516,8|0,0:3|0:0,0:0:0:0:
437,78,62699,1,8,0:3:0:0:
479,183,62919,1,0,0:0:0:0:
344,348,63140,5,0,0:0:0:0:
158,295,63360,2,0,P|208:283|345:350,1,207.999990478516,8|0,0:3|0:0,0:0:0:0:
448,288,64022,1,8,0:3:0:0:
448,288,64243,1,0,0:0:0:0:
395,88,64463,1,8,0:3:0:0:
395,88,64684,1,0,0:0:0:0:
149,211,64904,5,8,0:3:0:0:
210,26,65125,1,0,0:0:0:0:
395,88,65346,1,0,0:0:0:0:
333,272,65566,2,0,B|359:232|355:181|355:181|361:174|361:174|363:123|394:87,1,200,8|0,0:3|0:0,0:0:0:0:
460,162,66228,1,8,0:3:0:0:
270,210,66449,1,0,0:0:0:0:
83,0,66669,5,0,0:0:0:0:
27,220,66890,1,8,0:3:0:0:
113,151,67110,1,8,0:3:0:0:
4,129,67331,1,0,0:0:0:0:
230,338,67552,5,0,0:0:0:0:
218,121,67772,1,8,0:3:0:0:
113,151,67993,1,8,0:3:0:0:
195,223,68213,1,0,0:0:0:0:
380,36,68434,5,8,0:3:0:0:
217,120,68654,1,0,0:0:0:0:
333,189,68875,1,0,0:0:0:0:
217,120,69096,2,0,B|210:213|210:213|216:231|216:231|211:318,1,200,8|0,0:3|0:0,0:0:0:0:
211,318,69757,1,8,0:3:0:0:
346,288,69978,1,0,0:0:0:0:
88,271,70199,5,0,0:0:0:0:
88,271,70419,2,0,B|64:195|101:140|101:140|86:74,1,200,8|0,0:3|0:0,0:0:0:0:
246,221,71081,5,8,0:3:0:0:
238,79,71302,1,0,0:0:0:0:
400,253,71522,1,8,0:3:0:0:
414,67,71743,1,0,0:0:0:0:
216,239,71963,5,8,0:3:0:0:
207,54,72184,1,0,0:0:0:0:
420,278,72404,1,0,0:0:0:0:
439,45,72625,2,0,B|388:36|388:36|336:49|336:49|239:35,1,200,8|0,0:3|0:0,0:0:0:0:
242,35,73287,5,8,0:3:0:0:
164,122,73507,1,0,0:0:0:0:
258,281,73728,2,0,P|311:273|405:308,2,150
148,348,74610,2,0,P|95:340|1:375,2,150,8|8|8,0:3|0:3|0:3,0:0:0:0:
254,185,75493,6,0,B|335:141|371:226|453:180,1,200,0|8,0:0|0:3,0:0:0:0:
401,102,76154,1,0,0:0:0:0:
500,256,76375,2,0,B|509:382|509:382|479:352,2,160,0|8|0,0:0|0:3|0:0,0:0:0:0:
500,256,77478,1,0,0:0:0:0:
506,142,77699,2,0,P|471:111|396:103,1,120,8|8,0:3|0:3,0:0:0:0:
369,75,78140,2,0,L|278:68,1,80
217,142,78581,1,8,0:3:0:0:
148,220,78802,1,0,0:0:0:0:
252,307,79022,6,0,L|247:217,1,80
352,173,79463,2,0,L|357:263,1,80,8|0,0:3|0:0,0:0:0:0:
482,339,79904,2,0,P|436:341|407:357,1,80
406,357,80346,1,8,0:3:0:0:
174,201,80787,6,0,P|216:206|252:233,1,80
172,298,81228,1,8,0:3:0:0:
314,166,81449,2,0,L|306:115,2,40
341,272,81890,1,0,0:0:0:0:
367,376,82110,1,8,0:3:0:0:
462,143,82331,6,4,P|410:128|296:186,1,160,4|4,0:3|0:3,0:3:0:0:
399,220,82993,1,8,0:3:0:0:
314,274,83213,1,0,0:0:0:0:
203,71,83434,2,0,B|199:124|199:124|202:135|202:135|197:191,2,120
52,160,84537,5,0,0:0:0:0:
52,160,84757,2,0,L|46:244,1,80,8|0,0:3|0:0,0:0:0:0:
134,334,85199,2,0,P|178:328|248:359,1,120
281,331,85640,2,0,L|287:241,1,80,8|0,0:3|0:0,0:0:0:0:
422,135,86081,5,0,0:0:0:0:
427,214,86302,2,0,L|421:123,1,80,0|8,0:0|0:3,0:0:0:0:
249,68,86743,1,0,0:0:0:0:
243,147,86963,2,0,L|249:56,1,80
409,0,87404,2,0,L|415:91,1,80,8|0,0:3|0:0,0:0:0:0:
436,296,87846,5,0,0:0:0:0:
335,187,88066,1,0,0:0:0:0:
318,304,88287,2,0,B|323:248|323:248|329:241|329:241|335:183,1,120,8|8,0:3|0:3,0:0:0:0:
370,157,88728,2,0,L|361:76,1,80
226,23,89169,2,0,L|217:104,1,80,8|0,0:3|0:0,0:0:0:0:
42,293,89610,6,0,P|90:276|138:293,1,80,8|0,0:3|0:0,0:0:0:0:
134,174,90052,2,0,P|180:196|202:242,1,80,8|0,0:3|0:0,0:0:0:0:
289,165,90493,2,0,P|305:213|289:261,1,80,8|0,0:3|0:0,0:0:0:0:
408,257,90935,2,0,P|385:303|340:325,1,80,8|0,0:3|0:0,0:0:0:0:
454,148,91375,6,8,P|405:131|357:148,1,80,0|0,0:0|0:0,0:3:0:0:
362,29,91817,2,0,P|316:52|294:97,1,80,8|0,0:3|0:0,0:0:0:0:
207,20,92258,2,0,P|190:68|207:116,1,80,8|0,0:3|0:0,0:0:0:0:
88,112,92700,2,0,P|110:158|156:180,1,80,8|0,0:3|0:0,0:0:0:0:
365,337,93140,6,0,L|370:255,1,80,8|0,0:3|0:0,0:0:0:0:
218,172,93581,2,0,L|223:254,1,80,8|0,0:3|0:0,0:0:0:0:
424,180,94022,2,0,L|429:98,1,80,8|0,0:3|0:0,0:0:0:0:
205,5,94463,2,0,L|210:87,1,80,8|0,0:3|0:0,0:0:0:0:
234,356,94904,5,12,0:3:0:0:
256,192,95125,12,0,96559,0:0:0:0:
195,240,96669,6,0,L|191:330,2,80
95,264,97331,2,0,B|81:188|136:125|221:141|221:141|246:98|292:89,1,300.000011444092
348,221,98654,6,0,L|352:303,1,80
455,355,99096,2,0,L|457:311,1,40
490,284,99316,2,0,B|482:244|482:244|486:200,1,80
380,141,99757,2,0,B|388:101|388:101|384:57,1,80
199,87,100199,6,0,L|206:6,2,80,8|0|0,0:3|0:0|0:0,0:0:0:0:
80,127,100860,2,0,B|152:152|179:232|123:297|123:297|148:340|133:385,1,300.000011444092
225,307,102184,2,0,P|268:299|371:353,1,160
368,348,103287,1,0,0:0:0:0:
416,254,103507,1,0,0:0:0:0:
281,78,103728,6,0,B|209:70|209:70|198:75|198:75|122:65,1,160,8|0,0:3|0:0,0:0:0:0:
42,155,104390,2,0,P|63:200|51:313,1,160
153,355,105052,1,0,0:0:0:0:
153,355,105272,2,0,L|240:347,1,80
413,261,105713,6,0,L|418:179,1,80
316,293,106154,2,0,L|324:128,1,160
323,133,106816,1,0,0:0:0:0:
417,181,107037,1,0,0:0:0:0:
261,48,107257,6,0,B|222:45|222:45|142:69|142:69|96:64,1,160,8|0,0:3|0:0,0:0:0:0:
13,7,107919,2,0,B|-39:109|65:143|6:241,1,240
7,237,108802,1,0,0:0:0:0:
237,358,109022,5,8,0:3:0:0:
254,194,109243,1,0,0:0:0:0:
116,287,109463,1,0,0:0:0:0:
322,280,109684,1,0,0:0:0:0:
205,65,109904,5,0,0:0:0:0:
173,227,110125,1,0,0:0:0:0:
344,141,110346,1,0,0:0:0:0:
120,136,110566,1,0,0:0:0:0:
322,280,110787,5,8,0:3:0:0:
299,37,111007,1,0,0:0:0:0:
73,228,111228,1,0,0:0:0:0:
322,280,111449,2,0,B|293:230|328:179|328:179|325:168|325:168|353:124|320:70,1,216.000000823975,8|0,0:3|0:0,0:0:0:0:
386,22,112110,1,8,0:3:0:0:
401,240,112331,1,0,0:0:0:0:
172,86,112552,5,0,0:0:0:0:
147,299,112772,2,0,B|155:198|155:198|164:185|164:185|172:87,1,216.000000823975,8|0,0:3|0:0,0:0:0:0:
390,335,113434,5,8,0:3:0:0:
410,120,113654,1,0,0:0:0:0:
258,269,113875,5,8,0:3:0:0:
271,54,114096,1,0,0:0:0:0:
136,252,114316,5,8,0:3:0:0:
138,21,114537,1,0,0:0:0:0:
60,143,114757,1,0,0:0:0:0:
136,252,114978,2,0,B|187:263|187:263|238:242|238:242|289:272|289:272|354:277,1,216.000000823975,8|0,0:3|0:0,0:0:0:0:
338,275,115640,1,8,0:3:0:0:
429,350,115860,1,0,0:0:0:0:
489,125,116081,5,0,0:0:0:0:
489,125,116302,2,0,P|456:76|464:158,1,216.000000823975,8|0,0:3|0:0,0:0:0:0:
338,275,116963,5,8,0:3:0:0:
349,45,117184,1,0,0:0:0:0:
178,270,117404,1,8,0:3:0:0:
170,30,117625,1,0,0:0:0:0:
256,352,117846,5,8,0:3:0:0:
288,192,118066,1,0,0:0:0:0:
128,160,118287,1,0,0:0:0:0:
96,320,118507,2,0,B|187:304|256:352|256:352|314:343,1,216.000000823975,8|0,0:3|0:0,0:0:0:0:
389,253,119169,2,0,L|394:142,1,108.000000411987,8|0,0:3|0:0,0:0:0:0:
284,38,119610,5,0,0:0:0:0:
284,38,119831,2,0,B|277:139|277:139|283:146|283:146|275:258,1,216.000000823975,8|0,0:3|0:0,0:0:0:0:
116,358,120493,1,8,0:3:0:0:
138,172,120713,1,0,0:0:0:0:
275,344,120934,5,8,0:3:0:0:
297,138,121154,1,0,0:0:0:0:
423,360,121375,5,8,0:3:0:0:
445,97,121596,1,0,0:0:0:0:
310,234,121816,1,0,0:0:0:0:
512,180,122037,2,0,B|450:201|450:201|370:181|309:234,1,216.000000823975,8|0,0:3|0:0,0:0:0:0:
193,313,122699,1,8,0:3:0:0:
179,182,122919,1,0,0:0:0:0:
382,327,123140,5,0,0:0:0:0:
328,46,123360,1,8,0:3:0:0:
276,141,123581,1,8,0:3:0:0:
389,123,123802,1,0,0:0:0:0:
87,46,124022,5,0,0:0:0:0:
59,297,124243,1,8,0:3:0:0:
144,236,124463,1,8,0:3:0:0:
47,199,124684,1,0,0:0:0:0:
285,351,124904,6,0,B|338:346|338:346|401:354,2,108.000000411987,8|0|0,0:3|0:0|0:0,0:0:0:0:
144,236,125566,2,0,B|193:148|96:128|143:25,1,216.000000823975,8|0,0:3|0:0,0:0:0:0:
58,5,126228,1,8,0:3:0:0:
43,197,126449,1,0,0:0:0:0:
243,80,126669,5,0,0:0:0:0:
247,295,126890,2,0,B|242:204|242:204|247:183|247:183|242:76,1,216.000000823975,8|0,0:3|0:0,0:0:0:0:
349,227,127552,1,8,0:3:0:0:
152,167,127772,1,0,0:0:0:0:
380,104,127993,1,8,0:3:0:0:
145,37,128213,1,0,0:0:0:0:
321,212,128434,5,8,0:3:0:0:
75,180,128654,1,0,0:0:0:0:
352,89,128875,1,0,0:0:0:0:
72,12,129096,2,0,B|39:2|39:2|57:74|57:74|55:93|55:93|76:187,1,216.000000823975,8|0,0:3|0:0,0:0:0:0:
102,316,129757,1,8,0:3:0:0:
102,316,129978,1,0,0:0:0:0:
212,173,130199,6,0,B|217:137|217:137|211:113|211:113|229:9,2,162.000000617981
306,216,131081,2,0,B|311:252|311:252|305:276|305:276|323:380,2,162.000000617981,8|8|8,0:3|0:3|0:3,0:0:0:0:
352,40,131963,6,0,P|399:32|471:41,2,120
280,107,132846,2,0,P|238:111|194:105,1,80,8|0,0:3|0:0,0:0:0:0:
102,55,133287,2,0,B|98:129|98:129|102:136|102:136|96:219,1,160
96,213,133949,1,0,0:0:0:0:
0,279,134169,5,0,0:0:0:0:
50,347,134390,1,0,0:0:0:0:
133,319,134610,2,0,P|176:317|224:321,1,80,8|0,0:3|0:0,0:0:0:0:
292,361,135052,2,0,P|335:363|383:359,1,80
422,228,135493,6,0,B|434:141|434:141|427:103,2,120
334,282,136375,2,0,L|330:200,1,80,8|0,0:3|0:0,0:0:0:0:
335,110,136816,2,0,P|296:96|178:122,1,160
182,118,137478,1,0,0:0:0:0:
90,54,137699,5,0,0:0:0:0:
51,137,137919,1,0,0:0:0:0:
85,217,138140,2,0,L|173:223,1,80,8|0,0:3|0:0,0:0:0:0:
189,254,138471,1,0,0:0:0:0:
189,254,138581,1,8,0:3:0:0:
241,336,138802,1,0,0:0:0:0:
241,336,139463,5,0,0:0:0:0:
309,248,139684,1,0,0:0:0:0:
309,248,139794,1,0,0:0:0:0:
309,248,139904,2,0,L|313:147,2,95.9999970703126
370,330,140566,1,0,0:0:0:0:
471,206,140787,6,0,L|475:107,1,95.9999970703126
474,110,141228,1,0,0:0:0:0:
368,95,141449,1,0,0:0:0:0:
368,95,141559,1,0,0:0:0:0:
368,95,141669,2,0,L|372:-6,2,95.9999970703126
195,55,142331,5,0,0:0:0:0:
195,55,142441,1,0,0:0:0:0:
195,55,142552,1,0,0:0:0:0:
186,164,142772,1,0,0:0:0:0:
281,121,142993,1,0,0:0:0:0:
292,247,143213,1,0,0:0:0:0:
292,247,143324,1,0,0:0:0:0:
292,247,143434,2,0,L|293:343,2,95.9999970703126
192,296,144096,1,0,0:0:0:0:
384,192,144316,5,0,0:0:0:0:
416,288,144537,1,0,0:0:0:0:
512,256,144757,1,0,0:0:0:0:
480,160,144978,1,0,0:0:0:0:
480,160,145088,1,0,0:0:0:0:
480,160,145199,1,0,0:0:0:0:
384,192,145419,1,0,0:0:0:0:
288,160,145640,2,0,P|231:152|192:160,1,95.9999970703126
150,270,146081,5,0,0:0:0:0:
193,159,146302,1,0,0:0:0:0:
239,305,146522,1,0,0:0:0:0:
61,242,146743,1,0,0:0:0:0:
61,242,146853,1,0,0:0:0:0:
61,242,146963,2,0,L|56:142,2,95.9999970703126
69,341,147625,1,0,0:0:0:0:
240,308,147846,6,0,P|291:306|337:322,1,95.9999970703126
430,371,148287,1,0,0:0:0:0:
488,283,148507,1,0,0:0:0:0:
488,283,148618,1,0,0:0:0:0:
488,283,148728,2,0,L|495:186,1,95.9999970703126
494,187,149169,1,0,0:0:0:0:
512,96,149390,1,0,0:0:0:0:
352,128,149610,5,0,0:0:0:0:
330,29,149831,1,0,0:0:0:0:
231,50,150052,1,0,0:0:0:0:
253,149,150272,1,0,0:0:0:0:
253,149,150382,1,0,0:0:0:0:
253,149,150493,2,0,L|271:250,1,95.9999970703126
269,243,150934,1,0,0:0:0:0:
295,340,151154,1,0,0:0:0:0:
431,199,151375,5,0,0:0:0:0:
226,45,151596,1,8,0:3:0:0:
253,149,151816,1,8,0:3:0:0:
330,56,152037,1,0,0:0:0:0:
67,234,152257,5,0,0:0:0:0:
343,219,152478,1,8,0:3:0:0:
253,149,152699,1,8,0:3:0:0:
251,271,152919,1,0,0:0:0:0:
446,96,153140,5,0,0:0:0:0:
330,56,153360,1,0,0:0:0:0:
141,172,153581,2,0,L|134:64,1,108.000000411987
157,41,153912,1,0,0:0:0:0:
157,41,154022,1,0,0:0:0:0:
52,129,154243,1,0,0:0:0:0:
166,299,154463,2,0,L|279:305,1,108.000000411987
384,92,154904,6,0,L|271:98,1,108.000000411987
199,205,155346,2,0,L|312:211,1,108.000000411987
335,236,155677,1,0,0:0:0:0:
335,236,155787,1,0,0:0:0:0:
422,176,156007,1,0,0:0:0:0:
320,29,156228,2,0,L|201:23,1,108.000000411987
55,191,156669,5,0,0:0:0:0:
62,64,156890,1,0,0:0:0:0:
55,191,157110,2,0,L|51:302,1,108.000000411987
82,333,157441,1,0,0:0:0:0:
82,333,157552,1,0,0:0:0:0:
204,279,157772,1,0,0:0:0:0:
374,362,157993,2,0,L|377:253,1,108.000000411987
207,117,158434,6,0,B|214:198|214:198|203:282,2,162.000000617981
347,161,159316,2,0,B|340:80|340:80|351:-4,2,162.000000617981
376,254,160199,5,0,0:0:0:0:
512,362,160640,2,0,B|430:297|401:384|311:321,1,207.999990478516
109,256,161963,6,0,L|101:144,2,80
73,345,162625,2,0,P|116:338|221:386,1,160
219,383,163287,1,0,0:0:0:0:
291,312,163507,1,0,0:0:0:0:
385,351,163728,6,0,B|391:258|391:258|385:236|385:236|390:156|390:156|400:135|400:135|408:42,1,311.999985717774
270,87,165493,5,0,0:0:0:0:
270,87,165713,2,0,P|228:81|186:88,1,80
107,25,166154,2,0,B|83:83|98:136|98:136|87:182,1,160
87,181,166816,1,0,0:0:0:0:
38,263,167037,1,0,0:0:0:0:
134,365,167257,6,0,P|176:360|218:366,1,80
306,286,167699,2,0,P|281:207|303:132,1,160
382,52,168581,2,0,P|407:131|385:206,1,160
386,203,169243,1,0,0:0:0:0:
301,134,169463,1,0,0:0:0:0:
219,194,169684,2,0,B|213:249|213:249|216:264|216:264|209:356,1,160
209,352,170346,1,0,0:0:0:0:
301,317,171228,6,0,P|256:319|205:357,1,103.999995239258
208,351,172552,6,0,P|179:271|92:225,1,180.000006866455
161,130,173434,2,0,P|76:118|-4:173,1,180.000006866455
99,225,174316,5,0,0:0:0:0:
99,225,174537,2,0,L|102:314,1,80
141,340,174868,2,0,P|161:300|234:262,1,120
349,224,175640,1,0,0:0:0:0:
349,224,176081,5,0,0:0:0:0:
349,224,176302,2,0,L|346:313,1,80
307,339,176633,2,0,P|287:299|214:261,1,120
149,152,177404,1,0,0:0:0:0:
149,152,177846,5,0,0:0:0:0:
149,152,178067,2,0,L|152:63,1,80
191,37,178398,2,0,P|211:77|284:115,1,120
399,153,179170,1,0,0:0:0:0:
399,153,179611,5,0,0:0:0:0:
399,153,179832,2,0,L|396:64,1,80
357,38,180163,2,0,P|337:78|264:116,1,120
149,152,180934,1,0,0:0:0:0:
149,152,181375,5,0,0:0:0:0:
110,240,181596,1,0,0:0:0:0:
142,329,181816,2,0,L|184:332,1,40
231,252,182147,2,0,L|273:255,1,40
384,328,182699,1,0,0:0:0:0:
384,328,183140,5,0,0:0:0:0:
423,240,183361,1,0,0:0:0:0:
391,151,183581,2,0,L|349:148,1,40
302,228,183912,2,0,L|260:225,1,40
149,152,184464,1,0,0:0:0:0:
149,152,184904,5,0,0:0:0:0:
110,240,185125,1,0,0:0:0:0:
142,329,185345,2,0,L|184:332,1,40
231,252,185676,2,0,L|273:255,1,40
384,328,186228,1,0,0:0:0:0:
384,328,186669,5,0,0:0:0:0:
423,240,186890,1,0,0:0:0:0:
391,151,187110,2,0,L|349:148,1,40
302,228,187441,2,0,L|260:225,1,40
189,146,187772,1,0,0:0:0:0:
189,146,187882,1,0,0:0:0:0:
189,146,187993,1,0,0:0:0:0:
86,253,188213,5,0,0:0:0:0:
86,253,188324,1,0,0:0:0:0:
86,253,188434,1,0,0:0:0:0:
50,124,188654,1,0,0:0:0:0:
233,5,188875,5,0,0:0:0:0:
233,5,188985,2,0,L|345:1,1,103.999995239258
336,1,189316,1,0,0:0:0:0:
443,68,189537,1,0,0:0:0:0:
443,68,189647,1,0,0:0:0:0:
443,68,189757,1,0,0:0:0:0:
479,257,189978,5,0,0:0:0:0:
479,257,190088,1,0,0:0:0:0:
479,257,190199,1,0,0:0:0:0:
404,152,190419,1,0,0:0:0:0:
281,104,190640,1,0,0:0:0:0:
281,104,190750,2,0,P|225:101|177:120,1,103.999995239258
180,117,191081,1,0,0:0:0:0:
117,298,191302,5,0,0:0:0:0:
117,298,191412,1,0,0:0:0:0:
117,298,191522,2,0,L|53:292,4,51.999997619629
266,322,192184,1,0,0:0:0:0:
404,152,192404,5,0,0:0:0:0:
404,152,192515,2,0,L|399:44,1,103.999995239258
399,48,192846,1,0,0:0:0:0:
259,151,193066,1,0,0:0:0:0:
259,151,193177,1,0,0:0:0:0:
259,151,193287,1,0,0:0:0:0:
48,40,193507,5,0,0:0:0:0:
48,40,193618,1,0,0:0:0:0:
48,40,193728,2,0,L|51:149,1,103.999995239258
256,254,194169,1,0,0:0:0:0:
256,254,194279,2,0,L|259:145,1,103.999995239258
258,150,194610,1,0,0:0:0:0:
54,369,194831,5,0,0:0:0:0:
54,369,194941,1,0,0:0:0:0:
54,369,195052,2,0,L|0:371,4,51.999997619629
31,241,195713,1,0,0:0:0:0:
210,60,195934,5,0,0:0:0:0:
210,60,196045,2,0,L|313:66,1,103.999995239258
314,67,196375,1,0,0:0:0:0:
433,183,196596,1,0,0:0:0:0:
433,183,196706,1,0,0:0:0:0:
433,183,196816,1,0,0:0:0:0:
201,294,197037,5,0,0:0:0:0:
201,294,197147,1,0,0:0:0:0:
201,294,197257,2,0,P|149:288|97:294,1,103.999995239258
48,134,197699,1,0,0:0:0:0:
48,134,197809,2,0,L|53:30,1,103.999995239258
52,30,198140,1,0,0:0:0:0:
315,36,198360,5,0,0:0:0:0:
315,36,198471,1,0,0:0:0:0:
315,36,198581,2,0,L|366:38,4,51.999997619629
230,123,199242,1,0,0:0:0:0:
353,309,199463,5,0,0:0:0:0:
353,309,199574,2,0,L|456:319,1,103.999995239258
456,319,199904,1,0,0:0:0:0:
398,152,200125,1,0,0:0:0:0:
398,152,200235,1,0,0:0:0:0:
398,152,200345,1,0,0:0:0:0:
197,314,200566,5,0,0:0:0:0:
197,314,200676,1,0,0:0:0:0:
197,314,200787,2,0,P|146:302|94:304,1,103.999995239258
53,141,201228,1,0,0:0:0:0:
53,141,201338,2,0,P|111:138|173:154,1,103.999995239258
155,147,201669,1,0,0:0:0:0:
383,59,201890,5,0,0:0:0:0:
383,59,202000,1,0,0:0:0:0:
383,59,202110,2,0,L|386:4,4,51.999997619629
371,224,202772,1,0,0:0:0:0:
156,57,202992,5,0,0:0:0:0:
156,57,203103,2,0,P|99:50|40:62,1,103.999995239258
53,57,203434,1,0,0:0:0:0:
8,222,203654,1,0,0:0:0:0:
8,222,203765,1,0,0:0:0:0:
8,222,203875,1,0,0:0:0:0:
250,350,204096,5,0,0:0:0:0:
250,350,204206,1,0,0:0:0:0:
250,350,204316,2,0,L|253:246,1,103.999995239258
191,82,204757,1,0,0:0:0:0:
191,82,204868,2,0,P|241:69|292:74,1,103.999995239258
292,74,205198,1,0,0:0:0:0:
449,298,205419,5,0,0:0:0:0:
449,298,205529,1,0,0:0:0:0:
449,298,205640,2,0,L|451:349,4,51.999997619629
311,186,206301,1,0,0:0:0:0:
86,328,206522,5,0,0:0:0:0:
86,328,206632,2,0,L|82:224,1,103.999995239258
82,224,206963,1,0,0:0:0:0:
81,52,207184,1,0,0:0:0:0:
81,52,207294,1,0,0:0:0:0:
81,52,207404,1,0,0:0:0:0:
315,304,207625,5,0,0:0:0:0:
315,304,207735,1,0,0:0:0:0:
315,304,207846,2,0,B|304:241|313:192|313:192|305:178|305:178|317:129|311:67,2,240.000009155274
315,304,210713,1,0,3:0:0:0:
223,247,210934,1,0,3:0:0:0:
50,334,211375,6,0,P|36:258|81:130,2,207.999990478516
50,334,214243,1,0,3:0:0:0:
128,242,214463,1,0,3:0:0:0:
329,338,214904,6,0,P|361:242|329:130,2,207.999990478516,4|0|0,3:0|3:0|3:0,3:0:0:0:
329,338,217772,1,0,3:0:0:0:
273,234,217993,1,0,3:0:0:0:
390,92,218434,6,0,B|343:68|343:68|250:92|250:92|169:67|86:103,1,311.999985717774,4|0,0:3|0:0,0:0:0:0:
90,101,220199,5,0,0:0:0:0:
90,101,221302,1,8,0:3:0:0:
71,253,221522,1,8,0:3:0:0:
