osu file format v14

[General]
AudioFilename: Chillify_-PLAYAMANE_-_werve-Endless-2-_1_--online-audio-convert.com.mp3
AudioLeadIn: 0
PreviewTime: 35101
Countdown: 0
SampleSet: None
StackLeniency: 0.7
Mode: 0
LetterboxInBreaks: 0
WidescreenStoryboard: 1

[Editor]
DistanceSpacing: 1.2
BeatDivisor: 4
GridSize: 16
TimelineZoom: 1

[Metadata]
Title:Phonk Pack
TitleUnicode:Phonk Pack
Artist:Phonk Pack
ArtistUnicode:Phonk Pack
Creator:weldon1232
Version:song #4
Source:
Tags:
BeatmapID:3894209
BeatmapSetID:1863371

[Difficulty]
HPDrainRate:5
CircleSize:3.8
OverallDifficulty:5
ApproachRate:9.3
SliderMultiplier:1.4
SliderTickRate:1

[Events]
//Background and Video events
0,0,"m1000x1000.jpg",0,0
//Break Periods
2,67051,74547
//Storyboard Layer 0 (Background)
//Storyboard Layer 1 (Fail)
//Storyboard Layer 2 (Pass)
//Storyboard Layer 3 (Foreground)
//Storyboard Layer 4 (Overlay)
//Storyboard Sound Samples

[TimingPoints]
19101,500,4,2,0,100,1,0
19101,-66.6666666666667,4,2,0,100,0,0
26601,-100,4,2,0,100,0,0
27101,-66.6666666666667,4,2,0,100,0,0
34351,-66.6666666666667,4,2,0,50,0,0
34851,-66.6666666666667,4,2,0,25,0,0
35101,-66.6666666666667,4,2,0,35,0,0
36351,-66.6666666666667,4,2,0,40,0,0
37101,-100,4,2,0,40,0,0
37601,-66.6666666666667,4,2,0,40,0,0
38101,-66.6666666666667,4,2,0,54,0,0
39101,-100,4,2,0,71,0,0
39476,-66.6666666666667,4,2,0,71,0,0
41101,-100,4,2,0,100,0,0
41601,-66.6666666666667,4,2,0,100,0,0
43601,-100,4,2,0,100,0,0
44101,-66.6666666666667,4,2,0,100,0,0
44601,-100,4,2,0,100,0,0
45101,-66.6666666666667,4,2,0,100,0,0
51601,-100,4,2,0,100,0,0
52101,-66.6666666666667,4,2,0,100,0,0
52601,-100,4,2,0,100,0,0
53101,-66.6666666666667,4,2,0,100,0,0
66601,-100,4,2,0,100,0,0
66726,-66.6666666666667,4,2,0,27,0,0
66851,-100,4,2,0,5,0,0
78851,-100,4,2,0,14,0,0
79351,-100,4,2,0,26,0,0
80351,-100,4,2,0,41,0,0
81101,-100,4,2,0,100,0,0
81351,-100,4,2,0,100,0,0
87851,-100,4,2,0,60,0,0
88351,-100,4,2,0,45,0,0
88851,-100,4,2,0,38,0,0
89851,-100,4,2,0,24,0,0
90351,-100,4,2,0,16,0,0
91101,-66.6666666666667,4,2,0,16,0,0
92351,-66.6666666666667,4,2,0,28,0,0
92851,-66.6666666666667,4,2,0,44,0,0
93101,-66.6666666666667,4,2,0,100,0,0


[Colours]
Combo1 : 255,255,128
Combo2 : 237,221,213
Combo3 : 206,188,178
Combo4 : 0,0,128
Combo5 : 255,128,0
Combo6 : 0,128,128

[HitObjects]
92,70,19101,5,0,0:0:0:0:
249,115,19351,2,0,L|174:175,1,52.5000020027161
161,221,19601,1,0,0:0:0:0:
445,277,19851,6,0,P|422:197|390:166,1,105.000004005432
388,80,20351,5,0,0:0:0:0:
233,55,20476,1,0,0:0:0:0:
137,193,20601,1,0,0:0:0:0:
297,203,20851,6,0,P|259:273|227:293,2,105.000004005432
89,67,21601,1,0,0:0:0:0:
200,290,21851,6,0,L|143:253,1,52.5000020027161
223,141,22101,1,0,0:0:0:0:
339,95,22226,6,0,L|370:144,2,52.5000020027161
465,44,22601,1,0,0:0:0:0:
302,320,22851,6,0,B|260:251|259:251|270:206,1,105.000004005432
167,156,23351,6,0,L|113:126,2,52.5000020027161
309,81,23851,6,0,P|297:186|290:208,1,105.000004005432
107,192,24351,5,0,0:0:0:0:
257,308,24476,1,0,0:0:0:0:
388,234,24601,6,0,P|355:161|329:129,2,105.000004005432
159,77,25351,5,0,0:0:0:0:
79,218,25601,1,0,0:0:0:0:
276,193,25851,5,0,0:0:0:0:
121,138,25976,1,0,0:0:0:0:
261,66,26101,1,0,0:0:0:0:
379,274,26351,6,0,L|302:234,1,52.5000020027161
66,322,26601,6,0,P|148:262|195:242,1,140
376,232,27351,5,0,0:0:0:0:
211,166,27476,1,0,0:0:0:0:
314,87,27601,6,0,B|303:176|303:176|279:223,1,105.000004005432
108,289,28101,5,0,0:0:0:0:
432,323,28351,6,0,L|377:266,1,52.5000020027161
427,138,28601,1,0,0:0:0:0:
255,35,28851,6,0,B|198:71|198:72|168:77|168:77|132:63,1,105.000004005432
48,42,29351,5,0,0:0:0:0:
182,190,29601,1,0,0:0:0:0:
399,282,29851,5,0,0:0:0:0:
446,155,29976,1,0,0:0:0:0:
348,74,30101,2,0,L|295:103,1,52.5000020027161
185,52,30351,5,0,0:0:0:0:
95,146,30476,1,0,0:0:0:0:
183,241,30601,1,0,0:0:0:0:
273,349,30851,6,0,L|197:350,1,52.5000020027161
88,303,31101,1,0,0:0:0:0:
58,69,31351,6,0,L|114:97,1,52.5000020027161
255,41,31601,1,0,0:0:0:0:
465,38,31851,5,0,0:0:0:0:
465,38,32101,6,0,L|376:111,1,105.000004005432
415,203,32476,1,0,0:0:0:0:
305,280,32601,1,0,0:0:0:0:
257,51,32851,6,0,P|197:68|133:68,1,105.000004005432
84,188,33351,5,0,0:0:0:0:
255,347,33601,1,0,0:0:0:0:
63,348,33851,5,0,0:0:0:0:
196,260,33976,1,0,0:0:0:0:
361,216,34351,5,0,0:0:0:0:
213,130,34476,1,0,0:0:0:0:
412,101,34601,1,0,0:0:0:0:
412,101,34851,5,0,0:0:0:0:
206,282,35101,6,0,B|287:143|202:290,1,157.500006008148
99,155,35726,6,0,P|135:108|188:106,1,105.000004005432
289,193,36101,1,0,0:0:0:0:
414,189,36351,6,0,P|375:124|316:98,1,105.000004005432
296,60,36851,2,0,L|260:80,1,35.0000013351441
52,51,37101,6,0,P|93:136|108:164,1,105
263,195,37726,5,0,0:0:0:0:
48,342,37976,1,0,0:0:0:0:
477,312,38101,6,0,L|475:185,1,105.000004005432
450,80,38601,2,0,P|374:81|348:113,1,105.000004005432
106,196,39101,6,0,P|146:153|212:137,1,105
434,244,39726,6,0,P|436:186|409:97,1,105.000004005432
316,99,40101,2,0,P|310:180|326:240,1,105.000004005432
205,258,40601,5,0,0:0:0:0:
296,60,40851,2,0,L|260:80,1,35.0000013351441
64,262,41101,6,0,P|98:325|128:326,1,105
410,324,41726,6,0,L|456:206,1,105.000004005432
444,113,42101,2,0,P|401:66|344:64,1,105.000004005432
245,39,42601,5,0,0:0:0:0:
146,145,42851,1,0,0:0:0:0:
247,224,42976,1,0,0:0:0:0:
49,329,43101,6,0,L|48:222,1,105.000004005432
47,97,43476,1,0,0:0:0:0:
259,78,43601,6,0,L|235:100,5,23.3333333333333
462,197,44101,5,0,0:0:0:0:
274,245,44351,2,0,L|227:286,1,52.5000020027161
131,182,44601,6,0,L|155:165,5,23.3333333333333
385,139,45101,6,0,P|383:215|357:286,1,105.000004005432
198,306,45601,1,0,0:0:0:0:
50,252,45851,6,0,L|108:197,1,52.5000020027161
46,102,46101,1,0,0:0:0:0:
198,64,46351,5,0,0:0:0:0:
316,148,46476,1,0,0:0:0:0:
434,71,46601,1,0,0:0:0:0:
445,285,46851,6,0,L|381:277,1,52.5000020027161
173,331,47101,1,0,0:0:0:0:
92,213,47351,6,0,P|126:167|155:151,1,52.5000020027161
292,246,47601,5,0,0:0:0:0:
372,115,47851,6,0,P|295:81|241:86,1,105.000004005432
49,197,48351,5,0,0:0:0:0:
175,120,48476,1,0,0:0:0:0:
70,351,48601,2,0,L|179:345,2,105.000004005432
336,257,49351,5,0,0:0:0:0:
225,137,49601,1,0,0:0:0:0:
441,70,49851,6,0,L|405:125,2,52.5000020027161
397,267,50351,6,0,L|353:227,2,52.5000020027161
152,244,50726,5,0,0:0:0:0:
92,97,50851,1,0,0:0:0:0:
257,79,50976,1,0,0:0:0:0:
313,237,51101,6,0,P|356:178|357:140,1,105.000004005432
443,71,51476,1,0,0:0:0:0:
455,276,51601,6,0,L|422:271,5,23.3333333333333
202,227,52101,5,0,0:0:0:0:
96,97,52351,6,0,P|145:78|148:79,1,52.5000020027161
279,71,52601,6,0,L|305:86,5,23.3333333333333
354,266,53101,6,0,L|249:207,2,105.000004005432
108,273,53851,6,0,P|131:213|138:208,1,52.5000020027161
254,160,54101,5,0,0:0:0:0:
139,87,54226,1,0,0:0:0:0:
255,48,54351,2,0,L|315:76,1,52.5000020027161
462,53,54601,6,0,L|398:167,1,105.000004005432
269,192,55101,5,0,0:0:0:0:
160,118,55351,1,0,0:0:0:0:
117,220,55476,1,0,0:0:0:0:
171,303,55601,2,0,P|252:286|274:258,1,105.000004005432
397,253,56101,5,0,0:0:0:0:
335,106,56351,1,0,0:0:0:0:
249,237,56476,1,0,0:0:0:0:
412,158,56601,1,0,0:0:0:0:
445,58,56851,6,0,P|345:46|296:57,1,105.000004005432
258,43,57351,5,0,0:0:0:0:
67,89,57601,1,0,0:0:0:0:
65,321,57851,6,0,L|114:291,1,52.5000020027161
285,284,58101,5,0,0:0:0:0:
202,164,58351,1,0,0:0:0:0:
357,168,58476,1,0,0:0:0:0:
182,261,58601,1,0,0:0:0:0:
392,283,58851,6,0,P|342:236|280:206,1,105.000004005432
188,108,59351,5,0,0:0:0:0:
72,202,59476,1,0,0:0:0:0:
77,69,59601,1,0,0:0:0:0:
262,140,59851,6,0,P|257:210|232:253,1,105.000004005432
104,316,60351,5,0,0:0:0:0:
272,323,60476,1,0,0:0:0:0:
162,226,60601,1,0,0:0:0:0:
103,141,60851,2,0,P|168:102|203:113,1,105.000004005432
241,197,61351,6,0,P|148:208|126:206,1,105.000004005432
80,127,61851,5,0,0:0:0:0:
228,79,61976,1,0,0:0:0:0:
199,228,62101,1,0,0:0:0:0:
401,219,62351,5,0,0:0:0:0:
310,116,62476,1,0,0:0:0:0:
287,240,62601,1,0,0:0:0:0:
115,242,62851,6,0,P|143:172|173:148,1,105.000004005432
250,149,63351,5,0,0:0:0:0:
131,63,63476,1,0,0:0:0:0:
77,196,63601,1,0,0:0:0:0:
332,264,63851,6,0,P|345:198|388:171,1,105.000004005432
450,276,64351,6,0,L|409:325,2,52.5000020027161
165,197,64851,5,0,0:0:0:0:
320,60,65101,6,0,P|305:128|279:191,1,105.000004005432
139,71,65601,5,0,0:0:0:0:
68,253,65851,1,0,0:0:0:0:
246,208,65976,1,0,0:0:0:0:
45,131,66101,1,0,0:0:0:0:
380,146,66351,6,0,L|415:99,1,52.5000020027161
213,82,66601,6,0,P|185:148|179:148,1,70
109,83,75101,5,0,0:0:0:0:
230,201,75351,1,0,0:0:0:0:
95,226,75476,1,0,0:0:0:0:
212,106,75601,1,0,0:0:0:0:
351,106,75851,6,0,P|359:178|354:191,1,70
390,256,76351,6,0,P|330:238|294:244,1,70
221,280,76851,2,0,P|214:233|230:199,1,70
311,151,77351,6,0,P|252:126|234:144,1,70
168,82,77851,5,0,0:0:0:0:
74,195,77976,1,0,0:0:0:0:
246,152,78101,1,0,0:0:0:0:
368,192,78351,6,0,L|340:242,1,35
454,298,78601,1,0,0:0:0:0:
280,334,78851,6,0,L|183:335,1,70
95,279,79351,5,0,0:0:0:0:
188,187,79476,1,0,0:0:0:0:
48,188,79601,1,0,0:0:0:0:
139,82,79851,6,0,P|209:108|221:125,1,70
317,163,80351,5,0,0:0:0:0:
240,277,80476,1,0,0:0:0:0:
202,160,80601,1,0,0:0:0:0:
240,277,80851,5,0,0:0:0:0:
397,179,81351,5,0,0:0:0:0:
283,88,81851,1,0,0:0:0:0:
195,215,81976,1,0,0:0:0:0:
333,233,82351,5,0,0:0:0:0:
170,111,82476,1,0,0:0:0:0:
165,251,82851,1,0,0:0:0:0:
63,185,83351,5,0,0:0:0:0:
182,121,83476,1,0,0:0:0:0:
306,250,83851,5,0,0:0:0:0:
443,51,84351,5,0,0:0:0:0:
354,153,84476,1,0,0:0:0:0:
161,51,84851,5,0,0:0:0:0:
54,199,85351,5,0,0:0:0:0:
35,340,85851,5,0,0:0:0:0:
200,336,85976,1,0,0:0:0:0:
466,335,86351,5,0,0:0:0:0:
302,339,86476,1,0,0:0:0:0:
184,186,86851,5,0,0:0:0:0:
344,124,87351,6,0,L|330:174,1,35
124,124,87851,5,0,0:0:0:0:
211,277,88351,5,0,0:0:0:0:
313,183,88476,1,0,0:0:0:0:
268,58,88851,5,0,0:0:0:0:
114,195,89351,5,0,0:0:0:0:
181,308,89851,6,0,L|138:333,1,35
51,329,90351,5,0,0:0:0:0:
51,329,90476,1,0,0:0:0:0:
115,207,90851,5,0,0:0:0:0:
235,116,91351,6,0,L|285:155,2,52.5000020027161
50,52,91851,5,0,0:0:0:0:
254,34,92351,6,0,L|197:35,1,52.5000020027161
109,91,92601,1,0,0:0:0:0:
191,196,92851,1,0,0:0:0:0:
385,131,93101,5,0,0:0:0:0:
385,233,93351,6,0,P|326:290|276:300,1,105.000004005432
206,271,93851,6,0,L|200:208,1,52.5000020027161
119,151,94101,2,0,P|181:117|200:117,1,52.5000020027161
260,157,94351,6,0,P|217:217|203:222,2,52.5000020027161
69,302,94851,5,0,0:0:0:0:
193,244,95101,1,0,0:0:0:0:
74,180,95351,1,0,0:0:0:0:
184,108,95476,1,0,0:0:0:0:
290,172,95601,1,0,0:0:0:0:
246,273,95851,6,0,P|183:237|192:213,1,105.000004005432
321,95,96351,5,0,0:0:0:0:
208,201,96476,1,0,0:0:0:0:
139,80,96601,1,0,0:0:0:0:
77,206,96851,6,0,P|100:297|150:309,1,105.000004005432
190,271,97351,2,0,P|185:191|162:173,1,105.000004005432
378,317,97851,5,0,0:0:0:0:
490,220,97976,1,0,0:0:0:0:
317,174,98101,1,0,0:0:0:0:
181,313,98351,5,0,0:0:0:0:
42,238,98476,1,0,0:0:0:0:
195,172,98601,1,0,0:0:0:0:
295,69,98851,6,0,L|253:106,2,52.5000020027161
412,243,99351,5,0,0:0:0:0:
327,148,99476,1,0,0:0:0:0:
268,275,99601,1,0,0:0:0:0:
83,149,99851,6,0,P|72:209|88:266,1,105.000004005432
237,242,100351,5,0,0:0:0:0:
314,122,100476,1,0,0:0:0:0:
166,106,100601,1,0,0:0:0:0:
50,335,100851,6,0,P|58:270|77:215,1,105.000004005432
166,231,101351,2,0,P|165:311|144:341,1,105.000004005432
59,201,101851,5,0,0:0:0:0:
206,137,101976,1,0,0:0:0:0:
334,279,102101,1,0,0:0:0:0:
192,302,102351,5,0,0:0:0:0:
358,186,102476,1,0,0:0:0:0:
159,203,102601,1,0,0:0:0:0:
65,150,102851,6,0,P|150:122|193:135,1,105.000004005432
449,271,103351,5,0,0:0:0:0:
354,162,103476,1,0,0:0:0:0:
464,133,103601,1,0,0:0:0:0:
290,71,103851,6,0,P|249:125|229:178,1,105.000004005432
280,294,104351,5,0,0:0:0:0:
463,345,104476,1,0,0:0:0:0:
476,200,104601,1,0,0:0:0:0:
449,57,104851,6,0,P|350:58|318:76,1,105.000004005432
343,134,105351,2,0,P|280:108|289:69,1,105.000004005432
