osu file format v14

[General]
AudioFilename: audio.mp3
AudioLeadIn: 0
PreviewTime: 35971
Countdown: 0
SampleSet: Normal
StackLeniency: 0.7
Mode: 0
LetterboxInBreaks: 0
WidescreenStoryboard: 0

[Editor]
DistanceSpacing: 1.1
BeatDivisor: 2
GridSize: 16
TimelineZoom: 1.4

[Metadata]
Title:We Fell Apart
TitleUnicode:We Fell Apart
Artist:overrated, Akucum
ArtistUnicode:overrated, Akucum
Creator:[JK] Hy6uK
Version:Expert
Source:
Tags:
BeatmapID:4569176
BeatmapSetID:2165834

[Difficulty]
HPDrainRate:4
CircleSize:4
OverallDifficulty:6
ApproachRate:9.5
SliderMultiplier:2.2
SliderTickRate:1

[Events]
//Background and Video events
0,0,"anime-manga-crying-darkness-screenshot-computer-wallpaper-47424.jpg",0,0
//Break Periods
//Storyboard Layer 0 (Background)
//Storyboard Layer 1 (Fail)
//Storyboard Layer 2 (Pass)
//Storyboard Layer 3 (Foreground)
//Storyboard Layer 4 (Overlay)
//Storyboard Sound Samples

[TimingPoints]
8749,277.777777777778,4,1,0,100,1,0
9582,-133.333333333333,4,1,0,100,0,0
9721,-100,4,1,0,100,0,0
17221,-200,4,1,0,100,0,0
22776,-133.333333333333,4,1,0,100,0,0
22776,-100,4,1,0,100,0,0
35971,-66.6666666666667,4,1,0,100,0,0
40415,-100,4,1,0,100,0,0
46943,-66.6666666666667,4,1,0,100,0,0
49026,-100,4,1,0,100,0,0
65137,-200,4,1,0,100,0,0
75415,-100,4,1,0,100,0,0
75415,-100,4,1,0,100,0,0
84304,-80,4,1,0,100,0,0
97221,-100,4,1,0,100,0,0
112846,-133.333333333333,4,1,0,100,0,0
115137,-80,4,1,0,100,0,0
124026,-80,4,1,0,100,0,0


[HitObjects]
127,179,8748,6,0,P|249:181|260:201,1,110
290,226,9026,1,0,0:0:0:0:
430,169,9165,1,0,0:0:0:0:
207,54,9304,6,0,P|202:175|180:187,1,110
115,308,9582,2,0,L|225:310,1,82.5000031471254
268,235,9860,1,0,0:0:0:0:
268,235,9999,1,0,0:0:0:0:
333,106,10137,6,0,P|216:77|181:84,1,110
132,162,10415,1,0,0:0:0:0:
196,273,10554,1,0,0:0:0:0:
78,272,10693,1,0,0:0:0:0:
196,273,10832,2,0,P|321:268|330:178,1,220
337,82,11249,5,0,0:0:0:0:
243,124,11387,1,0,0:0:0:0:
243,124,11526,2,0,P|152:203|155:232,2,110
224,227,11943,5,0,0:0:0:0:
154,245,12082,2,0,P|229:340|374:281,1,220
395,221,12545,5,0,0:0:0:0:
385,177,12637,1,0,0:0:0:0:
363,137,12730,1,0,0:0:0:0:
331,102,12823,1,0,0:0:0:0:
302,80,12915,2,0,P|182:77|114:147,1,220
111,173,13471,6,0,P|171:275|222:279,1,110
275,275,13749,1,0,0:0:0:0:
379,156,14026,1,0,0:0:0:0:
379,156,14165,2,0,P|282:94|249:96,1,110
143,111,14582,6,0,L|144:233,1,110
219,153,14860,1,0,0:0:0:0:
219,153,14999,1,0,0:0:0:0:
219,153,15137,2,0,P|338:157|373:186,1,110
344,95,15832,5,0,0:0:0:0:
151,205,16110,1,0,0:0:0:0:
344,260,16387,1,0,0:0:0:0:
151,205,16665,1,0,0:0:0:0:
344,260,16943,1,0,0:0:0:0:
342,108,17221,6,0,L|92:108,1,220
114,340,18332,6,0,P|62:291|65:275,1,55
398,340,18887,6,0,P|450:291|447:275,1,55
398,44,19443,6,0,P|450:93|447:109,1,55
77,77,19860,2,0,L|48:136,1,55
128,78,20137,2,0,L|155:144,1,55
455,325,20554,6,0,P|495:271|492:237,1,55
364,245,21110,6,0,P|404:191|401:157,1,55
269,174,21665,6,0,P|309:120|306:86,1,55
45,347,22082,2,0,P|45:269|51:264,1,55
188,242,22360,2,0,P|188:164|182:159,1,55
388,91,22776,6,0,P|417:178|412:204,1,82.5000031471254
182,86,23332,2,0,P|178:180|185:188,1,82.5000031471254
91,260,23887,6,0,P|171:294|186:286,1,82.5000031471254
351,295,24304,6,0,P|282:243|275:208,1,82.5000031471254
161,89,24582,6,0,P|230:141|237:176,1,82.5000031471254
86,328,24999,6,0,L|35:249,1,82.5000031471254
149,262,25415,2,0,L|145:143,1,82.5000031471254
240,251,25832,2,0,L|323:171,1,82.5000031471254
83,57,26387,6,0,P|169:79|170:92,1,82.5000031471254
212,130,26804,5,0,0:0:0:0:
222,158,26874,1,0,0:0:0:0:
233,191,26943,1,0,0:0:0:0:
145,309,27082,6,0,P|65:254|63:199,1,82.5000031471254
105,167,27499,1,0,0:0:0:0:
229,103,27637,1,0,0:0:0:0:
105,167,27776,1,0,0:0:0:0:
371,227,28054,5,0,0:0:0:0:
185,197,28193,1,0,0:0:0:0:
356,115,28332,5,0,0:0:0:0:
185,197,28471,1,0,0:0:0:0:
371,227,28610,2,0,P|377:320|358:325,1,82.5000031471254
106,90,29304,5,0,0:0:0:0:
308,206,29443,1,0,0:0:0:0:
252,74,29582,1,0,0:0:0:0:
179,289,29721,1,0,0:0:0:0:
252,74,29860,5,0,0:0:0:0:
252,74,29999,2,0,P|392:85|468:183,1,220
375,257,30415,5,0,0:0:0:0:
243,180,30554,1,0,0:0:0:0:
348,135,30693,1,0,0:0:0:0:
243,180,30832,1,0,0:0:0:0:
348,135,30971,1,0,0:0:0:0:
375,257,31110,1,0,0:0:0:0:
119,61,31526,6,0,P|85:171|130:272,1,220
267,130,32082,2,0,P|367:68|397:71,1,110
320,169,32360,2,0,P|436:159|465:172,1,110
283,288,32637,5,0,0:0:0:0:
183,106,32776,1,0,0:0:0:0:
128,250,32915,1,0,0:0:0:0:
309,86,33054,1,0,0:0:0:0:
183,106,33193,1,0,0:0:0:0:
283,288,33332,2,0,P|395:275|411:250,1,110
176,307,33749,6,0,P|73:264|57:215,2,110
308,267,34304,1,0,0:0:0:0:
397,183,34582,1,0,0:0:0:0:
289,89,34860,5,0,0:0:0:0:
160,192,34999,1,0,0:0:0:0:
306,221,35137,1,0,0:0:0:0:
169,62,35276,1,0,0:0:0:0:
160,192,35415,1,0,0:0:0:0:
384,107,35971,6,0,P|383:201|317:266,1,165.000006294251
280,204,36249,6,0,P|281:298|347:363,1,165.000006294251
194,259,36526,2,0,B|182:155|182:155|228:109,1,165.000006294251
249,182,36804,2,0,B|309:119|309:119|262:29,1,165.000006294251
310,211,37082,6,0,B|404:203|404:203|464:124,1,165.000006294251
248,251,37360,2,0,P|155:324|95:305,1,165.000006294251
245,188,37637,2,0,B|213:95|213:95|138:74,1,165.000006294251
354,73,37915,2,0,L|448:72,1,82.5000031471254
355,140,38054,2,0,L|457:140,1,82.5000031471254
265,69,38193,6,0,P|165:62|87:108,1,165.000006294251
173,139,38471,2,0,P|284:143|352:180,1,165.000006294251
265,215,38749,2,0,P|116:210|93:219,1,165.000006294251
268,151,39026,2,0,P|211:87|282:35,1,165.000006294251
279,93,39304,2,0,P|336:157|265:209,1,165.000006294251
235,212,39582,2,0,P|178:276|249:328,1,165.000006294251
245,272,39860,2,0,P|337:263|355:188,1,165.000006294251
293,217,40137,2,0,P|257:137|178:140,1,165.000006294251
155,318,40415,6,0,P|58:240|56:205,1,110
103,188,40693,2,0,P|180:107|256:97,1,110
293,164,40971,2,0,B|213:238|192:246|239:307,2,110
312,192,41526,5,0,0:0:0:0:
212,54,41665,1,0,0:0:0:0:
239,255,41804,1,0,0:0:0:0:
127,108,41943,1,0,0:0:0:0:
142,224,42082,1,0,0:0:0:0:
304,112,42221,1,0,0:0:0:0:
358,252,42499,5,0,0:0:0:0:
365,222,42568,1,0,0:0:0:0:
365,189,42637,1,0,0:0:0:0:
356,146,42776,2,0,P|248:92|228:95,1,110
248,183,43054,5,0,0:0:0:0:
104,67,43193,1,0,0:0:0:0:
248,183,43332,1,0,0:0:0:0:
103,316,43471,1,0,0:0:0:0:
103,316,43610,2,0,P|214:332|264:295,1,110
318,317,43887,5,0,0:0:0:0:
392,166,44026,1,0,0:0:0:0:
392,166,44165,2,0,P|287:86|217:86,1,110
265,153,44443,2,0,P|354:223|354:260,1,110
120,286,44999,6,0,P|231:321|312:308,1,110
430,202,45276,1,0,0:0:0:0:
298,69,45415,5,0,0:0:0:0:
166,119,45554,1,0,0:0:0:0:
298,69,45693,1,0,0:0:0:0:
275,262,45971,5,0,0:0:0:0:
281,172,46110,1,0,0:0:0:0:
354,234,46249,5,0,0:0:0:0:
366,55,46387,1,0,0:0:0:0:
436,223,46526,5,0,0:0:0:0:
287,67,46665,2,0,P|173:72|135:103,1,110
189,188,46943,6,0,B|172:297|172:297|150:286,1,82.5000031471254
148,182,47082,2,0,L|128:280,1,82.5000031471254
107,174,47290,2,0,B|85:260|85:260|132:335,1,165.000006294251
174,255,47637,2,0,B|287:258|287:258|319:209,1,165.000006294251
255,194,47915,2,0,B|183:125|183:125|257:67,1,165.000006294251
136,192,48332,5,0,0:0:0:0:
316,216,48471,1,0,0:0:0:0:
170,262,48610,5,0,0:0:0:0:
296,140,48749,1,0,0:0:0:0:
234,291,48887,5,0,0:0:0:0:
232,114,49026,2,0,P|302:56|360:55,1,110
425,157,49443,6,0,P|390:274|355:297,1,110
296,283,49721,1,0,0:0:0:0:
87,262,49999,2,0,P|70:138|102:98,1,110
144,79,50276,5,0,0:0:0:0:
325,74,50554,5,0,0:0:0:0:
419,285,50693,1,0,0:0:0:0:
394,69,50832,5,0,0:0:0:0:
353,294,50971,1,0,0:0:0:0:
453,114,51110,5,0,0:0:0:0:
294,264,51249,1,0,0:0:0:0:
245,125,51387,5,0,0:0:0:0:
208,129,51457,1,0,0:0:0:0:
177,151,51526,1,0,0:0:0:0:
151,177,51596,1,0,0:0:0:0:
134,210,51665,1,0,0:0:0:0:
137,306,51804,6,0,P|249:307|280:292,1,110
448,165,52082,5,0,0:0:0:0:
448,165,52221,2,0,P|350:97|286:85,1,110
213,95,52499,1,0,0:0:0:0:
213,307,52776,5,0,0:0:0:0:
91,171,52915,1,0,0:0:0:0:
91,171,53054,2,0,P|185:101|245:102,1,110
340,154,53332,6,0,P|249:222|211:220,1,110
196,148,53749,1,0,0:0:0:0:
240,147,53818,2,0,L|239:78,1,55
277,149,53887,2,0,L|275:81,1,55
256,192,54165,12,0,55971,0:0:0:0:
209,240,57360,6,0,P|99:209|87:172,1,110
229,161,57637,6,0,P|119:130|107:93,1,110
325,106,57915,6,0,P|435:137|447:174,1,110
310,190,58193,6,0,P|420:221|432:258,1,110
140,257,58471,5,0,0:0:0:0:
140,257,58610,1,0,0:0:0:0:
209,94,58749,1,0,0:0:0:0:
292,233,58887,5,0,0:0:0:0:
102,133,59026,1,0,0:0:0:0:
388,94,59582,2,0,P|392:203|342:228,1,110
280,235,59860,5,0,0:0:0:0:
111,228,59999,1,0,0:0:0:0:
180,69,60137,6,0,P|292:97|305:130,1,110
393,201,60415,5,0,0:0:0:0:
220,303,60554,1,0,0:0:0:0:
393,201,60693,1,0,0:0:0:0:
301,95,60832,6,0,P|171:121|151:141,2,110
412,109,61249,2,0,P|414:233|328:288,1,220
123,279,61804,5,0,0:0:0:0:
123,279,61943,1,0,0:0:0:0:
131,114,62082,2,0,P|251:84|310:114,1,110
373,153,62360,5,0,0:0:0:0:
373,153,62499,1,0,0:0:0:0:
381,270,62637,2,0,P|261:300|202:270,1,110
174,223,62915,5,0,0:0:0:0:
270,69,63054,1,0,0:0:0:0:
352,173,63193,5,0,0:0:0:0:
137,118,63332,1,0,0:0:0:0:
279,254,63471,1,0,0:0:0:0:
169,103,64026,5,0,0:0:0:0:
353,155,64304,1,0,0:0:0:0:
138,239,64582,1,0,0:0:0:0:
373,297,64860,1,0,0:0:0:0:
377,159,65137,6,0,P|282:87|88:132,1,330
419,254,66570,5,0,0:0:0:0:
233,69,67152,5,0,0:0:0:0:
140,244,67717,5,0,0:0:0:0:
396,178,68114,5,0,0:0:0:0:
245,104,68392,1,0,0:0:0:0:
263,311,68842,5,0,0:0:0:0:
384,97,69374,5,0,0:0:0:0:
162,158,69929,5,0,0:0:0:0:
400,64,70346,5,0,0:0:0:0:
405,281,70624,1,0,0:0:0:0:
178,92,71110,5,0,0:0:0:0:
305,291,71665,5,0,0:0:0:0:
401,77,72221,5,0,0:0:0:0:
212,174,72637,5,0,0:0:0:0:
87,332,72915,1,0,0:0:0:0:
332,57,73332,5,0,0:0:0:0:
461,295,73887,5,0,0:0:0:0:
171,243,74443,5,0,0:0:0:0:
325,241,74860,5,0,0:0:0:0:
113,137,75137,1,0,0:0:0:0:
280,92,75415,2,0,P|388:130|409:169,1,110
371,285,75693,6,0,P|239:301|214:294,1,110
187,275,75971,1,0,0:0:0:0:
187,275,76110,1,0,0:0:0:0:
150,127,76249,5,0,0:0:0:0:
305,66,76387,1,0,0:0:0:0:
150,127,76526,5,0,0:0:0:0:
313,156,76665,1,0,0:0:0:0:
150,127,76804,1,0,0:0:0:0:
275,247,76943,6,0,P|186:341|174:336,1,110
145,225,77499,5,0,0:0:0:0:
165,78,77637,1,0,0:0:0:0:
206,231,77776,1,0,0:0:0:0:
235,84,77915,1,0,0:0:0:0:
268,235,78054,6,0,P|388:230|407:197,1,110
456,137,78332,2,0,P|336:142|317:175,1,110
211,96,78610,5,0,0:0:0:0:
102,233,78749,1,0,0:0:0:0:
225,341,78887,1,0,0:0:0:0:
331,215,79026,1,0,0:0:0:0:
331,215,79165,2,0,P|285:112|270:107,1,110
109,139,79721,6,0,P|223:88|337:102,1,220
381,220,80137,5,0,0:0:0:0:
381,220,80276,1,0,0:0:0:0:
381,220,80415,2,0,P|233:272|213:250,1,110
159,121,80693,5,0,0:0:0:0:
365,111,80832,1,0,0:0:0:0:
159,121,80971,1,0,0:0:0:0:
162,306,81110,1,0,0:0:0:0:
159,121,81249,1,0,0:0:0:0:
365,111,81387,6,0,P|395:239|388:256,1,110
142,76,82012,5,0,0:0:0:0:
169,107,82151,1,0,0:0:0:0:
192,138,82290,1,0,0:0:0:0:
216,172,82429,1,0,0:0:0:0:
240,209,82568,1,0,0:0:0:0:
269,251,82707,1,0,0:0:0:0:
293,291,82846,1,0,0:0:0:0:
332,269,82985,5,0,0:0:0:0:
346,224,83124,1,0,0:0:0:0:
346,204,83193,1,0,0:0:0:0:
345,178,83262,1,0,0:0:0:0:
338,153,83332,1,0,0:0:0:0:
323,135,83401,1,0,0:0:0:0:
298,118,83471,1,0,0:0:0:0:
265,105,83540,1,0,0:0:0:0:
236,100,83610,1,0,0:0:0:0:
205,102,83679,1,0,0:0:0:0:
177,117,83749,1,0,0:0:0:0:
152,141,83818,1,0,0:0:0:0:
143,177,83887,1,0,0:0:0:0:
144,212,83957,1,0,0:0:0:0:
155,245,84026,1,0,0:0:0:0:
173,274,84096,1,0,0:0:0:0:
207,284,84165,1,0,0:0:0:0:
379,217,84304,6,0,P|331:140|267:112,1,137.5
133,167,84582,6,0,P|181:244|245:272,1,137.5
223,84,84860,2,0,B|309:83|309:83|359:113,1,137.5
289,300,85137,2,0,B|203:301|203:301|153:271,1,137.5
128,201,85415,6,0,P|177:140|197:168,1,137.5
351,207,85693,6,0,P|302:268|282:240,1,137.5
245,107,85971,6,0,L|246:249,1,137.5
339,85,86249,6,0,L|448:86,1,68.75
339,85,86387,2,0,L|243:84,1,68.75
339,85,86526,2,0,B|339:195|339:195|304:224,1,137.5
173,299,86804,6,0,B|173:189|173:189|208:160,1,137.5
181,103,87082,2,0,P|283:102|322:137,1,137.5
387,261,87360,2,0,P|285:262|246:227,1,137.5
347,103,87637,6,0,B|248:96|248:96|249:37,1,137.5
165,281,87915,6,0,B|264:288|264:288|263:347,1,137.5
238,162,88193,6,0,B|267:87|284:85|284:85|220:35,1,137.5
338,110,88471,6,0,B|309:185|292:187|292:187|356:237,1,137.5
160,194,88749,6,0,B|84:165|84:165|161:154,1,137.5
302,69,89026,6,0,B|378:98|378:98|301:109,1,137.5
276,323,89304,6,0,B|252:220|252:220|268:279,1,137.5
236,61,89582,6,0,B|260:164|260:164|244:105,1,137.5
62,211,89860,6,0,L|208:209,1,137.5
199,209,90137,6,0,L|345:211,1,137.5
218,34,90415,6,8,B|185:103|185:103|252:101,1,137.5
319,140,90693,1,0,0:0:0:0:
342,167,90762,1,0,0:0:0:0:
367,200,90832,1,0,0:0:0:0:
391,237,90901,1,0,0:0:0:0:
414,272,90971,1,0,0:0:0:0:
308,329,91249,6,0,B|292:294|292:294|253:328|253:328|233:296|233:296|206:315,1,157.142857142857
172,246,91526,2,0,B|109:174|109:174|188:139,1,137.5
336,52,91804,6,0,B|393:101|393:101|392:180,1,137.5
336,332,92082,6,0,B|393:283|393:283|392:204,1,137.5
156,277,92360,2,0,P|86:222|102:187,1,137.5
356,277,92637,6,0,P|426:222|410:187,1,137.5
163,61,92915,6,0,L|307:58,1,137.5
256,192,93193,12,0,94860,0:0:0:0:
152,220,97221,6,0,P|275:310|298:307,1,165
349,219,97637,1,0,0:0:0:0:
264,69,97915,1,0,0:0:0:0:
147,119,98193,6,0,B|146:236|146:236|232:308,1,220
404,233,98749,6,0,P|332:121|69:191,1,440
239,283,99443,5,0,0:0:0:0:
374,252,99651,1,0,0:0:0:0:
374,252,99790,2,0,P|409:176|350:76,1,165
273,101,100554,5,0,0:0:0:0:
138,132,100762,1,0,0:0:0:0:
138,132,100901,2,0,P|103:208|162:308,1,165
229,295,101249,5,0,0:0:0:0:
405,291,101387,1,0,0:0:0:0:
360,114,101665,5,0,0:0:0:0:
75,178,102221,5,0,0:0:0:0:
350,281,102776,5,0,0:0:0:0:
285,74,103262,5,0,0:0:0:0:
146,104,103749,6,0,P|95:218|213:354,1,275
366,280,104374,6,0,P|417:166|299:30,1,275
203,62,104999,6,0,B|223:291|223:291|141:331,1,275
496,243,105554,6,0,P|388:108|196:108,1,330
202,232,106179,5,0,0:0:0:0:
429,85,106665,5,0,0:0:0:0:
438,328,106943,5,0,0:0:0:0:
256,234,107221,5,0,0:0:0:0:
406,54,107568,5,0,0:0:0:0:
416,243,107846,5,0,0:0:0:0:
155,119,108332,5,0,0:0:0:0:
349,217,108679,5,0,0:0:0:0:
349,217,108818,2,0,B|359:131|359:131|303:68,1,165
355,109,109512,5,0,0:0:0:0:
163,167,109721,5,0,0:0:0:0:
163,167,109860,2,0,B|153:253|153:253|209:316,1,165
312,315,110207,5,0,0:0:0:0:
417,186,110346,1,0,0:0:0:0:
210,75,110693,5,0,0:0:0:0:
395,223,111179,5,0,0:0:0:0:
189,306,111735,5,0,0:0:0:0:
329,105,112360,5,0,0:0:0:0:
217,323,112846,6,0,P|117:285|101:189,1,206.250007867813
323,219,113401,6,0,P|223:181|207:85,1,206.250007867813
376,72,113957,6,0,P|436:200|416:269,1,206.250007867813
306,317,114582,6,0,P|142:284|120:194,1,247.500009441376
219,91,115137,2,0,B|328:115|328:115|352:169,1,137.5
304,198,115415,2,0,B|195:222|195:222|171:276,1,137.5
414,254,115693,6,0,B|436:148|436:148|386:105,1,137.5
232,119,115971,6,0,B|210:225|210:225|260:268,1,137.5
125,265,116249,5,0,0:0:0:0:
57,123,116387,1,0,0:0:0:0:
214,123,116526,1,0,0:0:0:0:
288,264,116665,1,0,0:0:0:0:
367,123,116804,1,0,0:0:0:0:
367,123,117082,6,0,L|441:197,1,68.75
367,123,117221,2,0,L|310:201,1,68.75
367,123,117360,2,0,P|218:102|195:126,1,137.5
135,186,117637,6,0,P|284:207|307:183,1,137.5
336,326,117915,6,0,B|405:239|405:239|328:246,1,137.5
336,58,118193,6,0,B|405:145|405:145|328:138,1,137.5
270,221,118471,5,0,0:0:0:0:
115,102,118610,1,0,0:0:0:0:
270,221,118749,1,0,0:0:0:0:
101,325,118887,1,0,0:0:0:0:
270,221,119026,1,0,0:0:0:0:
261,68,119165,6,0,B|365:77|365:77|406:140,1,137.5
400,178,119415,5,0,0:0:0:0:
399,203,119471,5,0,0:0:0:0:
400,228,119526,5,0,0:0:0:0:
399,256,119582,5,0,0:0:0:0:
293,310,119721,6,0,P|183:286|155:256,1,137.5
157,142,119999,1,0,0:0:0:0:
157,142,120137,2,0,P|241:83|299:83,1,137.5
357,146,120415,5,0,0:0:0:0:
247,313,120554,5,0,0:0:0:0:
141,231,120693,1,0,0:0:0:0:
259,155,120832,1,0,0:0:0:0:
146,112,120971,1,0,0:0:0:0:
146,112,121110,2,0,P|293:71|348:89,1,137.5
382,102,121387,5,0,0:0:0:0:
314,216,121526,6,0,L|375:267,1,68.75
314,216,121665,2,0,L|391:282,1,68.75
314,216,121804,2,0,P|253:294|204:286,1,137.5
175,220,122082,5,0,0:0:0:0:
246,76,122221,1,0,0:0:0:0:
306,171,122360,1,0,0:0:0:0:
306,171,122499,2,0,P|305:271|277:301,1,137.5
206,213,122776,2,0,P|207:113|235:83,1,137.5
359,81,123054,5,0,0:0:0:0:
430,244,123193,1,0,0:0:0:0:
359,81,123332,1,0,0:0:0:0:
179,154,123471,1,0,0:0:0:0:
359,81,123610,2,0,P|337:180|303:220,1,137.5
182,317,124026,6,0,P|89:271|86:227,1,137.5
330,317,124304,6,0,P|423:271|426:227,1,137.5
182,67,124582,6,0,P|89:113|86:157,1,137.5
330,67,124860,6,0,P|423:113|426:157,1,137.5
341,277,125137,6,0,B|225:261|225:261|194:215,1,137.5
171,277,125415,6,0,B|287:261|287:261|318:215,1,137.5
150,98,125693,6,0,P|257:75|310:112,1,137.5
150,286,125971,6,0,P|257:309|310:272,1,137.5
165,113,126249,5,0,0:0:0:0:
183,135,126304,1,0,0:0:0:0:
201,159,126360,1,0,0:0:0:0:
219,182,126415,1,0,0:0:0:0:
326,214,126596,2,0,B|329:116|329:116|268:71,1,137.5
136,120,126874,6,0,P|88:191|98:252,1,137.5
237,328,127152,6,0,B|323:266|323:266|270:226,1,137.5
275,56,127430,6,0,B|189:118|189:118|242:158,1,137.5
356,219,127707,6,0,P|300:139|260:137,1,137.5
156,219,127985,6,0,P|212:139|252:137,1,137.5
232,49,128471,6,0,B|324:86|324:86|346:135,1,137.5
260,165,128749,6,0,B|168:202|168:202|146:251,1,137.5
391,309,129026,6,0,P|415:207|394:174,1,137.5
391,75,129304,6,0,P|415:177|394:210,1,137.5
192,78,129582,6,0,B|173:175|173:175|239:233,1,137.5
192,306,129860,6,0,B|173:209|173:209|239:151,1,137.5
378,294,130137,6,0,L|247:350,1,137.5
443,195,130415,6,0,L|312:251,1,137.5
124,115,130693,5,0,0:0:0:0:
142,142,130762,1,0,0:0:0:0:
162,171,130832,1,0,0:0:0:0:
180,197,130901,1,0,0:0:0:0:
207,234,131110,6,0,B|278:187|278:187|278:129,1,137.5
410,236,131388,6,0,B|339:189|339:189|339:131,1,137.5
149,60,131665,6,0,B|140:192|140:192|170:216,1,137.5
283,72,131943,6,0,B|274:204|274:204|304:228,1,137.5
177,307,132221,6,0,P|283:316|303:284,1,137.5
418,179,132499,6,0,P|312:170|292:202,1,137.5
197,205,132749,5,0,0:0:0:0:
166,218,132804,1,0,0:0:0:0:
143,239,132860,1,0,0:0:0:0:
123,269,132915,1,0,0:0:0:0:
256,192,133054,12,0,134721,0:0:0:0:
