osu file format v14

[General]
AudioFilename: audio.mp3
AudioLeadIn: 0
PreviewTime: 5054
Countdown: 0
SampleSet: Soft
StackLeniency: 0.4
Mode: 0
LetterboxInBreaks: 0
WidescreenStoryboard: 1

[Editor]
DistanceSpacing: 3
BeatDivisor: 4
GridSize: 8
TimelineZoom: 2.749999

[Metadata]
Title:Onii-Chan Baka Hentai
TitleUnicode:Onii-Chan Baka Hentai
Artist:Imoutosan
ArtistUnicode:Imoutosan
Creator:KoolKwoA
Version:Have erkyerks's issue
Source:Synex Xvii
Tags:Imoutosan Riverflowsinyou Lovenote Riverflowinyou OniiChan OniiChanBaka OniChanBakaHentai OniChan Menhera MenheraChan NiiChanBaka BakaHentai RyuuouoNoOshigoto Anime  Music Musik SynexXvii Synex Xvii
BeatmapID:3240322
BeatmapSetID:1268237

[Difficulty]
HPDrainRate:5
CircleSize:4
OverallDifficulty:8
ApproachRate:9.2
SliderMultiplier:3.10000000596047
SliderTickRate:1

[Events]
//Background and Video events
0,0,"7d83480b9d92c735e6ad87f8d4a1f7bd.jpg",0,0
//Break Periods
//Storyboard Layer 0 (Background)
//Storyboard Layer 1 (Fail)
//Storyboard Layer 2 (Pass)
//Storyboard Layer 3 (Foreground)
//Storyboard Layer 4 (Overlay)
//Storyboard Sound Samples

[TimingPoints]
2417,439.56043956044,4,2,1,50,1,0
5054,-200,4,2,1,50,0,0
5933,-100,4,2,1,50,0,1
16482,-100,4,2,1,50,0,1
26043,-100,4,2,1,50,0,1
32307,-100,4,2,1,50,0,0
33955,-100,4,2,1,50,0,0
34065,441.176470588235,4,2,1,50,1,0
48182,437.956204379562,4,2,1,50,1,0
56722,-100,4,2,1,50,0,1
56941,-33.3333333333333,4,2,1,50,0,1
57817,-100,4,2,1,50,0,1
61758,-100,4,2,1,50,0,0


[Colours]
Combo1 : 255,53,255
Combo2 : 255,45,45
Combo3 : 255,255,83
Combo4 : 159,255,64
Combo5 : 94,255,255
Combo6 : 43,106,255
Combo7 : 173,91,255

[HitObjects]
392,192,658,5,0,0:0:0:0:
216,240,878,1,0,0:0:0:0:
392,192,1098,1,0,0:0:0:0:
56,136,2416,6,0,L|56:176,1,38.7500000745059,2|0,0:0|0:0,0:0:0:0:
232,96,2856,2,0,L|232:148,1,38.7500000745059,2|0,0:0|0:0,0:0:0:0:
128,200,3296,2,0,L|128:240,1,38.7500000745059,2|0,0:0|0:0,0:0:0:0:
288,224,3735,2,0,L|288:268,1,38.7500000745059,2|0,0:0|0:0,0:0:0:0:
356,164,3955,5,2,0:0:0:0:
352,36,4175,5,2,0:0:0:0:
267,22,4284,1,2,0:0:0:0:
187,54,4394,1,2,0:0:0:0:
135,122,4504,1,2,0:0:0:0:
125,207,4614,1,2,0:0:0:0:
159,285,4724,1,2,0:0:0:0:
229,335,4834,1,2,0:0:0:0:
324,336,5054,6,0,P|360:316|400:300,3,77.5000001490118,2|0|0|0,0:0|0:0|0:0|0:0,0:0:0:0:
52,64,5933,5,2,0:0:0:0:
28,136,6042,1,0,0:0:0:0:
50,209,6152,1,0,0:0:0:0:
109,257,6262,1,0,0:0:0:0:
185,263,6373,5,2,0:0:0:0:
218,194,6482,1,0,0:0:0:0:
284,156,6592,1,0,0:0:0:0:
360,165,6702,1,0,0:0:0:0:
416,220,6812,6,0,L|408:324,1,77.5000001490118,2|0,0:0|0:0,0:0:0:0:
476,80,7032,2,0,L|484:-24,1,77.5000001490118,2|0,0:0|0:0,0:0:0:0:
264,64,7252,2,0,P|224:56|180:68,1,77.5000001490118,2|0,0:0|0:0,0:0:0:0:
8,300,7471,2,0,P|48:308|92:296,1,77.5000001490118,2|0,0:0|0:0,0:0:0:0:
232,368,7691,5,2,0:0:0:0:
218,292,7800,1,0,0:0:0:0:
253,225,7910,1,0,0:0:0:0:
321,191,8020,1,0,0:0:0:0:
396,204,8131,5,2,0:0:0:0:
409,128,8240,1,0,0:0:0:0:
374,61,8350,1,0,0:0:0:0:
306,27,8460,1,0,0:0:0:0:
231,40,8570,6,0,B|184:48|184:48|144:80,1,77.5000001490118,2|0,0:0|0:0,0:0:0:0:
20,332,8790,2,0,B|67:324|67:324|107:292,1,77.5000001490118
400,56,9010,2,0,L|398:159,1,77.5000001490118,2|0,0:0|0:0,0:0:0:0:
232,384,9230,2,0,L|232:296,1,77.5000001490118
152,72,9449,5,2,0:0:0:0:
152,72,9504,1,0,0:0:0:0:
352,280,9669,1,2,0:0:0:0:
352,280,9724,1,0,0:0:0:0:
432,64,9889,5,2,0:0:0:0:
432,64,9944,1,0,0:0:0:0:
152,256,10109,1,2,0:0:0:0:
152,256,10164,1,0,0:0:0:0:
85,42,10329,5,2,0:0:0:0:
88,40,10384,1,0,0:0:0:0:
272,304,10548,1,2,0:0:0:0:
272,304,10603,1,0,0:0:0:0:
467,115,10768,5,2,0:0:0:0:
467,115,10823,1,0,0:0:0:0:
96,248,10988,1,0,0:0:0:0:
96,248,11043,1,0,0:0:0:0:
224,56,11208,6,0,B|196:80|180:88|180:88|196:112|200:192,1,155.000000298024,2|0,0:0|0:0,0:0:0:0:
288,328,11647,2,0,B|316:304|332:296|332:296|316:272|312:192,1,155.000000298024,2|0,0:0|0:0,0:0:0:0:
208,104,12087,5,2,0:0:0:0:
172,92,12196,1,0,0:0:0:0:
135,92,12306,1,0,0:0:0:0:
100,103,12416,1,0,0:0:0:0:
71,126,12526,1,2,0:0:0:0:
50,156,12636,1,0,0:0:0:0:
40,192,12746,1,0,0:0:0:0:
42,229,12856,1,0,0:0:0:0:
56,252,12966,5,2,0:0:0:0:
121,213,13075,1,0,0:0:0:0:
197,220,13185,1,0,0:0:0:0:
255,270,13295,1,0,0:0:0:0:
273,343,13406,5,2,0:0:0:0:
235,277,13515,1,0,0:0:0:0:
242,201,13625,1,0,0:0:0:0:
291,143,13735,1,0,0:0:0:0:
360,112,13845,6,0,L|464:112,1,77.5000001490118,2|0,0:0|0:0,0:0:0:0:
92,332,14065,2,0,L|4:332,1,77.5000001490118
412,316,14285,6,0,P|444:348|454:397,1,77.5000001490118,2|0,0:0|0:0,0:0:0:0:
120,76,14504,2,0,P|87:43|77:-6,1,77.5000001490118
431,121,14724,6,0,B|423:181|335:201|335:201|407:193|439:249|431:297|407:321,1,310.000000596047,2|2,0:0|0:0,0:0:0:0:
252,348,15603,5,2,0:0:0:0:
183,383,15712,1,0,0:0:0:0:
108,374,15822,1,0,0:0:0:0:
50,324,15932,1,0,0:0:0:0:
31,252,16043,5,2,0:0:0:0:
93,206,16152,1,0,0:0:0:0:
119,134,16262,1,0,0:0:0:0:
97,60,16372,1,0,0:0:0:0:
52,0,16482,5,2,0:0:0:0:
52,0,16537,1,0,0:0:0:0:
200,192,16702,1,2,0:0:0:0:
200,192,16757,1,0,0:0:0:0:
320,48,16922,5,2,0:0:0:0:
320,48,16977,1,0,0:0:0:0:
96,272,17142,1,2,0:0:0:0:
96,272,17197,1,0,0:0:0:0:
336,160,17362,5,2,0:0:0:0:
336,160,17417,1,0,0:0:0:0:
24,136,17581,1,2,0:0:0:0:
24,136,17636,1,0,0:0:0:0:
224,56,17801,5,2,0:0:0:0:
224,56,17856,1,0,0:0:0:0:
304,352,18021,1,2,0:0:0:0:
304,352,18076,1,0,0:0:0:0:
384,136,18241,5,2,0:0:0:0:
384,136,18296,1,0,0:0:0:0:
65,274,18570,1,8,0:0:0:0:
49,248,18625,1,0,0:0:0:0:
48,96,18900,1,0,0:0:0:0:
162,117,19120,5,2,0:0:0:0:
198,113,19229,1,0,0:0:0:0:
234,124,19339,1,0,0:0:0:0:
262,149,19449,1,0,0:0:0:0:
278,182,19559,5,2,0:0:0:0:
233,207,19668,1,0,0:0:0:0:
211,253,19778,1,0,0:0:0:0:
219,304,19888,1,0,0:0:0:0:
255,341,19999,5,2,0:0:0:0:
195,291,20108,1,0,0:0:0:0:
179,217,20218,1,0,0:0:0:0:
209,148,20328,1,0,0:0:0:0:
275,109,20439,5,2,0:0:0:0:
236,43,20548,1,0,0:0:0:0:
166,14,20658,1,0,0:0:0:0:
92,32,20768,1,0,0:0:0:0:
36,76,20878,6,0,L|76:148,1,77.5000001490118
460,364,21098,2,0,L|420:292,1,77.5000001490118,2|0,0:0|0:0,0:0:0:0:
12,348,21318,6,0,P|49:340|79:316,1,77.5000001490118,2|0,0:0|0:0,0:0:0:0:
456,44,21537,2,0,P|418:51|388:75,1,77.5000001490118
248,356,21757,5,2,0:0:0:0:
262,280,21866,1,0,0:0:0:0:
227,213,21976,1,0,0:0:0:0:
159,179,22086,1,0,0:0:0:0:
84,192,22197,5,2,0:0:0:0:
71,116,22306,1,0,0:0:0:0:
106,49,22416,1,0,0:0:0:0:
174,15,22526,1,0,0:0:0:0:
252,12,22636,6,0,L|332:24,1,77.5000001490118,2|0,0:0|0:0,0:0:0:0:
496,340,22856,2,0,L|416:328,1,77.5000001490118,2|0,0:0|0:0,0:0:0:0:
20,352,23076,6,0,L|100:340,1,77.5000001490118,2|0,0:0|0:0,0:0:0:0:
420,100,23296,2,0,L|340:112,1,77.5000001490118
28,88,23515,5,2,0:0:0:0:
28,88,23570,1,0,0:0:0:0:
192,304,23735,1,2,0:0:0:0:
192,304,23790,1,0,0:0:0:0:
248,64,23955,5,2,0:0:0:0:
248,64,24010,1,0,0:0:0:0:
32,288,24175,1,2,0:0:0:0:
32,288,24230,1,0,0:0:0:0:
304,248,24395,5,2,0:0:0:0:
304,248,24449,1,0,0:0:0:0:
28,88,24614,1,2,0:0:0:0:
28,88,24669,1,0,0:0:0:0:
392,120,24834,5,2,0:0:0:0:
388,120,24889,1,0,0:0:0:0:
72,264,25054,1,2,0:0:0:0:
72,264,25109,1,0,0:0:0:0:
196,72,25274,6,0,P|220:164|196:232,1,155.000000298024,2|2,0:0|0:0,0:0:0:0:
364,236,25713,2,0,P|340:328|364:396,1,155.000000298024,2|2,0:0|0:0,0:0:0:0:
256,132,26153,5,2,0:0:0:0:
281,158,26262,1,0,0:0:0:0:
315,172,26372,1,0,0:0:0:0:
353,171,26482,1,0,0:0:0:0:
386,156,26592,5,2,0:0:0:0:
368,108,26701,1,0,0:0:0:0:
380,59,26811,1,0,0:0:0:0:
419,25,26921,1,0,0:0:0:0:
458,19,27032,5,2,0:0:0:0:
505,78,27141,1,0,0:0:0:0:
509,154,27251,1,2,0:0:0:0:
470,219,27361,1,0,0:0:0:0:
401,251,27472,5,2,0:0:0:0:
346,197,27581,1,0,0:0:0:0:
271,184,27691,1,0,0:0:0:0:
203,219,27801,1,0,0:0:0:0:
169,290,27911,6,0,L|212:384,1,77.5000001490118,2|0,0:0|0:0,0:0:0:0:
332,8,28131,2,0,L|288:102,1,77.5000001490118,2|0,0:0|0:0,0:0:0:0:
0,228,28351,6,0,P|37:233|73:220,1,77.5000001490118,2|0,0:0|0:0,0:0:0:0:
500,136,28570,2,0,P|461:129|425:141,1,77.5000001490118
54,19,28790,5,2,0:0:0:0:
7,78,28899,1,0,0:0:0:0:
3,154,29009,1,0,0:0:0:0:
42,219,29119,1,0,0:0:0:0:
111,251,29230,5,2,0:0:0:0:
166,197,29339,1,0,0:0:0:0:
241,184,29449,1,0,0:0:0:0:
309,219,29559,1,0,0:0:0:0:
343,290,29669,6,0,L|388:216,1,77.5000001490118,2|0,0:0|0:0,0:0:0:0:
43,87,29889,2,0,L|-2:161,1,77.5000001490118,2|0,0:0|0:0,0:0:0:0:
376,24,30109,6,0,L|442:64,1,77.5000001490118,2|0,0:0|0:0,0:0:0:0:
80,368,30329,2,0,L|13:327,1,77.5000001490118
88,128,30548,5,2,0:0:0:0:
88,128,30603,1,0,0:0:0:0:
304,320,30768,1,2,0:0:0:0:
304,320,30823,1,0,0:0:0:0:
160,44,30988,5,2,0:0:0:0:
160,44,31043,1,0,0:0:0:0:
304,320,31208,1,2,0:0:0:0:
296,320,31263,1,0,0:0:0:0:
392,24,31427,5,2,0:0:0:0:
392,24,31482,1,0,0:0:0:0:
144,272,31647,1,0,0:0:0:0:
144,272,31702,1,0,0:0:0:0:
464,192,31867,5,2,0:0:0:0:
464,192,31922,1,0,0:0:0:0:
144,272,32087,1,0,0:0:0:0:
144,272,32142,1,0,0:0:0:0:
172,72,32307,6,0,P|288:56|356:152,1,232.500000447035,2|0,0:0|0:0,0:0:0:0:
354,137,32746,1,0,0:0:0:0:
272,284,32966,1,2,0:0:0:0:
204,148,33186,5,2,0:0:0:0:
412,260,33406,1,2,0:0:0:0:
176,320,33625,1,2,0:0:0:0:
144,64,34065,6,0,B|128:104|88:120|88:120|128:144|132:184,1,155.000000298024,2|0,0:0|0:0,0:0:0:0:
308,264,34506,2,0,B|324:224|364:208|364:208|324:184|320:144,1,155.000000298024,2|0,0:0|0:0,0:0:0:0:
352,0,34837,5,0,0:0:0:0:
476,108,34947,2,0,P|464:208|472:276,1,155.000000298024,2|0,0:0|0:0,0:0:0:0:
300,288,35388,2,0,B|220:276|252:352|144:340,1,155.000000298024,2|0,0:0|0:0,0:0:0:0:
0,384,35719,5,0,0:0:0:0:
84,240,35829,2,0,B|36:208|36:208|28:76,1,155.000000298024,2|0,0:0|0:0,0:0:0:0:
144,28,36160,2,0,P|176:120|304:88,1,232.500000447035
288,352,36712,5,2,0:0:0:0:
368,96,36932,1,0,0:0:0:0:
64,352,37153,5,2,0:0:0:0:
464,124,37373,1,0,0:0:0:0:
156,72,37594,6,0,B|128:40|96:52|60:88|92:164,1,155.000000298024,2|0,0:0|0:0,0:0:0:0:
36,304,38035,2,0,B|124:312|92:240|184:256,1,155.000000298024,2|0,0:0|0:0,0:0:0:0:
256,384,38366,5,0,0:0:0:0:
392,288,38476,2,0,P|376:196|376:112,1,155.000000298024
472,24,38917,2,0,P|408:72|320:40,1,155.000000298024,2|0,0:0|0:0,0:0:0:0:
256,128,39248,5,0,0:0:0:0:
124,48,39359,2,0,B|88:80|88:80|124:200,1,155.000000298024,2|0,0:0|0:0,0:0:0:0:
32,248,39690,2,0,B|68:316|68:316|148:280|252:316,1,232.500000447035
352,356,40241,5,2,0:0:0:0:
303,297,40350,1,0,0:0:0:0:
298,221,40460,1,0,0:0:0:0:
338,156,40570,1,0,0:0:0:0:
407,127,40682,5,2,0:0:0:0:
367,212,40792,1,0,0:0:0:0:
277,241,40902,1,0,0:0:0:0:
195,195,41012,1,0,0:0:0:0:
144,96,41123,6,0,B|122:87|106:55|106:55|106:107|90:167,1,155.000000298024,2|0,0:0|0:0,0:0:0:0:
210,323,41564,2,0,B|232:332|248:364|248:364|248:312|264:252,1,155.000000298024,2|0,0:0|0:0,0:0:0:0:
320,64,41895,5,0,0:0:0:0:
456,160,42006,2,0,P|444:260|452:328,1,155.000000298024,2|0,0:0|0:0,0:0:0:0:
236,68,42447,2,0,P|248:168|240:236,1,155.000000298024,2|2,0:0|0:0,0:0:0:0:
224,384,42778,5,0,0:0:0:0:
76,288,42889,2,0,P|87:211|82:134,1,155.000000298024,2|2,0:0|0:0,0:0:0:0:
88,12,43219,2,0,B|140:0|180:48|180:48|188:36|188:36|228:100|300:88,1,232.500000447035,0|2,0:0|0:0,0:0:0:0:
420,24,43770,5,2,0:0:0:0:
371,83,43879,1,0,0:0:0:0:
366,159,43989,1,0,0:0:0:0:
406,224,44099,1,0,0:0:0:0:
475,253,44210,5,2,0:0:0:0:
416,205,44319,1,0,0:0:0:0:
340,200,44429,1,0,0:0:0:0:
275,240,44539,1,0,0:0:0:0:
216,328,44653,6,0,P|150:361|78:329,1,155.000000298024,2|0,0:0|0:0,0:0:0:0:
306,137,45094,2,0,P|372:104|444:136,1,155.000000298024,2|0,0:0|0:0,0:0:0:0:
512,192,45425,5,0,0:0:0:0:
400,320,45535,2,0,B|336:320|336:320|328:304|328:304|320:320|320:320|264:320,1,155.000000298024,2|0,0:0|0:0,0:0:0:0:
120,336,45976,2,0,P|120:232|108:144,1,155.000000298024,2|0,0:0|0:0,0:0:0:0:
114,181,46307,1,0,0:0:0:0:
192,72,46417,5,2,0:0:0:0:
424,364,46638,2,0,L|424:280,1,77.5000001490118,2|0,0:0|0:0,0:0:0:0:
428,52,46859,1,2,0:0:0:0:
192,288,47079,1,2,0:0:0:0:
300,16,47300,5,2,0:0:0:0:
96,320,47520,1,0,0:0:0:0:
464,36,47741,5,2,0:0:0:0:
32,224,47962,1,0,0:0:0:0:
404,328,48182,6,0,L|416:160,1,155.000000298024,2|0,0:0|0:0,0:0:0:0:
143,126,48619,1,2,0:0:0:0:
213,93,48728,1,0,0:0:0:0:
288,64,48838,6,0,L|280:148,1,77.5000001490118,2|0,0:0|0:0,0:0:0:0:
24,336,49057,2,0,P|92:292|196:332,1,155.000000298024,2|0,0:0|0:0,0:0:0:0:
388,344,49495,5,0,0:0:0:0:
317,314,49604,1,0,0:0:0:0:
278,249,49713,1,2,0:0:0:0:
287,173,49823,1,0,0:0:0:0:
352,84,49933,6,0,P|437:79|457:7,1,155.000000298024,2|0,0:0|0:0,0:0:0:0:
485,248,50262,2,0,P|457:168|465:0,1,232.500000447035
256,56,50809,5,2,0:0:0:0:
336,96,50918,1,0,0:0:0:0:
367,170,51027,1,0,0:0:0:0:
345,252,51137,1,0,0:0:0:0:
260,312,51247,2,0,P|188:276|104:300,1,155.000000298024,2|0,0:0|0:0,0:0:0:0:
104,48,51685,6,0,B|60:96|144:128|96:204,1,155.000000298024,2|0,0:0|0:0,0:0:0:0:
368,264,52123,1,2,0:0:0:0:
297,297,52232,1,0,0:0:0:0:
223,326,52342,6,0,L|231:242,1,77.5000001490118
392,32,52561,2,0,L|376:200,1,155.000000298024,2|0,0:0|0:0,0:0:0:0:
420,344,52999,5,2,0:0:0:0:
374,282,53108,1,0,0:0:0:0:
305,248,53217,1,2,0:0:0:0:
228,248,53327,1,2,0:0:0:0:
161,284,53437,5,2,0:0:0:0:
217,233,53546,1,0,0:0:0:0:
231,158,53655,1,2,0:0:0:0:
197,90,53765,1,2,0:0:0:0:
129,55,53875,5,2,0:0:0:0:
123,144,53984,1,2,0:0:0:0:
179,214,54093,1,2,0:0:0:0:
267,229,54203,1,2,0:0:0:0:
343,182,54313,5,2,0:0:0:0:
409,148,54422,1,0,0:0:0:0:
419,74,54531,1,0,0:0:0:0:
364,23,54641,1,0,0:0:0:0:
291,40,54751,5,2,0:0:0:0:
319,132,54860,1,0,0:0:0:0:
296,225,54969,1,0,0:0:0:0:
230,293,55079,1,0,0:0:0:0:
132,348,55189,6,0,L|144:180,1,155.000000298024,2|0,0:0|0:0,0:0:0:0:
444,108,55627,1,2,0:0:0:0:
374,75,55736,1,0,0:0:0:0:
299,46,55846,6,0,L|307:130,1,77.5000001490118,2|0,0:0|0:0,0:0:0:0:
232,340,56065,2,0,B|224:280|224:280|244:248|244:248|232:176,1,155.000000298024,2|0,0:0|0:0,0:0:0:0:
432,152,56503,5,0,0:0:0:0:
402,81,56612,1,0,0:0:0:0:
337,42,56721,1,2,0:0:0:0:
261,51,56831,1,0,0:0:0:0:
205,103,56941,6,0,B|144:124|144:124|316:136,1,232.500009316207,2|2,0:0|0:0,0:0:0:0:
484,260,57160,2,0,B|316:271|316:271|377:292,1,232.500009316207,2|2,0:0|0:0,0:0:0:0:
104,332,57379,2,0,B|116:284|88:244|88:244|116:284|116:284|88:244|108:192,1,232.500009316207,2|2,0:0|0:0,0:0:0:0:
284,4,57598,2,0,B|272:52|300:92|300:92|272:52|272:52|300:92|280:144,1,232.500009316207,2|2,0:0|0:0,0:0:0:0:
456,324,57817,6,0,P|324:280|288:312,1,155.000000298024,2|2,0:0|0:0,0:0:0:0:
248,72,58254,5,2,0:0:0:0:
154,92,58363,1,0,0:0:0:0:
84,158,58472,1,0,0:0:0:0:
58,250,58582,1,0,0:0:0:0:
120,344,58692,6,0,P|199:334|270:386,1,155.000000298024,2|2,0:0|0:0,0:0:0:0:
448,336,59130,5,2,0:0:0:0:
354,314,59239,1,2,0:0:0:0:
286,246,59348,1,2,0:0:0:0:
263,154,59458,1,2,0:0:0:0:
328,64,59568,6,0,B|316:24|316:24|440:42,1,155.000000298024,2|0,0:0|0:0,0:0:0:0:
460,220,60006,5,0,0:0:0:0:
400,300,60115,1,0,0:0:0:0:
307,338,60224,1,2,0:0:0:0:
208,322,60334,1,2,0:0:0:0:
112,236,60444,6,0,B|84:183|32:171|32:171|76:167|92:163,1,155.000000298024,2|2,0:0|0:0,0:0:0:0:
116,72,60773,2,0,B|184:68|220:120|220:120|248:64|320:60,1,232.500000447035,2|2,0:0|0:0,0:0:0:0:
368,220,61320,5,2,0:0:0:0:
280,288,61758,1,2,0:0:0:0:
256,192,66138,12,0,70846,0:0:0:0:
