osu file format v14

[General]
AudioFilename: audio.mp3
AudioLeadIn: 0
PreviewTime: 5054
Countdown: 0
SampleSet: Soft
StackLeniency: 0.4
Mode: 0
LetterboxInBreaks: 0
WidescreenStoryboard: 1

[Editor]
DistanceSpacing: 3
BeatDivisor: 8
GridSize: 4
TimelineZoom: 2.749999

[Metadata]
Title:Onii-Chan Baka Hentai
TitleUnicode:Onii-Chan Baka Hentai
Artist:Imoutosan
ArtistUnicode:Imoutosan
Creator:KoolKwoA
Version:Have faith !
Source:Synex Xvii
Tags:Imoutosan Riverflowsinyou Lovenote Riverflowinyou OniiChan OniiChanBaka OniChanBakaHentai OniChan Menhera MenheraChan NiiChanBaka BakaHentai RyuuouoNoOshigoto Anime  Music Musik SynexXvii Synex Xvii
BeatmapID:3083487
BeatmapSetID:1268237

[Difficulty]
HPDrainRate:5.7
CircleSize:4
OverallDifficulty:8.8
ApproachRate:9.3
SliderMultiplier:2.80000000596047
SliderTickRate:1

[Events]
//Background and Video events
0,0,"7d83480b9d92c735e6ad87f8d4a1f7bd.jpg",0,0
Video,0,"Onii-Chan Baka Hentai - Lyrics.mp4"
//Break Periods
//Storyboard Layer 0 (Background)
//Storyboard Layer 1 (Fail)
//Storyboard Layer 2 (Pass)
//Storyboard Layer 3 (Foreground)
//Storyboard Layer 4 (Overlay)
//Storyboard Sound Samples

[TimingPoints]
2417,439.56043956044,4,2,1,50,1,0
16482,-66.6666666666667,4,2,1,50,0,1
26043,-66.6666666666667,4,2,1,50,0,0
33955,-66.6666666666667,4,2,1,50,0,0
34065,441.176470588235,4,2,1,50,1,0
48182,437.956204379562,4,2,1,50,1,0
56722,-66.6666666666667,4,2,1,50,0,1
61758,-100,4,2,1,50,0,0


[Colours]
Combo1 : 255,53,255
Combo2 : 255,45,45
Combo3 : 255,255,83
Combo4 : 159,255,64
Combo5 : 94,255,255
Combo6 : 43,106,255
Combo7 : 173,91,255

[HitObjects]
456,96,2417,6,0,P|434:95|367:121,1,70.0000001490118,2|0,0:0|0:0,0:0:0:0:
149,246,2856,6,0,P|213:259|236:274,1,70.0000001490118,2|0,0:0|0:0,0:0:0:0:
474,170,3296,6,0,P|413:166|387:175,1,70.0000001490118,2|0,0:0|0:0,0:0:0:0:
59,54,3735,6,0,P|120:64|151:80,1,70.0000001490118,2|0,0:0|0:0,0:0:0:0:
97,184,3955,2,0,P|140:185|191:209,1,70.0000001490118,2|0,0:0|0:0,0:0:0:0:
288,260,4175,5,2,0:0:0:0:
410,262,4285,1,2,0:0:0:0:
288,260,4395,5,2,0:0:0:0:
410,262,4504,1,2,0:0:0:0:
288,260,4614,5,2,0:0:0:0:
410,262,4724,1,2,0:0:0:0:
288,260,4834,5,2,0:0:0:0:
410,262,4944,1,2,0:0:0:0:
345,125,5054,5,2,0:0:0:0:
200,163,5164,2,0,P|132:208|76:256,1,140.000000298024
221,279,5493,1,0,0:0:0:0:
28,50,5713,1,0,0:0:0:0:
469,139,5933,5,2,0:0:0:0:
376,251,6043,1,0,0:0:0:0:
338,110,6153,2,0,P|316:77|256:57,1,70.0000001490118
260,201,6373,1,2,0:0:0:0:
175,81,6482,1,0,0:0:0:0:
133,222,6592,2,0,P|138:280|150:306,1,70.0000001490118
293,309,6812,5,2,0:0:0:0:
250,178,6922,1,0,0:0:0:0:
337,73,7032,2,0,L|414:41,1,70.0000001490118,2|0,0:0|0:0,0:0:0:0:
387,159,7252,2,0,L|343:268,1,70.0000001490118,2|0,0:0|0:0,0:0:0:0:
246,161,7471,2,0,L|148:130,1,70.0000001490118,2|0,0:0|0:0,0:0:0:0:
11,105,7691,5,2,0:0:0:0:
104,217,7801,1,0,0:0:0:0:
142,76,7911,2,0,P|164:43|202:32,1,70.0000001490118
220,167,8131,1,2,0:0:0:0:
305,47,8241,1,0,0:0:0:0:
347,188,8351,2,0,P|342:246|328:272,1,70.0000001490118
238,200,8570,5,2,0:0:0:0:
469,55,8790,1,0,0:0:0:0:
225,177,9010,2,0,B|209:219|209:219|274:276|302:284,1,140.000000298024,2|0,0:0|0:0,0:0:0:0:
33,43,9449,5,2,0:0:0:0:
447,331,9669,1,2,0:0:0:0:
39,36,9889,1,2,0:0:0:0:
508,222,10109,1,2,0:0:0:0:
4,182,10329,5,2,0:0:0:0:
484,33,10548,1,2,0:0:0:0:
95,193,10768,5,2,0:0:0:0:
267,74,10878,1,0,0:0:0:0:
267,283,10988,2,0,L|316:220,1,70.0000001490118
461,33,11208,1,2,0:0:0:0:
41,67,11427,1,0,0:0:0:0:
380,312,11647,1,2,0:0:0:0:
417,42,11867,5,0,0:0:0:0:
145,50,12087,5,2,0:0:0:0:
68,162,12197,1,0,0:0:0:0:
196,117,12307,1,0,0:0:0:0:
311,44,12417,1,0,0:0:0:0:
248,166,12526,1,2,0:0:0:0:
35,336,12746,2,0,L|100:291,1,70.0000001490118
301,166,12966,2,0,B|199:191|171:241|207:229|235:211,1,140.000000298024,2|0,0:0|0:0,0:0:0:0:
477,26,13406,1,2,0:0:0:0:
477,26,13625,1,0,0:0:0:0:
352,38,13845,5,2,0:0:0:0:
429,151,13955,1,0,0:0:0:0:
301,106,14065,1,0,0:0:0:0:
186,33,14175,1,0,0:0:0:0:
249,155,14285,1,2,0:0:0:0:
462,325,14504,5,0,0:0:0:0:
29,26,14724,1,2,0:0:0:0:
269,150,14944,1,0,0:0:0:0:
20,37,15164,1,2,0:0:0:0:
23,309,15384,1,0,0:0:0:0:
301,206,15603,5,2,0:0:0:0:
219,318,15713,1,0,0:0:0:0:
347,273,15823,1,0,0:0:0:0:
462,200,15933,1,0,0:0:0:0:
399,322,16043,1,2,0:0:0:0:
399,322,16263,1,0,0:0:0:0:
19,144,16482,5,2,0:0:0:0:
166,89,16592,1,0,0:0:0:0:
93,230,16702,2,0,L|210:231,1,105.00000422895,2|0,0:0|0:0,0:0:0:0:
354,237,16922,1,2,0:0:0:0:
220,322,17032,1,0,0:0:0:0:
222,164,17142,1,2,0:0:0:0:
366,225,17252,1,0,0:0:0:0:
476,113,17362,5,2,0:0:0:0:
160,104,17581,1,2,0:0:0:0:
498,354,17801,1,2,0:0:0:0:
186,74,18021,1,2,0:0:0:0:
492,362,18241,2,0,L|497:210,1,105.00000422895,2|0,0:0|0:0,0:0:0:0:
129,58,18570,5,8,0:0:0:0:
129,58,18680,1,2,0:0:0:0:
495,257,18900,1,0,0:0:0:0:
77,274,19120,5,2,0:0:0:0:
493,206,19340,1,0,0:0:0:0:
77,170,19559,1,2,0:0:0:0:
497,130,19779,1,0,0:0:0:0:
81,58,19999,2,0,P|149:34|205:54,1,105.00000422895,2|0,0:0|0:0,0:0:0:0:
289,118,20219,5,0,0:0:0:0:
165,174,20329,1,0,0:0:0:0:
289,234,20438,2,0,B|349:234|349:234|413:202,1,105.00000422895,2|0,0:0|0:0,0:0:0:0:
453,94,20658,1,0,0:0:0:0:
317,94,20768,1,0,0:0:0:0:
253,214,20878,6,0,L|253:326,1,105.00000422895
253,182,21098,2,0,L|253:54,1,105.00000422895,2|0,0:0|0:0,0:0:0:0:
45,54,21318,2,0,P|117:122|221:70,1,210.0000084579,2|0,0:0|0:0,0:0:0:0:
397,286,21757,5,2,0:0:0:0:
261,262,21867,1,0,0:0:0:0:
381,194,21977,2,0,P|409:182|385:78,1,105.00000422895,0|0,0:0|0:0,0:0:0:0:
313,46,22197,2,0,B|321:94|321:94|333:154|345:170|365:154,1,105.00000422895,2|0,0:0|0:0,0:0:0:0:
441,238,22417,1,0,0:0:0:0:
401,106,22526,1,0,0:0:0:0:
281,42,22636,2,0,L|141:46,1,105.00000422895,2|0,0:0|0:0,0:0:0:0:
73,230,22856,2,0,L|213:258,1,105.00000422895,2|0,0:0|0:0,0:0:0:0:
381,294,23076,2,0,B|237:302|221:258|221:258|289:198|185:186,1,210.0000084579,2|0,0:0|0:0,0:0:0:0:
1,26,23515,6,0,L|123:53,1,105.00000422895,2|0,0:0|0:0,0:0:0:0:
497,114,23735,1,2,0:0:0:0:
21,274,23955,1,2,0:0:0:0:
457,22,24175,1,2,0:0:0:0:
5,238,24395,2,0,L|133:269,1,105.00000422895,2|0,0:0|0:0,0:0:0:0:
497,346,24614,1,2,0:0:0:0:
33,146,24834,2,0,L|149:106,1,105.00000422895,2|0,0:0|0:0,0:0:0:0:
437,26,25054,1,2,0:0:0:0:
21,350,25274,1,2,0:0:0:0:
89,86,25493,5,2,0:0:0:0:
33,354,25713,1,2,0:0:0:0:
149,110,25933,1,2,0:0:0:0:
345,302,26153,5,2,0:0:0:0:
253,46,26373,1,0,0:0:0:0:
457,226,26592,1,2,0:0:0:0:
185,242,26812,1,0,0:0:0:0:
397,70,27032,5,2,0:0:0:0:
269,122,27142,1,0,0:0:0:0:
153,50,27252,2,0,P|93:82|101:130,1,105.00000422895,2|0,0:0|0:0,0:0:0:0:
249,246,27471,2,0,P|309:258|285:150,1,210.0000084579,2|0,0:0|0:0,0:0:0:0:
37,66,27911,5,2,0:0:0:0:
49,202,28021,1,0,0:0:0:0:
165,134,28131,2,0,P|229:158|261:194,1,105.00000422895,2|0,0:0|0:0,0:0:0:0:
337,294,28351,1,2,0:0:0:0:
181,310,28460,1,0,0:0:0:0:
121,166,28570,1,0,0:0:0:0:
369,230,28790,6,0,P|237:250|181:202,1,210.0000084579,2|0,0:0|0:0,0:0:0:0:
457,230,29230,2,0,P|333:242|245:146,1,210.0000084579,2|0,0:0|0:0,0:0:0:0:
45,334,29669,5,2,0:0:0:0:
136,231,29779,1,0,0:0:0:0:
265,188,29889,2,0,P|331:196|371:236,1,105.00000422895,2|0,0:0|0:0,0:0:0:0:
248,299,30109,1,2,0:0:0:0:
384,300,30219,1,0,0:0:0:0:
274,219,30329,1,0,0:0:0:0:
295,84,30438,1,0,0:0:0:0:
180,141,30548,6,0,L|163:261,1,105.00000422895,2|0,0:0|0:0,0:0:0:0:
166,245,30768,2,0,L|261:313,1,105.00000422895,2|0,0:0|0:0,0:0:0:0:
251,306,30988,2,0,L|364:289,1,105.00000422895,2|0,0:0|0:0,0:0:0:0:
355,290,31208,2,0,B|429:278|429:278|383:247,1,105.00000422895,2|0,0:0|0:0,0:0:0:0:
25,34,31427,5,2,0:0:0:0:
493,278,31647,1,0,0:0:0:0:
77,338,31867,1,2,0:0:0:0:
161,202,31977,1,0,0:0:0:0:
317,226,32087,2,0,P|385:218|413:194,1,105.00000422895,0|0,0:0|0:0,0:0:0:0:
293,90,32307,5,2,0:0:0:0:
73,318,32526,2,0,L|173:202,2,105.00000422895,2|0|2,0:0|0:0|0:0,0:0:0:0:
261,62,32966,1,2,0:0:0:0:
445,318,33186,1,2,0:0:0:0:
277,50,33406,1,2,0:0:0:0:
73,290,33625,2,0,B|42:121|96:71|126:83,1,210.0000084579,2|0,0:0|0:0,0:0:0:0:
301,270,34065,5,2,0:0:0:0:
168,238,34175,1,0,0:0:0:0:
245,124,34285,2,0,P|300:111|345:120,1,70.0000001490118
240,202,34506,1,2,0:0:0:0:
110,155,34616,1,0,0:0:0:0:
14,46,34726,2,0,P|72:40|105:40,1,70.0000001490118
77,172,34947,1,2,0:0:0:0:
184,258,35057,1,0,0:0:0:0:
303,218,35167,2,0,P|317:271|340:299,1,70.0000001490118
402,178,35388,5,2,0:0:0:0:
280,240,35498,1,0,0:0:0:0:
333,114,35609,2,0,P|351:163|340:197,1,70.0000001490118
215,265,35829,5,2,0:0:0:0:
222,129,35940,1,0,0:0:0:0:
113,211,36050,2,0,L|9:151,1,70.0000001490118
139,87,36270,5,2,0:0:0:0:
194,211,36381,1,0,0:0:0:0:
272,98,36491,2,0,L|381:79,1,70.0000001490118
293,214,36712,6,0,P|208:256|148:263,1,140.000000298024,2|0,0:0|0:0,0:0:0:0:
308,30,37153,2,0,P|394:71|433:123,1,140.000000298024,2|0,0:0|0:0,0:0:0:0:
195,140,37594,5,2,0:0:0:0:
73,184,37704,1,0,0:0:0:0:
195,211,37815,2,0,P|143:248|121:256,1,70.0000001490118
0,334,38035,5,2,0:0:0:0:
136,335,38145,1,0,0:0:0:0:
58,193,38256,2,0,P|130:179|141:170,2,70.0000001490118,0|0|2,0:0|0:0|0:0,0:0:0:0:
189,251,38587,5,0,0:0:0:0:
268,138,38697,1,0,0:0:0:0:
287,272,38807,2,0,P|305:317|342:329,1,70.0000001490118,0|2,0:0|0:0,0:0:0:0:
373,199,39028,5,0,0:0:0:0:
240,233,39138,1,0,0:0:0:0:
311,117,39248,2,0,L|311:26,1,70.0000001490118,0|2,0:0|0:0,0:0:0:0:
177,54,39469,5,0,0:0:0:0:
145,186,39579,2,0,P|165:222|217:256,1,70.0000001490118
241,122,39800,1,2,0:0:0:0:
313,238,39910,1,0,0:0:0:0:
449,218,40020,2,0,L|506:98,1,70.0000001490118
313,234,40241,6,0,L|238:131,1,70.0000001490118,2|0,0:0|0:0,0:0:0:0:
29,302,40682,2,0,L|122:237,1,70.0000001490118,2|0,0:0|0:0,0:0:0:0:
485,66,41123,5,2,0:0:0:0:
385,162,41234,1,0,0:0:0:0:
293,62,41344,1,0,0:0:0:0:
237,186,41454,2,0,P|201:230|168:243,1,70.0000001490118,0|2,0:0|0:0,0:0:0:0:
121,114,41675,5,0,0:0:0:0:
237,186,41785,1,0,0:0:0:0:
329,86,41895,1,0,0:0:0:0:
413,186,42006,2,0,P|405:254|381:275,1,70.0000001490118,2|0,0:0|0:0,0:0:0:0:
65,246,42447,1,2,0:0:0:0:
353,114,42667,5,2,0:0:0:0:
217,130,42778,1,0,0:0:0:0:
341,186,42888,1,2,0:0:0:0:
217,290,42998,1,0,0:0:0:0:
177,158,43109,1,2,0:0:0:0:
273,258,43219,1,0,0:0:0:0:
300,135,43329,2,0,P|313:94|389:98,1,70.0000001490118,2|0,0:0|0:0,0:0:0:0:
441,206,43550,2,0,P|393:214|356:204,1,70.0000001490118,2|0,0:0|0:0,0:0:0:0:
165,180,43770,6,0,P|140:126|197:147,1,140.000000298024,2|0,0:0|0:0,0:0:0:0:
473,294,44212,2,0,P|445:198|385:136,1,140.000000298024,2|0,0:0|0:0,0:0:0:0:
89,190,44653,5,2,0:0:0:0:
489,194,44873,1,0,0:0:0:0:
81,302,45094,1,2,0:0:0:0:
409,42,45314,1,0,0:0:0:0:
265,322,45535,2,0,L|166:322,1,70.0000001490118,2|0,0:0|0:0,0:0:0:0:
109,118,45756,5,0,0:0:0:0:
465,342,45976,1,2,0:0:0:0:
69,202,46197,5,0,0:0:0:0:
473,310,46417,2,0,L|447:216,1,70.0000001490118,2|0,0:0|0:0,0:0:0:0:
245,270,46638,5,2,0:0:0:0:
33,246,46748,1,0,0:0:0:0:
217,146,46859,1,2,0:0:0:0:
113,326,46969,1,0,0:0:0:0:
73,114,47079,2,0,P|105:78|147:72,1,70.0000001490118,2|0,0:0|0:0,0:0:0:0:
225,182,47300,2,0,P|161:218|80:209,1,140.000000298024,2|2,0:0|0:0,0:0:0:0:
309,158,47741,6,0,B|317:186|317:186|317:259,1,70.0000001490118,2|0,0:0|0:0,0:0:0:0:
449,123,48182,2,0,P|391:137|311:84,1,140.000000298024,2|0,0:0|0:0,0:0:0:0:
5,334,48619,5,2,0:0:0:0:
233,186,48838,1,2,0:0:0:0:
171,294,48948,1,0,0:0:0:0:
348,183,49057,1,2,0:0:0:0:
481,346,49167,2,0,P|392:351|333:337,1,140.000000298024
224,340,49714,2,0,P|172:324|138:302,1,70.0000001490118,2|0,0:0|0:0,0:0:0:0:
255,237,49933,6,0,P|343:222|359:177,1,140.000000298024,2|0,0:0|0:0,0:0:0:0:
277,43,50262,1,0,0:0:0:0:
409,72,50371,1,2,0:0:0:0:
312,167,50481,2,0,P|391:232|444:238,1,140.000000298024
80,203,50809,5,2,0:0:0:0:
258,93,50919,1,0,0:0:0:0:
197,293,51028,1,0,0:0:0:0:
89,113,51138,1,0,0:0:0:0:
129,320,51247,1,2,0:0:0:0:
200,124,51357,2,0,L|222:57,2,70.0000001490118
160,256,51685,6,0,L|128:347,1,70.0000001490118,2|0,0:0|0:0,0:0:0:0:
72,220,51904,1,0,0:0:0:0:
208,220,52014,1,0,0:0:0:0:
204,84,52123,1,2,0:0:0:0:
68,84,52233,1,0,0:0:0:0:
152,220,52342,6,0,L|208:291,1,70.0000001490118
308,196,52561,2,0,L|353:123,1,70.0000001490118,2|0,0:0|0:0,0:0:0:0:
468,204,52780,1,0,0:0:0:0:
366,108,52890,1,0,0:0:0:0:
304,228,52999,2,0,L|265:302,1,70.0000001490118,2|0,0:0|0:0,0:0:0:0:
428,336,53218,5,2,0:0:0:0:
332,152,53327,1,2,0:0:0:0:
192,312,53437,1,2,0:0:0:0:
36,88,53656,5,2,0:0:0:0:
244,60,53765,1,2,0:0:0:0:
104,216,53875,1,2,0:0:0:0:
312,232,53984,5,2,0:0:0:0:
120,148,54094,1,2,0:0:0:0:
212,336,54203,1,2,0:0:0:0:
376,208,54313,6,0,P|416:157|424:79,1,140.000000298024,2|0,0:0|0:0,0:0:0:0:
49,243,54751,6,0,P|29:159|44:105,1,140.000000298024,2|0,0:0|0:0,0:0:0:0:
428,308,55189,6,0,B|414:275|390:277|363:278|331:229|331:229|331:199,1,140.000000298024,2|0,0:0|0:0,0:0:0:0:
64,320,55627,1,2,0:0:0:0:
192,80,55846,1,2,0:0:0:0:
324,320,56065,1,2,0:0:0:0:
428,64,56722,5,2,0:0:0:0:
132,360,56941,1,2,0:0:0:0:
188,160,57050,1,2,0:0:0:0:
284,348,57160,1,2,0:0:0:0:
316,152,57269,1,2,0:0:0:0:
136,260,57379,5,2,0:0:0:0:
344,228,57488,1,2,0:0:0:0:
156,140,57598,1,2,0:0:0:0:
360,92,57707,1,2,0:0:0:0:
256,276,57817,5,2,0:0:0:0:
256,4,58036,1,2,0:0:0:0:
256,276,58254,2,0,L|256:44,1,210.0000084579,2|0,0:0|0:0,0:0:0:0:
72,324,58692,5,2,0:0:0:0:
228,352,58802,1,2,0:0:0:0:
352,256,58911,1,2,0:0:0:0:
292,108,59021,1,2,0:0:0:0:
140,144,59130,1,2,0:0:0:0:
152,300,59240,1,2,0:0:0:0:
320,172,59349,1,2,0:0:0:0:
480,308,59459,1,2,0:0:0:0:
480,100,59568,1,2,0:0:0:0:
172,40,60225,5,2,0:0:0:0:
164,300,60335,1,2,0:0:0:0:
424,272,60444,1,2,0:0:0:0:
164,232,60554,1,2,0:0:0:0:
424,204,60663,1,2,0:0:0:0:
244,16,60773,5,2,0:0:0:0:
256,280,60882,1,2,0:0:0:0:
312,24,60992,1,2,0:0:0:0:
332,284,61101,1,2,0:0:0:0:
24,228,61320,5,2,0:0:0:0:
484,228,61539,1,2,0:0:0:0:
256,16,61758,5,2,0:0:0:0:
