osu file format v14

[General]
AudioFilename: Dr.MadDog-Inside-The-Mind-of-a-Killer--online-audio-convert.com.mp3
AudioLeadIn: 0
PreviewTime: 16157
Countdown: 0
SampleSet: Soft
StackLeniency: 0.7
Mode: 0
LetterboxInBreaks: 0
WidescreenStoryboard: 1

[Editor]
DistanceSpacing: 1.2
BeatDivisor: 4
GridSize: 16
TimelineZoom: 1

[Metadata]
Title:Phonk Pack
TitleUnicode:Phonk Pack
Artist:Phonk Pack
ArtistUnicode:Phonk Pack
Creator:weldon1232
Version:song #2
Source:
Tags:
BeatmapID:3831838
BeatmapSetID:1863371

[Difficulty]
HPDrainRate:5
CircleSize:3.6
OverallDifficulty:5
ApproachRate:9
SliderMultiplier:1.4
SliderTickRate:1

[Events]
//Background and Video events
0,0,"thumb-1920-976079.jpg",0,0
//Break Periods
//Storyboard Layer 0 (Background)
//Storyboard Layer 1 (Fail)
//Storyboard Layer 2 (Pass)
//Storyboard Layer 3 (Foreground)
//Storyboard Layer 4 (Overlay)
//Storyboard Sound Samples

[TimingPoints]
16158,504.201680672269,4,2,0,100,1,0
16158,-58.8235294117647,4,2,0,100,0,0
105905,-58.8235294117647,4,2,0,5,0,0
106662,-58.8235294117647,4,2,0,100,0,0
106914,-58.8235294117647,4,2,0,15,0,0
112964,-58.8235294117647,4,2,0,100,0,0
154057,-58.8235294117647,4,2,0,5,0,0


[HitObjects]
37,48,16157,6,0,P|85:82|105:121,2,70
44,156,16914,6,0,P|100:178|157:160,1,119.000002269745
242,131,17418,2,0,P|241:200|221:256,1,119.000002269745
125,282,17796,2,0,L|179:321,1,59.5000011348725
308,285,18174,2,0,P|340:212|337:162,1,119.000002269745
259,95,18552,1,0,0:0:0:0:
372,53,18679,1,0,0:0:0:0:
463,58,18931,6,0,P|459:137|450:202,1,119.000002269745
397,255,19435,1,0,0:0:0:0:
305,337,19687,2,0,P|243:325|207:280,2,119.000002269745
75,320,20443,1,0,0:0:0:0:
55,222,20695,6,0,P|75:149|119:124,1,119.000002269745
252,184,21073,1,0,0:0:0:0:
252,184,21200,1,0,0:0:0:0:
372,193,21452,6,0,P|364:271|330:306,1,119.000002269745
240,295,21956,2,0,P|257:213|289:184,1,119.000002269745
384,166,22334,2,0,P|366:96|332:74,1,59.5000011348725
281,89,22712,2,0,P|352:38|385:52,2,119.000002269745
451,97,23468,6,0,P|457:178|434:231,1,119.000002269745
358,189,23973,2,0,P|358:268|385:324,1,119.000002269745
457,290,24477,2,0,P|455:207|432:171,1,119.000002269745
321,111,24981,5,0,0:0:0:0:
209,200,25233,1,0,0:0:0:0:
109,191,25485,2,0,P|110:124|156:93,1,119.000002269745
237,82,25863,1,0,0:0:0:0:
352,166,25989,1,0,0:0:0:0:
471,42,26242,6,0,L|475:176,1,119.000002269745
467,250,26620,1,0,0:0:0:0:
394,344,26746,1,0,0:0:0:0:
263,334,26998,6,0,L|115:331,1,119.000002269745
46,313,27502,2,0,P|56:244|92:205,1,119.000002269745
165,237,28006,2,0,P|179:160|132:126,1,119.000002269745
35,42,28510,6,0,L|149:91,1,119.000002269745
235,101,29015,2,0,L|281:149,2,59.5000011348725
311,206,29519,2,0,P|237:260|186:280,1,119.000002269745
60,334,30023,2,0,P|100:266|75:215,1,119.000002269745
62,137,30401,1,0,0:0:0:0:
62,137,30527,1,0,0:0:0:0:
201,53,30779,5,0,0:0:0:0:
315,123,31031,1,0,0:0:0:0:
315,123,31284,1,0,0:0:0:0:
422,182,31536,2,0,L|434:254,2,59.5000011348725
322,324,31914,6,0,P|264:286|251:290,1,59.5000011348725
201,324,32166,2,0,P|174:266|174:264,1,59.5000011348725
151,199,32544,6,0,P|72:153|61:116,1,119.000002269745
37,38,33048,2,0,L|151:85,1,119.000002269745
218,80,33552,2,0,P|228:162|205:217,1,119.000002269745
74,249,33931,1,0,0:0:0:0:
74,249,34057,1,0,0:0:0:0:
37,341,34309,5,0,0:0:0:0:
194,289,34561,1,0,0:0:0:0:
288,195,34687,1,0,0:0:0:0:
317,102,34813,2,0,P|269:42|208:35,1,119.000002269745
137,51,35317,2,0,P|178:141|208:155,2,119.000002269745
58,100,36073,5,0,0:0:0:0:
57,204,36326,2,0,P|49:297|86:333,1,119.000002269745
157,302,36830,2,0,P|188:225|228:210,1,119.000002269745
321,271,37208,5,0,0:0:0:0:
410,342,37334,2,0,P|443:289|450:206,2,119.000002269745
392,164,38090,5,0,0:0:0:0:
475,38,38342,1,0,0:0:0:0:
350,68,38468,1,0,0:0:0:0:
317,90,38594,1,0,0:0:0:0:
32,43,38847,6,0,L|135:112,1,119.000002269745
197,138,39351,2,0,P|186:219|149:245,1,119.000002269745
65,222,39855,2,0,P|65:293|105:315,1,119.000002269745
201,248,40359,5,0,0:0:0:0:
305,144,40611,1,0,0:0:0:0:
148,129,40863,1,0,0:0:0:0:
318,249,41115,1,0,0:0:0:0:
41,336,41368,6,0,L|161:338,1,119.000002269745
262,338,41872,2,0,L|330:338,2,59.5000011348725
441,337,42376,6,0,P|470:264|452:202,1,119.000002269745
367,208,42754,2,0,P|385:133|388:131,1,59.5000011348725
466,120,43132,2,0,P|402:54|327:63,1,119.000002269745
255,42,43636,5,0,0:0:0:0:
47,40,43889,1,0,0:0:0:0:
35,136,44141,2,0,L|32:267,1,119.000002269745
47,340,44645,2,0,L|172:262,1,119.000002269745
182,195,45149,2,0,P|237:152|250:162,1,59.5000011348725
296,165,45401,6,0,P|323:230|312:290,1,119.000002269745
215,255,45905,2,0,P|235:335|295:334,1,119.000002269745
337,306,46410,2,0,L|362:251,2,59.5000011348725
277,210,46914,2,0,P|311:151|363:140,1,119.000002269745
419,207,47418,2,0,P|474:151|437:89,1,119.000002269745
372,86,47922,6,0,P|324:167|327:200,1,119.000002269745
374,242,48426,2,0,P|285:262|263:240,1,119.000002269745
175,98,48931,5,0,0:0:0:0:
96,224,49435,1,0,0:0:0:0:
260,193,49939,1,0,0:0:0:0:
376,266,50191,1,0,0:0:0:0:
250,333,50443,1,0,0:0:0:0:
29,337,50947,5,0,0:0:0:0:
117,193,51452,1,0,0:0:0:0:
35,47,51956,1,0,0:0:0:0:
254,139,52460,1,0,0:0:0:0:
446,46,52964,1,0,0:0:0:0:
368,194,53468,1,0,0:0:0:0:
474,344,53973,1,0,0:0:0:0:
254,315,54477,5,0,0:0:0:0:
147,197,54981,1,0,0:0:0:0:
261,97,55485,5,0,0:0:0:0:
368,179,55737,1,0,0:0:0:0:
320,278,55863,2,0,L|261:309,1,59.5000011348725
87,208,56494,5,0,0:0:0:0:
101,105,56746,6,0,P|152:66|212:64,1,119.000002269745
227,135,57250,2,0,P|298:118|332:86,1,119.000002269745
283,40,57754,2,0,P|367:46|389:89,1,119.000002269745
329,128,58258,2,0,P|403:176|435:162,1,119.000002269745
455,97,58763,2,0,P|481:164|466:229,1,119.000002269745
388,191,59267,2,0,P|388:265|408:315,1,119.000002269745
477,246,59771,2,0,P|470:324|444:366,1,119.000002269745
318,326,60275,6,0,P|281:248|239:216,1,119.000002269745
155,252,60779,2,0,P|155:174|192:156,1,119.000002269745
267,189,61284,5,0,0:0:0:0:
166,100,61410,1,0,0:0:0:0:
266,58,61536,2,0,P|323:82|361:134,1,119.000002269745
199,211,62040,2,0,P|240:266|318:282,1,119.000002269745
383,212,62544,5,0,0:0:0:0:
266,131,62670,1,0,0:0:0:0:
383,212,62796,1,0,0:0:0:0:
317,302,63048,6,0,P|234:268|206:224,1,119.000002269745
243,184,63552,2,0,P|168:136|117:115,1,119.000002269745
43,97,64057,2,0,P|82:41|166:49,1,119.000002269745
251,198,64561,5,0,0:0:0:0:
377,100,65065,1,0,0:0:0:0:
186,74,65569,1,0,0:0:0:0:
72,189,66073,5,0,0:0:0:0:
174,276,66326,1,0,0:0:0:0:
288,199,66578,1,0,0:0:0:0:
430,281,66956,5,0,0:0:0:0:
448,160,67082,1,0,0:0:0:0:
324,89,67334,5,0,0:0:0:0:
203,195,67586,1,0,0:0:0:0:
88,93,67964,1,0,0:0:0:0:
51,226,68090,1,0,0:0:0:0:
123,322,68342,5,0,0:0:0:0:
255,192,68594,1,0,0:0:0:0:
386,288,68847,6,0,L|410:226,1,59.5000011348725
458,115,69099,1,0,0:0:0:0:
265,38,69351,5,0,0:0:0:0:
86,191,69603,1,0,0:0:0:0:
159,279,69729,1,0,0:0:0:0:
256,228,69855,1,0,0:0:0:0:
341,262,70107,6,0,P|414:335|439:315,1,119.000002269745
429,188,70611,6,0,L|397:158,10,39.6666674232483
255,87,71620,5,0,0:0:0:0:
193,228,71872,1,0,0:0:0:0:
79,135,72124,1,0,0:0:0:0:
168,69,72376,6,0,P|260:128|274:169,1,119.000002269745
205,189,72880,2,0,P|296:231|336:202,1,119.000002269745
296,132,73384,2,0,P|366:153|391:197,1,119.000002269745
305,235,74141,2,0,P|348:288|403:290,1,119.000002269745
435,215,74645,2,0,P|377:171|317:166,1,119.000002269745
266,217,75149,6,0,P|221:175|220:111,1,119.000002269745
286,57,75653,2,0,P|210:60|172:98,1,119.000002269745
109,171,76158,1,0,0:0:0:0:
146,258,76410,2,0,L|204:286,2,59.5000011348725
360,302,77166,6,0,P|397:226|374:176,1,119.000002269745
319,57,77670,1,0,0:0:0:0:
194,141,78174,2,0,P|181:217|201:278,1,119.000002269745
305,257,78679,2,0,L|360:224,2,59.5000011348725
462,49,79183,5,0,0:0:0:0:
472,191,79435,1,0,0:0:0:0:
474,350,79687,1,0,0:0:0:0:
245,304,80191,6,0,B|183:235|183:235|202:168,1,119.000002269745
284,168,80695,2,0,B|306:100|306:100|248:59,1,119.000002269745
125,58,81200,2,0,P|121:137|130:206,2,119.000002269745
257,65,81956,5,0,0:0:0:0:
257,103,82040,1,0,0:0:0:0:
187,173,82208,6,0,P|110:175|111:139,1,119.000002269745
107,52,82712,2,0,P|185:71|215:117,2,119.000002269745
45,194,83468,5,0,0:0:0:0:
135,304,83721,1,0,0:0:0:0:
263,199,83973,1,0,0:0:0:0:
336,119,84099,6,0,L|366:96,2,19.8333337116242
446,186,84477,5,0,0:0:0:0:
389,300,84603,1,0,0:0:0:0:
389,300,84729,5,0,0:0:0:0:
255,243,84981,5,0,0:0:0:0:
145,311,85107,1,0,0:0:0:0:
68,232,85233,1,0,0:0:0:0:
96,78,85485,6,0,L|157:111,2,59.5000011348725
252,83,85989,6,0,L|314:61,2,59.5000011348725
437,64,86494,6,0,L|354:173,1,119.000002269745
265,184,86872,2,0,L|194:167,1,59.5000011348725
144,102,87250,5,0,0:0:0:0:
73,215,87376,1,0,0:0:0:0:
175,283,87502,1,0,0:0:0:0:
317,275,87754,6,0,P|308:170|272:138,1,119.000002269745
235,73,88132,1,0,0:0:0:0:
385,54,88258,1,0,0:0:0:0:
458,149,88510,2,0,P|456:230|439:288,1,119.000002269745
334,336,89015,6,0,P|271:284|214:260,1,119.000002269745
55,333,89519,2,0,P|135:273|171:260,1,119.000002269745
253,84,90023,5,0,0:0:0:0:
145,149,90275,2,0,L|94:193,2,59.5000011348725
63,49,90779,5,0,0:0:0:0:
156,52,91031,2,0,L|223:53,2,59.5000011348725
310,58,91536,6,0,L|432:58,1,119.000002269745
457,142,92040,2,0,P|413:191|342:192,1,119.000002269745
197,124,92544,2,0,L|149:248,1,119.000002269745
321,319,93048,6,0,B|277:251|277:251|305:191,1,119.000002269745
290,131,93552,2,0,P|214:92|201:98,1,59.5000011348725
146,137,93805,1,0,0:0:0:0:
45,320,94057,6,0,B|148:280|148:280|165:237,1,119.000002269745
79,182,94561,6,0,P|168:168|205:179,1,119.000002269745
287,237,94939,2,0,L|314:180,1,59.5000011348725
430,75,95317,6,0,B|385:130|385:130|325:131,1,119.000002269745
198,86,95821,2,0,B|166:170|163:184|163:184|176:214,2,119.000002269745
268,220,96578,6,0,P|216:297|163:321,1,119.000002269745
23,349,97082,6,0,B|88:282|88:282|91:233,1,119.000002269745
48,177,97586,2,0,B|128:170|128:170|194:125,1,119.000002269745
90,55,98090,6,0,B|163:75|165:76|228:125,1,119.000002269745
177,180,98468,2,0,P|252:177|274:155,1,59.5000011348725
359,103,98847,2,0,P|368:181|349:225,1,119.000002269745
252,251,99225,2,0,P|253:193|258:180,1,59.5000011348725
44,75,99603,6,0,B|87:118|90:125|108:197,1,119.000002269745
40,333,100107,2,0,B|119:298|119:298|177:313,1,119.000002269745
303,326,100611,2,0,B|264:264|263:263|298:194,1,119.000002269745
368,92,101115,6,0,B|290:125|284:131|261:176,1,119.000002269745
167,190,101620,2,0,P|155:124|164:110,1,59.5000011348725
232,66,101872,2,0,P|283:115|296:207,1,119.000002269745
392,292,102376,6,0,B|426:180|426:180|405:147,1,119.000002269745
323,111,102880,6,0,P|285:166|285:182,2,59.5000011348725
223,284,103384,6,0,B|171:215|171:215|192:168,1,119.000002269745
202,60,103889,5,0,0:0:0:0:
105,191,104141,1,0,0:0:0:0:
206,284,104393,1,0,0:0:0:0:
316,108,104645,6,0,P|312:193|314:193,1,119.000002269745
453,333,105149,5,0,0:0:0:0:
259,133,105905,5,0,0:0:0:0:
83,250,106662,5,0,0:0:0:0:
261,142,106914,1,0,0:0:0:0:
444,58,107418,1,0,0:0:0:0:
425,221,107922,1,0,0:0:0:0:
171,286,108426,5,0,0:0:0:0:
66,115,109435,5,0,0:0:0:0:
259,44,109939,1,0,0:0:0:0:
164,198,110443,1,0,0:0:0:0:
453,193,110947,5,0,0:0:0:0:
337,295,111452,1,0,0:0:0:0:
142,221,111956,1,0,0:0:0:0:
142,221,112460,6,0,P|214:172|361:195,1,238.00000453949
427,82,113216,6,0,L|357:68,2,59.5000011348725
254,118,113721,5,0,0:0:0:0:
66,198,113973,2,0,P|72:274|109:307,1,119.000002269745
203,297,114477,2,0,P|216:219|235:178,1,119.000002269745
326,200,114981,2,0,P|334:113|305:86,1,119.000002269745
196,63,115359,1,0,0:0:0:0:
56,115,115485,6,0,P|63:200|79:242,2,119.000002269745
182,275,116115,2,0,P|183:200|181:195,1,59.5000011348725
146,128,116494,6,0,P|228:98|266:126,2,119.000002269745
351,206,117250,5,0,0:0:0:0:
451,123,117502,6,0,P|413:58|365:57,2,119.000002269745
226,58,118258,5,0,0:0:0:0:
123,128,118510,1,0,0:0:0:0:
123,128,118763,1,0,0:0:0:0:
259,78,119015,6,0,P|260:142|274:163,1,59.5000011348725
340,138,119267,2,0,P|316:206|306:208,1,59.5000011348725
232,223,119519,2,0,P|292:250|297:248,1,59.5000011348725
339,191,119771,2,0,P|382:235|381:238,1,59.5000011348725
341,311,120023,6,0,P|408:308|411:303,3,59.5000011348725
434,187,120527,5,0,0:0:0:0:
343,106,120779,6,0,P|269:97|232:124,1,119.000002269745
72,273,121284,6,0,P|107:204|101:159,1,119.000002269745
143,77,121788,2,0,P|195:117|225:173,1,119.000002269745
221,280,122292,2,0,P|285:226|281:188,1,119.000002269745
328,95,122670,2,0,P|392:149|389:157,1,59.5000011348725
428,214,123048,2,0,P|385:308|357:308,1,119.000002269745
278,251,123426,1,0,0:0:0:0:
330,169,123552,1,0,0:0:0:0:
74,203,123805,5,0,0:0:0:0:
192,95,124057,1,0,0:0:0:0:
234,335,124309,2,0,P|306:314|366:316,1,119.000002269745
462,320,124813,5,0,0:0:0:0:
359,191,125065,1,0,0:0:0:0:
235,200,125317,2,0,P|250:137|292:100,1,119.000002269745
454,58,125821,5,0,0:0:0:0:
405,189,125947,1,0,0:0:0:0:
261,80,126073,6,0,P|168:93|146:126,1,119.000002269745
177,177,126578,2,0,P|87:173|64:138,2,119.000002269745
134,68,127208,6,0,L|210:82,1,59.5000011348725
301,111,127586,6,0,P|301:192|272:226,1,119.000002269745
148,202,128090,5,0,0:0:0:0:
218,71,128342,1,0,0:0:0:0:
379,123,128594,6,0,P|395:205|367:235,2,119.000002269745
159,61,129351,5,0,0:0:0:0:
64,209,129603,1,0,0:0:0:0:
226,290,129855,5,0,0:0:0:0:
397,180,130107,1,0,0:0:0:0:
260,92,130359,6,0,P|195:141|174:189,1,119.000002269745
178,290,130737,5,0,0:0:0:0:
65,204,130863,1,0,0:0:0:0:
163,104,131115,6,0,P|234:98|276:129,1,119.000002269745
341,186,131494,1,0,0:0:0:0:
439,102,131620,1,0,0:0:0:0:
83,280,131872,6,0,P|141:201|176:203,1,119.000002269745
259,303,132376,2,0,P|258:202|228:180,1,119.000002269745
180,86,132880,6,0,P|254:149|268:188,1,119.000002269745
188,224,133384,2,0,P|280:275|323:249,1,119.000002269745
411,144,133889,5,0,0:0:0:0:
288,80,134015,1,0,0:0:0:0:
146,87,134141,2,0,P|98:151|89:197,1,119.000002269745
239,310,134645,6,0,P|268:238|248:193,2,119.000002269745
450,293,135401,6,0,P|457:196|445:157,1,119.000002269745
357,168,135905,2,0,P|367:93|403:60,1,119.000002269745
254,53,136410,2,0,L|207:97,1,59.5000011348725
60,270,136662,6,0,P|72:191|102:160,1,119.000002269745
197,200,137040,1,0,0:0:0:0:
367,240,137166,6,0,P|356:152|376:126,2,119.000002269745
298,320,137922,2,0,L|172:289,1,119.000002269745
77,276,138426,6,0,P|77:210|125:170,1,119.000002269745
237,158,138805,5,0,0:0:0:0:
77,61,138931,1,0,0:0:0:0:
59,175,139183,6,0,P|85:255|117:274,1,119.000002269745
226,258,139561,5,0,0:0:0:0:
463,328,139687,2,0,P|377:326|361:293,1,119.000002269745
412,241,140191,2,0,P|344:204|287:208,2,119.000002269745
139,161,140947,6,0,P|148:256|161:265,1,119.000002269745
284,231,141452,6,0,P|238:155|206:142,1,119.000002269745
158,65,141956,6,0,L|225:84,1,59.5000011348725
345,107,142208,1,0,0:0:0:0:
61,231,142460,6,0,P|70:149|105:144,1,119.000002269745
176,137,142964,2,0,P|197:207|173:251,1,119.000002269745
55,320,143342,5,0,0:0:0:0:
181,322,143468,1,0,0:0:0:0:
442,313,143721,6,0,P|366:317|319:266,1,119.000002269745
388,224,144225,2,0,P|296:192|245:199,1,119.000002269745
132,233,144729,6,0,P|150:164|194:142,2,119.000002269745
277,217,145485,6,0,P|288:133|273:101,1,119.000002269745
410,65,145989,6,0,P|409:156|388:215,1,119.000002269745
270,250,146494,6,0,P|254:176|281:134,1,119.000002269745
381,149,146872,5,0,0:0:0:0:
453,282,146998,1,0,0:0:0:0:
246,308,147250,6,0,P|189:235|177:195,1,119.000002269745
57,108,147628,1,0,0:0:0:0:
83,218,147754,2,0,B|79:295|90:344|123:349,1,119.000002269745
257,268,148258,6,0,P|231:156|251:142,1,119.000002269745
337,150,148763,2,0,P|276:80|243:77,1,119.000002269745
112,200,149267,6,0,P|137:121|169:144,2,119.000002269745
241,155,150023,1,0,0:0:0:0:
329,248,150149,1,0,0:0:0:0:
404,138,150275,5,0,0:0:0:0:
254,62,150527,1,0,0:0:0:0:
107,97,150779,6,0,P|116:200|132:234,1,119.000002269745
302,271,151284,5,0,0:0:0:0:
220,204,151410,1,0,0:0:0:0:
157,291,151536,1,0,0:0:0:0:
39,337,151788,6,0,P|65:238|95:189,1,119.000002269745
154,203,152292,2,0,P|150:133|124:89,1,119.000002269745
88,77,152796,6,0,P|163:60|212:84,2,119.000002269745
257,150,154057,5,0,0:0:0:0:
366,211,154309,1,0,0:0:0:0:
167,242,154561,1,0,0:0:0:0:
285,314,154813,1,0,0:0:0:0:
412,286,155065,5,0,0:0:0:0:
419,148,155317,1,0,0:0:0:0:
239,57,155821,5,0,0:0:0:0:
77,242,156326,1,0,0:0:0:0:
247,217,156830,1,0,0:0:0:0:
151,115,157334,1,0,0:0:0:0:
280,65,157838,1,0,0:0:0:0:
334,165,158090,5,0,0:0:0:0:
301,195,158216,1,0,0:0:0:0:
267,225,158342,1,0,0:0:0:0:
159,162,158594,5,0,0:0:0:0:
66,279,158847,1,0,0:0:0:0:
115,107,159351,5,0,0:0:0:0:
241,186,159855,1,0,0:0:0:0:
413,112,160107,1,0,0:0:0:0:
418,310,160359,1,0,0:0:0:0:
243,283,160863,5,0,0:0:0:0:
115,198,161115,1,0,0:0:0:0:
306,112,161368,1,0,0:0:0:0:
