osu file format v14

[General]
AudioFilename: audio.mp3
AudioLeadIn: 0
PreviewTime: -1
Countdown: 0
SampleSet: Normal
StackLeniency: 0.7
Mode: 0
LetterboxInBreaks: 0
WidescreenStoryboard: 1

[Editor]
Bookmarks: 1219,1983,8098,9626,14212,20327,25677,31792,46314,50136,53576,57015,59690,63130,69244,75359
DistanceSpacing: 0.9
BeatDivisor: 4
GridSize: 32
TimelineZoom: 1.6

[Metadata]
Title:Bling-Bang-Bang-Born
TitleUnicode:Bling-Bang-Bang-Born
Artist:Creepy Nuts
ArtistUnicode:Creepy Nuts
Creator:_kiria
Version:BangBang
Source:
Tags:Creepy Nuts Bling-Bang-Bang-Born mashle mash   Magic and Muscles tv-size
BeatmapID:4511599
BeatmapSetID:2143100

[Difficulty]
HPDrainRate:4
CircleSize:4.5
OverallDifficulty:7.5
ApproachRate:9.8
SliderMultiplier:1.6
SliderTickRate:3

[Events]
//Background and Video events
0,0,"ddd222.png",0,0
//Break Periods
//Storyboard Layer 0 (Background)
//Storyboard Layer 1 (Fail)
//Storyboard Layer 2 (Pass)
//Storyboard Layer 3 (Foreground)
//Storyboard Layer 4 (Overlay)
//Storyboard Sound Samples

[TimingPoints]
455,382.165605095541,4,1,0,15,1,0
1983,-100,4,1,0,70,0,0
14212,-66.6666666666667,4,1,0,70,0,0
50518,-66.6666666666667,4,1,0,25,0,0
50900,-83.3333333333333,4,1,0,70,0,0
53958,-55.5555555555556,4,1,0,70,0,0
55486,-100,4,1,0,70,0,0
56442,-55.5555555555556,4,1,0,70,0,0
57015,-83.3333333333333,4,1,0,70,0,0
59690,-55.5555555555556,4,1,0,70,0,0
61601,-222.222222222221,4,1,0,70,0,0
61983,-222.222222222221,4,1,0,5,0,0
62174,-1000,4,1,0,5,0,0
63130,-74.0740740740741,4,1,0,80,0,0
73854,-74.0740740740741,4,1,0,33,0,0
74786,-74.0740740740741,4,1,0,65,0,0


[HitObjects]
170,53,455,2,0,L|153:88,11,26.6666666666667
159,103,1219,2,0,L|176:138,9,26.6666666666667
45,59,1983,6,0,P|49:104|47:160,1,80
13,244,2365,2,0,P|13:294|7:347,1,80
145,265,2747,5,0,0:0:0:0:
136,234,2843,1,0,0:0:0:0:
168,234,2939,1,0,0:0:0:0:
169,265,3034,2,0,L|148:313,1,40
256,128,3321,1,0,0:0:0:0:
348,262,3512,6,0,L|370:363,1,80
457,87,3894,2,0,L|441:197,1,80
300,81,4276,5,0,0:0:0:0:
274,60,4372,1,0,0:0:0:0:
241,60,4468,1,0,0:0:0:0:
213,76,4563,2,0,P|196:97|184:113,1,40
63,54,4849,1,0,0:0:0:0:
106,202,5040,5,0,0:0:0:0:
117,232,5136,1,0,0:0:0:0:
127,262,5232,2,0,L|150:320,1,40
42,266,5423,2,0,P|13:308|-9:351,1,80
293,219,5805,5,0,0:0:0:0:
277,190,5901,1,0,0:0:0:0:
248,175,5997,1,0,0:0:0:0:
216,173,6092,2,0,B|200:187|200:187|209:218,1,40
338,108,6378,5,0,0:0:0:0:
410,213,6569,2,0,B|422:248|422:248|421:259|421:259|439:309,1,80
452,95,6951,5,0,0:0:0:0:
478,58,7047,1,0,0:0:0:0:
483,129,7142,1,0,0:0:0:0:
336,92,7333,5,0,0:0:0:0:
313,68,7429,1,0,0:0:0:0:
285,92,7525,1,0,0:0:0:0:
311,123,7620,2,0,P|317:150|303:187,1,40
176,154,7907,6,0,P|173:135|183:97,1,40
358,210,8098,2,0,P|377:250|380:299,1,80
88,212,8480,2,0,P|109:209|132:208,1,40
211,267,8671,5,0,0:0:0:0:
202,297,8767,1,0,0:0:0:0:
172,307,8862,2,0,P|149:310|119:307,1,40
320,295,9053,5,0,0:0:0:0:
338,293,9149,2,0,L|383:285,2,40
467,293,9435,2,0,P|478:319|488:366,1,40
385,178,9626,2,0,P|375:222|371:273,1,80
318,78,10009,2,0,P|334:66|364:50,1,40
198,73,10200,5,0,0:0:0:0:
164,58,10296,1,0,0:0:0:0:
131,73,10391,2,0,P|118:101|117:124,1,40
35,146,10582,5,0,0:0:0:0:
69,161,10678,1,0,0:0:0:0:
102,146,10773,2,0,P|115:118|116:95,2,40
145,271,11155,5,0,0:0:0:0:
79,296,11251,1,0,0:0:0:0:
51,272,11346,1,0,0:0:0:0:
226,300,11537,5,0,0:0:0:0:
254,276,11632,1,0,0:0:0:0:
320,301,11728,1,0,0:0:0:0:
424,289,11919,5,0,0:0:0:0:
426,252,12015,1,0,0:0:0:0:
425,215,12111,1,0,0:0:0:0:
425,179,12206,1,0,0:0:0:0:
428,142,12302,2,0,B|422:127|422:127|429:112|429:112|426:99,2,40
114,69,12684,2,0,L|105:161,1,80
334,295,13066,5,0,0:0:0:0:
300,282,13162,1,0,0:0:0:0:
264,277,13257,1,0,0:0:0:0:
227,278,13353,1,0,0:0:0:0:
194,292,13448,2,0,B|182:308|182:308|199:322,1,40
128,247,13639,2,0,B|117:233|117:233|93:244,1,40
49,315,13830,5,0,0:0:0:0:
16,299,13925,1,0,0:0:0:0:
17,262,14021,1,0,0:0:0:0:
188,132,14212,2,0,B|203:191|203:191|201:199|201:199|215:264,1,120.000004577637
127,46,14499,1,0,0:0:0:0:
29,55,14595,2,0,B|13:114|13:114|15:122|15:122|1:187,1,120.000004577637
113,292,14977,5,0,0:0:0:0:
113,292,15168,2,0,P|142:288|174:285,1,60.0000022888185
248,328,15359,2,0,B|287:330|331:319|380:328,1,120.000004577637
419,209,15646,5,0,0:0:0:0:
439,207,15741,2,0,P|465:271|462:343,1,120.000004577637
413,82,16028,5,0,0:0:0:0:
315,47,16123,2,0,P|290:101|287:161,1,120.000004577637
345,293,16505,2,0,P|316:280|285:278,1,60.0000022888185
157,276,16697,5,0,0:0:0:0:
107,255,16792,1,0,0:0:0:0:
122,209,16888,2,0,B|171:190|171:190|188:176|188:176|234:160,1,120.000004577637
39,109,17270,2,0,B|29:171|29:171|28:252,1,120.000004577637
281,98,17556,5,0,0:0:0:0:
289,74,17652,2,0,B|230:54|230:54|164:61,1,120.000004577637
467,62,18034,6,0,P|471:96|473:161,1,60.0000022888185
390,185,18225,2,0,P|388:217|389:248,1,60.0000022888185
478,327,18416,2,0,B|432:334|393:327|351:329,1,120.000004577637
467,88,18798,6,0,B|453:132|453:132|452:148|452:148|441:160|438:184|442:209,1,120.000004577637
248,150,19181,2,0,B|262:194|262:194|263:210|263:210|274:222|277:246|273:271,1,120.000004577637
79,94,19467,1,8,0:0:0:0:
62,111,19563,2,0,B|48:155|48:155|47:171|47:171|36:183|33:207|37:232,1,120.000004577637
182,273,19849,1,8,0:0:0:0:
199,298,19945,2,0,P|143:312|66:306,1,120.000004577637
270,98,20327,6,0,P|300:91|338:101,1,60.0000022888185
260,191,20518,2,0,P|230:198|192:188,1,60.0000022888185
374,68,20709,6,0,P|404:61|442:71,1,60.0000022888185
174,216,20900,2,0,P|144:223|106:213,1,60.0000022888185
359,240,21091,2,0,P|430:256|495:283,1,120.000004577637
256,192,21378,5,0,0:0:0:0:
143,140,21474,2,0,P|72:156|7:183,1,120.000004577637
396,33,21856,6,0,P|414:78|434:169,1,120.000004577637
402,202,22142,6,0,P|384:144|376:85,1,120.000004577637
105,73,22429,6,0,P|97:113|95:147,1,60.0000022888185
209,221,22620,6,0,P|215:260|217:295,1,60.0000022888185
106,83,22811,6,0,P|98:123|96:157,1,60.0000022888185
127,239,23002,2,0,P|66:240|7:246,1,120.000004577637
308,319,23384,2,0,P|247:314|165:314,1,120.000004577637
475,296,23671,5,0,0:0:0:0:
453,285,23767,2,0,P|440:316|432:361,1,60.0000022888185
399,153,23958,2,0,P|410:188|416:227,1,60.0000022888185
498,36,24149,2,0,P|486:102|483:184,1,120.000004577637
331,74,24435,5,0,0:0:0:0:
310,55,24531,2,0,P|271:51|227:54,1,60.0000022888185
154,55,24722,2,0,P|125:71|95:96,1,60.0000022888185
109,208,24913,2,0,P|98:267|105:327,1,120.000004577637
36,115,25200,2,0,P|25:150|28:191,1,60.0000022888185
29,243,25391,5,0,0:0:0:0:
39,264,25486,2,0,P|42:301|43:330,1,60.0000022888185
215,280,25677,2,0,P|187:271|151:270,1,60.0000022888185
354,299,25869,5,0,0:0:0:0:
407,306,25964,1,0,0:0:0:0:
460,294,26060,2,0,B|466:265|466:265|461:222,1,60.0000022888185
435,115,26251,5,0,0:0:0:0:
412,71,26346,1,0,0:0:0:0:
362,67,26442,2,0,B|344:91|324:118|324:118|327:122|327:122|355:177,1,120.000004577637
98,179,26824,5,0,0:0:0:0:
148,161,26919,1,0,0:0:0:0:
176,206,27015,1,0,0:0:0:0:
138,245,27111,1,0,0:0:0:0:
87,226,27206,2,0,B|63:208|63:208|66:178,1,60.0000022888185
93,75,27397,2,0,P|115:57|147:44,1,60.0000022888185
245,106,27588,2,0,P|276:105|316:120,1,60.0000022888185
457,276,27779,5,0,0:0:0:0:
457,226,27875,1,0,0:0:0:0:
459,177,27970,2,0,B|458:151|458:151|462:136|459:114,1,60.0000022888185
331,254,28162,2,0,P|361:241|396:235,1,60.0000022888185
287,250,28353,5,0,0:0:0:0:
242,252,28448,1,0,0:0:0:0:
199,256,28544,1,0,0:0:0:0:
159,243,28639,1,0,0:0:0:0:
124,223,28735,2,0,B|99:242|99:242|79:267,1,60.0000022888185
69,115,28926,2,0,B|43:102|43:102|19:80,1,60.0000022888185
204,73,29117,2,0,B|227:58|227:58|257:47,1,60.0000022888185
381,57,29308,5,0,0:0:0:0:
431,72,29404,1,0,0:0:0:0:
453,113,29499,2,0,B|457:145|457:145|447:178,1,60.0000022888185
331,285,29690,5,0,0:0:0:0:
314,243,29786,1,0,0:0:0:0:
377,250,29881,2,0,B|371:281|371:281|348:311,1,60.0000022888185
413,301,30072,2,0,P|438:288|473:283,1,60.0000022888185
301,301,30263,2,0,P|271:291|238:288,1,60.0000022888185
116,284,30454,5,0,0:0:0:0:
78,264,30550,1,0,0:0:0:0:
36,259,30646,2,0,P|20:287|7:327,1,60.0000022888185
198,163,30837,5,0,0:0:0:0:
238,153,30932,1,0,0:0:0:0:
280,151,31028,2,0,P|302:182|318:234,1,60.0000022888185
63,74,31219,2,0,P|48:111|46:169,1,60.0000022888185
237,58,31410,5,0,0:0:0:0:
237,58,31505,1,0,0:0:0:0:
237,58,31601,2,0,P|255:115|263:186,1,120.000004577637
205,235,31983,5,0,0:0:0:0:
171,209,32079,1,0,0:0:0:0:
130,221,32174,1,0,0:0:0:0:
93,242,32270,1,0,0:0:0:0:
54,226,32365,1,0,0:0:0:0:
30,191,32461,1,0,0:0:0:0:
57,159,32556,2,0,P|78:187|78:233,1,60.0000022888185
101,310,32747,2,0,P|138:302|180:302,1,60.0000022888185
281,288,32939,5,0,0:0:0:0:
281,288,33034,1,0,0:0:0:0:
281,288,33130,2,0,P|316:284|353:285,1,60.0000022888185
494,266,33321,2,0,P|443:285|404:367,1,120.000004577637
377,165,33607,5,0,0:0:0:0:
385,172,33703,2,0,P|399:205|400:235,1,60.0000022888185
333,84,33894,2,0,P|358:72|389:64,1,60.0000022888185
198,115,34085,2,0,P|135:101|72:97,1,120.000004577637
83,185,34467,6,0,P|93:217|94:248,1,60.0000022888185
82,327,34658,1,0,0:0:0:0:
198,311,34849,2,0,B|238:302|287:318|334:307,1,120.000004577637
432,303,35136,5,0,0:0:0:0:
451,275,35232,2,0,B|456:248|456:248|454:208,1,60.0000022888185
336,116,35423,5,0,0:0:0:0:
301,122,35518,1,0,0:0:0:0:
270,148,35614,2,0,B|266:172|266:172|276:222|276:222|321:179,1,120.000004577637
428,61,35900,5,0,0:0:0:0:
455,64,35996,2,0,B|469:96|469:96|478:124,1,60.0000022888185
416,235,36187,2,0,P|406:275|386:321,1,60.0000022888185
482,177,36378,2,0,P|498:242|510:312,1,120.000004577637
319,126,36665,5,0,0:0:0:0:
305,136,36760,2,0,P|295:180|294:218,1,60.0000022888185
234,287,36951,6,0,P|267:289|238:316,1,60.0000022888185
87,265,37142,2,0,B|97:289|96:312|111:356,1,60.0000022888185
112,191,37333,2,0,L|102:254,1,60.0000022888185
82,121,37525,2,0,B|93:141|93:171|105:196,1,60.0000022888185
118,30,37716,2,0,L|102:159,1,120.000004577637
188,88,38098,6,0,P|220:84|256:88,1,60.0000022888185
378,159,38289,2,0,B|338:167|290:142|232:165,1,120.000004577637
437,46,38671,1,0,0:0:0:0:
448,48,38862,5,0,0:3:0:0:
469,82,38958,1,0,0:3:0:0:
471,122,39053,2,0,B|474:158|474:158|469:181,1,60.0000022888185,0|0,0:3|0:3,0:3:0:0:
396,271,39244,2,0,P|390:298|375:327,1,60.0000022888185
253,338,39435,5,0,0:3:0:0:
136,264,39626,5,0,0:3:0:0:
111,229,39722,1,0,0:3:0:0:
79,201,39818,2,0,P|103:262|110:346,1,120.000004577637
24,80,40200,1,0,0:0:0:0:
185,108,40391,5,0,0:0:0:0:
197,68,40486,1,0,0:0:0:0:
237,55,40582,2,0,P|267:66|296:84,1,60.0000022888185
410,150,40773,2,0,P|377:148|337:160,1,60.0000022888185
255,192,40964,1,0,0:0:0:0:
475,262,41155,5,0,0:0:0:0:
475,262,41251,1,0,0:0:0:0:
475,262,41347,2,0,P|481:224|476:202,1,60.0000022888185
340,275,41537,2,0,P|334:312|343:341,1,60.0000022888185
393,213,41728,1,0,0:0:0:0:
206,220,41919,5,0,0:0:0:0:
185,213,42015,1,0,0:0:0:0:
165,205,42111,2,0,B|142:196|142:196|155:233,1,60.0000022888185
54,198,42302,2,0,L|75:272,1,60.0000022888185
171,328,42493,2,0,P|219:294|313:285,1,120.000004577637
386,296,42779,5,0,0:0:0:0:
412,294,42875,2,0,L|469:265,1,60.0000022888185
409,72,43066,6,0,L|342:60,1,60.0000022888185
330,81,43257,2,0,L|389:91,1,60.0000022888185
244,146,43448,6,0,L|227:212,1,60.0000022888185
256,228,43639,2,0,L|270:169,1,60.0000022888185
439,167,43830,2,0,B|452:226,1,60.0000022888185
472,306,44021,1,0,0:0:0:0:
135,64,44212,6,0,L|121:146,1,60.0000022888185
96,90,44404,2,0,B|117:129|86:194|113:246,1,120.000004577637
46,337,44786,5,0,0:0:0:0:
46,337,44881,1,0,0:0:0:0:
46,337,44977,2,0,P|55:302|69:270,1,60.0000022888185
158,207,45168,5,0,0:0:0:0:
198,181,45263,1,0,0:0:0:0:
245,190,45359,2,0,P|271:199|306:220,1,60.0000022888185
385,170,45550,2,0,P|403:140|442:113,1,60.0000022888185
470,244,45741,5,0,0:0:0:0:
470,244,45836,1,0,0:0:0:0:
470,244,45932,2,0,P|476:275|399:293,1,120.000004577637
140,263,46314,5,0,0:0:0:0:
98,238,46410,1,0,0:0:0:0:
96,190,46505,1,0,0:0:0:0:
140,171,46601,1,0,0:0:0:0:
186,183,46697,2,0,B|200:218|200:218|203:272,1,60.0000022888185
6,192,46888,2,0,P|17:165|49:124,1,60.0000022888185
136,50,47079,2,0,B|194:37|194:37|195:35|195:35|298:70,1,120.000004577637
374,33,47365,5,0,0:0:0:0:
364,44,47461,2,0,L|379:118,1,60.0000022888185
343,112,47652,2,0,L|331:53,1,60.0000022888185
262,182,47843,5,0,0:0:0:0:
307,169,47939,1,0,0:0:0:0:
355,168,48034,1,0,0:0:0:0:
399,185,48130,1,0,0:0:0:0:
436,212,48225,2,0,B|428:237|398:297|398:343,1,120.000004577637
188,298,48607,5,0,0:0:0:0:
197,250,48703,1,0,0:0:0:0:
163,215,48798,1,0,0:0:0:0:
114,213,48894,1,0,0:0:0:0:
82,249,48990,2,0,B|92:315|92:315|139:348,1,120.000004577637
289,193,49372,1,0,0:0:0:0:
80,97,49563,5,0,0:0:0:0:
80,115,49658,1,0,0:0:0:0:
80,140,49754,2,0,B|78:173|78:173|81:183|81:183|78:209,1,60.0000022888185
231,103,49945,2,0,P|192:98|148:107,1,60.0000022888185
22,219,50136,1,0,0:0:0:0:
392,77,50518,2,0,L|385:98,12,15.0000005722046
422,147,50900,6,0,P|443:197|454:260,1,95.9999970703126
298,69,51187,5,0,0:0:0:0:
278,80,51283,2,0,P|260:132|254:190,1,95.9999970703126
236,310,51665,5,0,0:0:0:0:
361,249,51856,2,0,P|367:279|367:317,1,47.9999985351563
171,225,52047,2,0,P|119:238|58:265,1,95.9999970703126
44,68,52429,2,0,P|59:120|55:187,1,95.9999970703126
159,89,52716,5,0,0:0:0:0:
176,96,52811,2,0,B|206:101|242:89|291:98,1,95.9999970703126
400,133,53098,5,0,0:0:0:0:
377,120,53193,2,0,P|414:68|457:71,1,95.9999970703126
442,273,53576,5,0,0:0:0:0:
339,31,53767,1,0,0:0:0:0:
222,215,53958,2,0,B|208:252|208:252|214:241|198:269|198:269|183:309|181:319|181:319|200:305,1,143.999995605469
96,254,54340,1,0,0:0:0:0:
188,32,54531,1,0,0:0:0:0:
323,164,54722,2,0,B|360:225|360:225|365:227|365:227|405:298,1,143.999995605469
188,64,55104,2,0,P|116:186|111:251,1,143.999995605469
230,301,55486,2,0,P|148:294|57:311,2,160
447,192,56442,6,0,L|441:263,1,71.9999978027344
390,271,56633,2,0,L|395:199,1,71.9999978027344
394,44,56824,1,0,0:0:0:0:
394,44,57015,6,0,P|412:96|425:161,1,95.9999970703126
173,99,57302,5,0,0:0:0:0:
151,109,57398,2,0,P|133:161|127:219,1,95.9999970703126
57,141,57780,1,0,0:0:0:0:
149,29,57971,2,0,P|175:27|201:30,1,47.9999985351563
292,93,58162,2,0,B|326:85|364:103|402:87,1,95.9999970703126
443,190,58544,2,0,B|437:223|446:268|441:309,1,95.9999970703126
257,134,58831,5,0,0:0:0:0:
257,127,58926,2,0,B|251:94|260:49|255:8,1,95.9999970703126
87,163,59212,5,0,0:0:0:0:
87,170,59307,2,0,B|81:203|90:248|85:289,1,95.9999970703126
260,302,59691,5,0,0:0:0:0:
149,265,59882,1,0,0:0:0:0:
329,180,60073,2,0,P|390:215|458:265,1,143.999995605469
250,157,60454,5,0,0:0:0:0:
361,120,60645,1,0,0:0:0:0:
181,35,60836,2,0,P|119:70|52:120,1,143.999995605469
143,178,61219,2,0,B|152:232|137:291|164:374,1,143.999995605469
8,340,61601,2,0,P|44:322|74:313,1,71.9999978027344
244,293,62174,2,0,B|253:312|253:312|257:324,1,32
63,86,63130,6,0,L|63:214,1,108.000000411987
64,320,63416,1,0,0:0:0:0:
230,318,63512,2,0,L|284:318,1,54.0000002059937
407,316,63703,2,0,L|461:316,1,54.0000002059937
311,256,63894,2,0,P|258:245|185:259,1,108.000000411987
71,315,64181,5,0,0:0:0:0:
68,219,64276,2,0,L|68:150,1,54.0000002059937
71,42,64467,2,0,L|133:42,1,54.0000002059937
216,40,64658,2,0,L|329:40,1,108.000000411987
447,40,64944,5,0,0:0:0:0:
449,147,65040,2,0,L|449:227,1,54.0000002059937
449,292,65231,2,0,L|449:346,1,54.0000002059937
304,256,65422,2,0,P|250:253|197:258,1,108.000000411987
128,192,65709,5,0,0:0:0:0:
118,193,65804,2,0,L|29:193,1,54.0000002059937
288,128,65995,2,0,L|208:128,1,54.0000002059937
375,44,66187,2,0,P|399:99|420:160,1,108.000000411987
158,53,66473,5,0,0:0:0:0:
158,53,66569,2,0,P|143:82|142:116,1,54.0000002059937
374,174,66760,2,0,P|382:206|388:250,1,54.0000002059937
170,212,66951,2,0,P|159:264|154:331,1,108.000000411987
364,312,67238,5,0,0:0:0:0:
370,296,67333,2,0,P|368:264|355:234,1,54.0000002059937
266,109,67524,2,0,P|234:102|188:111,1,54.0000002059937
109,209,67715,2,0,P|95:262|117:318,1,108.000000411987
398,193,68002,5,0,0:0:0:0:
404,177,68097,2,0,P|402:145|389:115,1,54.0000002059937
389,317,68288,2,0,P|413:303|427:274,1,54.0000002059937
198,265,68479,2,0,P|252:254|308:269,1,108.000000411987
69,254,68766,5,0,0:0:0:0:
61,270,68861,2,0,L|46:343,1,54.0000002059937
47,165,69052,2,0,P|54:198|57:245,1,54.0000002059937
47,45,69244,2,0,P|80:84|127:148,1,108.000000411987
256,192,69530,5,0,0:0:0:0:
256,192,69626,2,0,P|271:172|303:146,1,54.0000002059937
437,149,69817,2,0,P|453:174|464:197,1,54.0000002059937
449,310,70008,2,0,P|391:317|320:310,1,108.000000411987
256,192,70295,5,0,0:0:0:0:
256,192,70391,2,0,P|240:172|209:146,1,54.0000002059937
69,246,70581,2,0,P|56:276|55:308,1,54.0000002059937
156,139,70772,2,0,P|148:96|128:21,1,108.000000411987
376,136,71058,5,0,0:0:0:0:
370,127,71154,2,0,P|370:102|376:70,1,54.0000002059937
459,249,71345,2,0,P|470:276|484:339,1,54.0000002059937
200,236,71536,2,0,P|251:229|317:236,1,108.000000411987
116,150,71823,5,0,0:0:0:0:
106,151,71918,2,0,L|17:151,1,54.0000002059937
67,284,72111,2,0,P|81:317|82:347,1,54.0000002059937
203,225,72302,2,0,P|254:217|320:229,1,108.000000411987
386,288,72684,5,0,0:0:0:0:
427,166,72876,1,0,0:0:0:0:
470,243,73067,2,0,P|482:300|496:367,1,108.000000411987
315,98,73448,2,0,P|304:133|303:162,1,54.0000002059937
421,59,73639,1,0,0:0:0:0:
440,59,73830,2,8,B|455:71|457:107|457:107|460:107|460:107|475:137|482:180,4,108.000000411987
117,46,74786,5,0,0:0:0:0:
57,77,74977,1,0,0:0:0:0:
