osu file format v14

[General]
AudioFilename: stardust.mp3
AudioLeadIn: 0
PreviewTime: 17558
Countdown: 0
SampleSet: Soft
StackLeniency: 0.7
Mode: 0
LetterboxInBreaks: 0
WidescreenStoryboard: 1

[Editor]
DistanceSpacing: 1
BeatDivisor: 4
GridSize: 16
TimelineZoom: 2.4

[Metadata]
Title:Mizu's Jump Training #2
TitleUnicode:Mizu's Jump Training #2
Artist:Various Artists
ArtistUnicode:Various Artists
Creator:Mizu
Version:Stardust
Source:
Tags:one ok rock mizus geoxor survive said the prophet the overdressed monkeys touhou
BeatmapID:2134277
BeatmapSetID:1019966

[Difficulty]
HPDrainRate:3
CircleSize:4
OverallDifficulty:8
ApproachRate:9.6
SliderMultiplier:1.7
SliderTickRate:1

[Events]
//Background and Video events
0,0,"stardust.jpg",0,0
//Break Periods
2,124467,137558
//Storyboard Layer 0 (Background)
//Storyboard Layer 1 (Fail)
//Storyboard Layer 2 (Pass)
//Storyboard Layer 3 (Foreground)
//Storyboard Layer 4 (Overlay)
//Storyboard Sound Samples

[TimingPoints]
104,272.727272727273,4,2,0,40,1,0
17558,-66.6666666666667,4,2,0,80,0,1
17694,-66.6666666666667,4,2,0,5,0,1
17831,-66.6666666666667,4,2,0,80,0,1
17967,-66.6666666666667,4,2,0,5,0,1
18104,-66.6666666666667,4,2,0,80,0,1
19876,-66.6666666666667,4,2,0,5,0,1
20013,-66.6666666666667,4,2,0,80,0,1
20149,-66.6666666666667,4,2,0,5,0,1
20285,-66.6666666666667,4,2,0,80,0,1
22058,-66.6666666666667,4,2,0,5,0,1
22194,-66.6666666666667,4,2,0,80,0,1
22331,-66.6666666666667,4,2,0,5,0,1
22467,-66.6666666666667,4,2,0,80,0,1
24240,-66.6666666666667,4,2,0,5,0,1
24376,-66.6666666666667,4,2,0,80,0,1
24513,-66.6666666666667,4,2,0,5,0,1
24649,-66.6666666666667,4,2,0,80,0,1
25331,-66.6666666666667,4,2,0,5,0,1
25467,-66.6666666666667,4,2,0,80,0,1
25876,-66.6666666666667,4,2,0,5,0,1
26013,-66.6666666666667,4,2,0,80,0,1
26422,-66.6666666666667,4,2,0,5,0,1
26558,-66.6666666666667,4,2,0,80,0,1
26694,-66.6666666666667,4,2,0,5,0,1
26831,-66.6666666666667,4,2,0,80,0,1
28604,-66.6666666666667,4,2,0,5,0,1
28740,-66.6666666666667,4,2,0,80,0,1
28876,-66.6666666666667,4,2,0,5,0,1
29013,-66.6666666666667,4,2,0,80,0,1
30785,-66.6666666666667,4,2,0,5,0,1
30922,-66.6666666666667,4,2,0,80,0,1
31058,-66.6666666666667,4,2,0,5,0,1
31194,-66.6666666666667,4,2,0,80,0,1
32967,-66.6666666666667,4,2,0,5,0,1
33104,-66.6666666666667,4,2,0,80,0,1
33240,-66.6666666666667,4,2,0,5,0,1
33376,-66.6666666666667,4,2,0,80,0,1
35013,-62.5,4,2,0,80,0,1
35149,-62.5,4,2,0,5,0,1
35285,-62.5,4,2,0,80,0,1
35422,-62.5,4,2,0,5,0,1
35558,-62.5,4,2,0,80,0,1
37331,-62.5,4,2,0,5,0,1
37467,-62.5,4,2,0,80,0,1
37604,-62.5,4,2,0,5,0,1
37740,-62.5,4,2,0,80,0,1
39513,-62.5,4,2,0,5,0,1
39649,-62.5,4,2,0,80,0,1
39785,-62.5,4,2,0,5,0,1
39922,-62.5,4,2,0,80,0,1
41694,-62.5,4,2,0,5,0,1
41831,-62.5,4,2,0,80,0,1
41967,-62.5,4,2,0,5,0,1
42104,-62.5,4,2,0,80,0,1
42785,-62.5,4,2,0,5,0,1
42922,-62.5,4,2,0,80,0,1
43331,-62.5,4,2,0,5,0,1
43467,-62.5,4,2,0,80,0,1
43876,-62.5,4,2,0,5,0,1
44013,-62.5,4,2,0,80,0,1
44149,-62.5,4,2,0,5,0,1
44285,-62.5,4,2,0,80,0,1
44967,-62.5,4,2,0,5,0,1
45104,-62.5,4,2,0,80,0,1
45513,-62.5,4,2,0,5,0,1
45649,-62.5,4,2,0,80,0,1
46058,-62.5,4,2,0,5,0,1
46194,-62.5,4,2,0,80,0,1
46331,-62.5,4,2,0,5,0,1
46467,-62.5,4,2,0,80,0,1
47149,-62.5,4,2,0,5,0,1
47285,-62.5,4,2,0,80,0,1
47694,-62.5,4,2,0,5,0,1
47831,-62.5,4,2,0,80,0,1
48240,-62.5,4,2,0,5,0,1
48376,-62.5,4,2,0,80,0,1
48513,-62.5,4,2,0,5,0,1
48649,-62.5,4,2,0,80,0,1
49331,-62.5,4,2,0,5,0,1
49467,-62.5,4,2,0,80,0,1
49876,-62.5,4,2,0,5,0,1
50013,-62.5,4,2,0,80,0,1
50422,-62.5,4,2,0,5,0,1
50558,-62.5,4,2,0,80,0,1
50694,-62.5,4,2,0,5,0,1
50831,-62.5,4,2,0,80,0,1
52467,-83.3333333333333,4,2,0,40,0,0
69376,-50,4,2,0,40,0,0
69513,-62.5,4,2,0,5,0,1
69922,-66.6666666666667,4,2,0,80,0,1
70126,-66.6666666666667,4,2,0,5,0,1
70194,-66.6666666666667,4,2,0,80,0,1
70672,-66.6666666666667,4,2,0,5,0,1
70740,-66.6666666666667,4,2,0,80,0,1
71217,-66.6666666666667,4,2,0,5,0,1
71285,-66.6666666666667,4,2,0,80,0,1
71763,-66.6666666666667,4,2,0,5,0,1
71831,-66.6666666666667,4,2,0,80,0,1
74490,-66.6666666666667,4,2,0,5,0,1
74558,-66.6666666666667,4,2,0,80,0,1
75036,-66.6666666666667,4,2,0,5,0,1
75104,-66.6666666666667,4,2,0,80,0,1
75581,-66.6666666666667,4,2,0,5,0,1
75649,-66.6666666666667,4,2,0,80,0,1
76127,-66.6666666666667,4,2,0,5,0,1
76195,-66.6666666666667,4,2,0,80,0,1
78854,-66.6666666666667,4,2,0,5,0,1
78922,-66.6666666666667,4,2,0,80,0,1
79400,-66.6666666666667,4,2,0,5,0,1
79468,-66.6666666666667,4,2,0,80,0,1
79945,-66.6666666666667,4,2,0,5,0,1
80013,-66.6666666666667,4,2,0,80,0,1
80491,-66.6666666666667,4,2,0,5,0,1
80559,-66.6666666666667,4,2,0,80,0,1
83217,-66.6666666666667,4,2,0,5,0,1
83285,-66.6666666666667,4,2,0,80,0,1
83763,-66.6666666666667,4,2,0,5,0,1
83831,-66.6666666666667,4,2,0,80,0,1
84308,-66.6666666666667,4,2,0,5,0,1
84376,-66.6666666666667,4,2,0,80,0,1
84854,-66.6666666666667,4,2,0,5,0,1
84922,-66.6666666666667,4,2,0,80,0,1
87649,-66.6666666666667,4,2,0,5,0,1
87921,-66.6666666666667,4,2,0,80,0,1
88058,-66.6666666666667,4,2,0,5,0,1
88194,-66.6666666666667,4,2,0,80,0,1
88331,-66.6666666666667,4,2,0,5,0,1
88467,-66.6666666666667,4,2,0,80,0,1
88604,-66.6666666666667,4,2,0,5,0,1
88740,-66.6666666666667,4,2,0,80,0,1
88876,-66.6666666666667,4,2,0,5,0,1
89013,-66.6666666666667,4,2,0,80,0,1
89149,-66.6666666666667,4,2,0,5,0,1
89285,-66.6666666666667,4,2,0,80,0,1
89422,-66.6666666666667,4,2,0,5,0,1
89558,-66.6666666666667,4,2,0,80,0,1
89831,-66.6666666666667,4,2,0,5,0,1
90104,-66.6666666666667,4,2,0,80,0,1
90240,-66.6666666666667,4,2,0,5,0,1
90376,-66.6666666666667,4,2,0,80,0,1
90513,-66.6666666666667,4,2,0,5,0,1
90649,-66.6666666666667,4,2,0,80,0,1
90785,-66.6666666666667,4,2,0,5,0,1
90922,-66.6666666666667,4,2,0,80,0,1
91058,-66.6666666666667,4,2,0,5,0,1
91194,-66.6666666666667,4,2,0,80,0,1
96376,-66.6666666666667,4,2,0,5,0,1
96649,-66.6666666666667,4,2,0,80,0,1
96786,-66.6666666666667,4,2,0,5,0,1
96922,-66.6666666666667,4,2,0,80,0,1
97059,-66.6666666666667,4,2,0,5,0,1
97195,-66.6666666666667,4,2,0,80,0,1
97332,-66.6666666666667,4,2,0,5,0,1
97468,-66.6666666666667,4,2,0,80,0,1
97604,-66.6666666666667,4,2,0,5,0,1
97741,-66.6666666666667,4,2,0,80,0,1
97877,-66.6666666666667,4,2,0,5,0,1
98013,-66.6666666666667,4,2,0,80,0,1
98150,-66.6666666666667,4,2,0,5,0,1
98286,-66.6666666666667,4,2,0,80,0,1
98558,-66.6666666666667,4,2,0,5,0,1
98832,-66.6666666666667,4,2,0,80,0,1
98968,-66.6666666666667,4,2,0,5,0,1
99104,-66.6666666666667,4,2,0,80,0,1
99241,-66.6666666666667,4,2,0,5,0,1
99377,-66.6666666666667,4,2,0,80,0,1
99513,-66.6666666666667,4,2,0,5,0,1
99650,-66.6666666666667,4,2,0,80,0,1
99786,-66.6666666666667,4,2,0,5,0,1
99922,-66.6666666666667,4,2,0,80,0,1
105513,-66.6666666666667,4,2,0,5,0,1
105649,-66.6666666666667,4,2,0,80,0,1
105785,-66.6666666666667,4,2,0,5,0,1
105922,-66.6666666666667,4,2,0,80,0,1
106058,-66.6666666666667,4,2,0,5,0,1
106194,-66.6666666666667,4,2,0,80,0,1
106331,-66.6666666666667,4,2,0,5,0,1
106467,-66.6666666666667,4,2,0,80,0,1
106604,-66.6666666666667,4,2,0,5,0,1
106740,-66.6666666666667,4,2,0,80,0,1
106876,-66.6666666666667,4,2,0,5,0,1
107013,-66.6666666666667,4,2,0,80,0,1
107149,-66.6666666666667,4,2,0,5,0,1
107285,-66.6666666666667,4,2,0,80,0,1
107422,-66.6666666666667,4,2,0,5,0,1
107558,-66.6666666666667,4,2,0,80,0,1
107694,-66.6666666666667,4,2,0,5,0,1
107831,-66.6666666666667,4,2,0,80,0,1
107967,-66.6666666666667,4,2,0,5,0,1
108104,-66.6666666666667,4,2,0,80,0,1
108240,-66.6666666666667,4,2,0,5,0,1
108376,-66.6666666666667,4,2,0,80,0,1
108513,-66.6666666666667,4,2,0,5,0,1
108649,-66.6666666666667,4,2,0,80,0,1
114240,-66.6666666666667,4,2,0,5,0,1
114376,-66.6666666666667,4,2,0,80,0,1
114512,-66.6666666666667,4,2,0,5,0,1
114649,-66.6666666666667,4,2,0,80,0,1
114785,-66.6666666666667,4,2,0,5,0,1
114921,-66.6666666666667,4,2,0,80,0,1
115058,-66.6666666666667,4,2,0,5,0,1
115194,-66.6666666666667,4,2,0,80,0,1
115331,-66.6666666666667,4,2,0,5,0,1
115467,-66.6666666666667,4,2,0,80,0,1
115603,-66.6666666666667,4,2,0,5,0,1
115740,-66.6666666666667,4,2,0,80,0,1
115876,-66.6666666666667,4,2,0,5,0,1
116012,-66.6666666666667,4,2,0,80,0,1
116149,-66.6666666666667,4,2,0,5,0,1
116285,-66.6666666666667,4,2,0,80,0,1
116421,-66.6666666666667,4,2,0,5,0,1
116558,-66.6666666666667,4,2,0,80,0,1
116694,-66.6666666666667,4,2,0,5,0,1
116831,-66.6666666666667,4,2,0,80,0,1
116967,-66.6666666666667,4,2,0,5,0,1
117103,-66.6666666666667,4,2,0,80,0,1
117240,-66.6666666666667,4,2,0,5,0,1
117376,-66.6666666666667,4,2,0,80,0,1
122285,-100,4,2,0,40,0,0
137558,-133.333333333333,4,2,0,20,0,0
157194,-133.333333333333,4,2,0,35,0,0
173013,-100,4,2,0,45,0,0
173558,-80.0000000000001,4,2,0,50,0,0
174104,-100,4,2,0,60,0,0
174649,-66.6666666666667,4,2,0,80,0,1
174854,-66.6666666666667,4,2,0,5,0,1
174922,-66.6666666666667,4,2,0,80,0,1
175399,-66.6666666666667,4,2,0,5,0,1
175467,-66.6666666666667,4,2,0,80,0,1
175944,-66.6666666666667,4,2,0,5,0,1
176013,-66.6666666666667,4,2,0,80,0,1
176490,-66.6666666666667,4,2,0,5,0,1
176558,-66.6666666666667,4,2,0,80,0,1
179217,-66.6666666666667,4,2,0,5,0,1
179285,-66.6666666666667,4,2,0,80,0,1
179763,-66.6666666666667,4,2,0,5,0,1
179831,-66.6666666666667,4,2,0,80,0,1
180308,-66.6666666666667,4,2,0,5,0,1
180376,-66.6666666666667,4,2,0,80,0,1
180854,-66.6666666666667,4,2,0,5,0,1
180922,-66.6666666666667,4,2,0,80,0,1
183376,-66.6666666666667,4,2,0,80,0,1
183581,-66.6666666666667,4,2,0,5,0,1
183649,-66.6666666666667,4,2,0,80,0,1
184126,-66.6666666666667,4,2,0,5,0,1
184194,-66.6666666666667,4,2,0,80,0,1
184671,-66.6666666666667,4,2,0,5,0,1
184740,-66.6666666666667,4,2,0,80,0,1
185217,-66.6666666666667,4,2,0,5,0,1
185285,-66.6666666666667,4,2,0,80,0,1
187944,-66.6666666666667,4,2,0,5,0,1
188012,-66.6666666666667,4,2,0,80,0,1
188490,-66.6666666666667,4,2,0,5,0,1
188558,-66.6666666666667,4,2,0,80,0,1
189035,-66.6666666666667,4,2,0,5,0,1
189103,-66.6666666666667,4,2,0,80,0,1
189581,-66.6666666666667,4,2,0,5,0,1
189649,-66.6666666666667,4,2,0,80,0,1
192513,-66.6666666666667,4,2,0,5,0,1
192649,-66.6666666666667,4,2,0,80,0,1
192786,-66.6666666666667,4,2,0,5,0,1
192922,-66.6666666666667,4,2,0,80,0,1
193059,-66.6666666666667,4,2,0,5,0,1
193195,-66.6666666666667,4,2,0,80,0,1
193332,-66.6666666666667,4,2,0,5,0,1
193468,-66.6666666666667,4,2,0,80,0,1
193604,-66.6666666666667,4,2,0,5,0,1
193741,-66.6666666666667,4,2,0,80,0,1
193877,-66.6666666666667,4,2,0,5,0,1
194013,-66.6666666666667,4,2,0,80,0,1
194150,-66.6666666666667,4,2,0,5,0,1
194286,-66.6666666666667,4,2,0,80,0,1
194695,-66.6666666666667,4,2,0,5,0,1
194832,-66.6666666666667,4,2,0,80,0,1
194968,-66.6666666666667,4,2,0,5,0,1
195104,-66.6666666666667,4,2,0,80,0,1
195241,-66.6666666666667,4,2,0,5,0,1
195377,-66.6666666666667,4,2,0,80,0,1
195513,-66.6666666666667,4,2,0,5,0,1
195650,-66.6666666666667,4,2,0,80,0,1
195786,-66.6666666666667,4,2,0,5,0,1
195922,-66.6666666666667,4,2,0,80,0,1
201376,-66.6666666666667,4,2,0,80,0,1
201512,-66.6666666666667,4,2,0,5,0,1
201648,-66.6666666666667,4,2,0,80,0,1
201785,-66.6666666666667,4,2,0,5,0,1
201921,-66.6666666666667,4,2,0,80,0,1
202057,-66.6666666666667,4,2,0,5,0,1
202194,-66.6666666666667,4,2,0,80,0,1
202330,-66.6666666666667,4,2,0,5,0,1
202466,-66.6666666666667,4,2,0,80,0,1
202604,-66.6666666666667,4,2,0,5,0,1
202740,-66.6666666666667,4,2,0,80,0,1
202876,-66.6666666666667,4,2,0,5,0,1
203012,-66.6666666666667,4,2,0,80,0,1
203558,-66.6666666666667,4,2,0,80,0,1
203694,-66.6666666666667,4,2,0,5,0,1
203830,-66.6666666666667,4,2,0,80,0,1
203967,-66.6666666666667,4,2,0,5,0,1
204103,-66.6666666666667,4,2,0,80,0,1
204239,-66.6666666666667,4,2,0,5,0,1
204376,-66.6666666666667,4,2,0,80,0,1
204512,-66.6666666666667,4,2,0,5,0,1
204648,-66.6666666666667,4,2,0,80,0,1
210240,-66.6666666666667,4,2,0,5,0,1
210376,-66.6666666666667,4,2,0,80,0,1
210512,-66.6666666666667,4,2,0,5,0,1
210649,-66.6666666666667,4,2,0,80,0,1
210785,-66.6666666666667,4,2,0,5,0,1
210921,-66.6666666666667,4,2,0,80,0,1
211058,-66.6666666666667,4,2,0,5,0,1
211194,-66.6666666666667,4,2,0,80,0,1
211331,-66.6666666666667,4,2,0,5,0,1
211467,-66.6666666666667,4,2,0,80,0,1
211603,-66.6666666666667,4,2,0,5,0,1
211740,-66.6666666666667,4,2,0,80,0,1
211876,-66.6666666666667,4,2,0,5,0,1
212012,-66.6666666666667,4,2,0,80,0,1
212149,-66.6666666666667,4,2,0,5,0,1
212285,-66.6666666666667,4,2,0,80,0,1
212421,-66.6666666666667,4,2,0,5,0,1
212558,-66.6666666666667,4,2,0,80,0,1
212694,-66.6666666666667,4,2,0,5,0,1
212831,-66.6666666666667,4,2,0,80,0,1
212967,-66.6666666666667,4,2,0,5,0,1
213103,-66.6666666666667,4,2,0,80,0,1
213240,-66.6666666666667,4,2,0,5,0,1
213376,-66.6666666666667,4,2,0,80,0,1
218967,-66.6666666666667,4,2,0,5,0,1
219103,-66.6666666666667,4,2,0,80,0,1
219239,-66.6666666666667,4,2,0,5,0,1
219376,-66.6666666666667,4,2,0,80,0,1
219512,-66.6666666666667,4,2,0,5,0,1
219648,-66.6666666666667,4,2,0,80,0,1
219785,-66.6666666666667,4,2,0,5,0,1
219921,-66.6666666666667,4,2,0,80,0,1
220058,-66.6666666666667,4,2,0,5,0,1
220194,-66.6666666666667,4,2,0,80,0,1
220330,-66.6666666666667,4,2,0,5,0,1
220467,-66.6666666666667,4,2,0,80,0,1
220603,-66.6666666666667,4,2,0,5,0,1
220739,-66.6666666666667,4,2,0,80,0,1
220876,-66.6666666666667,4,2,0,5,0,1
221012,-66.6666666666667,4,2,0,80,0,1
221148,-66.6666666666667,4,2,0,5,0,1
221285,-66.6666666666667,4,2,0,80,0,1
221421,-66.6666666666667,4,2,0,5,0,1
221558,-66.6666666666667,4,2,0,80,0,1
221694,-66.6666666666667,4,2,0,5,0,1
221830,-66.6666666666667,4,2,0,80,0,1
221967,-66.6666666666667,4,2,0,5,0,1
222103,-66.6666666666667,4,2,0,80,0,1
227013,-100,4,2,0,40,0,0


[HitObjects]
400,240,104,6,0,P|416:192|416:144,1,85
331,180,376,1,0,0:0:0:0:
331,180,649,1,0,0:0:0:0:
331,180,922,6,0,L|352:96,1,85
224,200,1194,2,0,L|203:116,1,85
310,262,1467,2,0,L|331:178,1,85
198,296,1740,2,0,L|177:212,1,85
289,344,2013,2,0,L|310:260,1,85
434,299,2285,6,0,L|434:203,1,85
432,104,2558,1,0,0:0:0:0:
432,104,2831,1,0,0:0:0:0:
432,104,3104,6,0,P|384:96|344:104,1,85
318,5,3376,2,0,P|278:33|256:67,1,85
168,16,3649,2,0,P|160:64|168:104,1,85
69,129,3922,2,0,P|97:169|131:192,1,85
80,280,4194,2,0,P|128:288|168:280,1,85
256,352,4467,6,0,L|280:256,1,85
304,168,4740,1,0,0:0:0:0:
304,168,5013,1,0,0:0:0:0:
304,168,5285,6,0,L|325:252,1,85
197,148,5558,2,0,L|176:232,1,85
283,86,5831,2,0,L|304:170,1,85
171,52,6104,2,0,L|150:136,1,85
262,4,6376,2,0,L|283:88,1,85
407,49,6649,6,0,L|407:145,1,85
405,244,6921,1,0,0:0:0:0:
405,244,7194,1,0,0:0:0:0:
405,244,7467,6,0,P|360:232|320:240,1,85
240,336,7740,1,0,0:0:0:0:
240,336,8013,2,0,L|208:240,1,85
264,152,8285,1,0,0:0:0:0:
264,152,8558,1,0,0:0:0:0:
264,152,8831,6,0,B|224:136|224:136|176:136,1,85
80,112,9104,1,0,0:0:0:0:
80,112,9376,1,0,0:0:0:0:
80,112,9649,6,0,P|128:104|168:112,1,85
193,13,9921,2,0,P|232:41|255:75,1,85
344,24,10194,2,0,P|352:72|344:112,1,85
442,137,10467,2,0,P|413:176|379:199,1,85
432,288,10739,2,0,P|384:296|344:288,1,85
256,360,11012,6,0,L|232:264,1,85
208,176,11285,1,0,0:0:0:0:
208,176,11558,1,0,0:0:0:0:
208,176,11831,6,0,L|292:197,1,85
188,69,12104,2,0,L|272:48,1,85
126,155,12377,2,0,L|210:176,1,85
92,43,12650,2,0,L|176:22,1,85
44,134,12922,2,0,L|128:155,1,85
89,279,13195,6,0,L|185:279,1,85
284,277,13467,1,0,0:0:0:0:
284,277,13740,1,0,0:0:0:0:
284,277,14013,6,0,L|200:298,1,85
304,170,14286,2,0,L|220:149,1,85
366,256,14559,2,0,L|282:277,1,85
400,144,14832,2,0,L|316:123,1,85
448,235,15104,2,0,L|364:256,1,85
403,380,15377,6,0,L|307:380,1,85
208,378,15649,1,0,0:0:0:0:
208,378,15922,1,0,0:0:0:0:
208,378,16194,1,0,0:0:0:0:
168,224,16331,1,0,0:0:0:0:
272,304,16467,2,0,P|256:360|232:384,1,85
120,272,16740,6,0,L|112:176,1,85
224,152,17013,2,0,L|232:56,1,85
336,32,17285,1,0,0:0:0:0:
144,224,17558,6,0,B|160:216|160:216|176:224|176:224|200:224|200:224|208:232|208:232|280:232,1,127.500004863739
160,192,17831,2,0,B|176:184|176:184|192:192|192:192|216:192|216:192|224:200|224:200|296:200,1,127.500004863739
176,160,18104,1,0,0:0:0:0:
374,337,18376,5,0,0:0:0:0:
336,144,18513,1,0,0:0:0:0:
416,272,18649,2,0,B|424:288|424:288|416:304|416:304|416:376|416:376|400:360,1,127.500004863739
256,232,18922,5,0,0:0:0:0:
432,168,19058,1,0,0:0:0:0:
240,208,19194,2,0,B|224:216|224:216|208:208|208:208|160:224|112:208,1,127.500004863739
72,288,19467,5,0,0:0:0:0:
160,136,19604,1,0,0:0:0:0:
200,288,19740,6,0,B|192:304|192:304|200:320|200:320|184:384|184:384|216:360,1,127.500004863739
232,272,20013,2,0,B|224:288|224:288|232:304|232:304|216:368|216:368|248:344,1,127.500004863739
264,256,20285,1,0,0:0:0:0:
343,228,20558,5,0,0:0:0:0:
248,32,20694,1,0,0:0:0:0:
272,184,20831,2,0,B|280:208|280:208|288:200|288:200|312:272|312:272|320:256,1,127.500004863739
448,136,21104,5,0,0:0:0:0:
408,328,21240,1,0,0:0:0:0:
472,112,21376,2,0,B|480:88|480:88|464:80|464:80|488:40|464:0,1,127.500004863739
256,216,21649,5,0,0:0:0:0:
344,80,21786,1,0,0:0:0:0:
352,248,21922,6,0,B|344:272|344:272|336:264|336:264|296:248|232:272,1,127.500004863739
328,272,22194,2,0,B|320:296|320:296|312:288|312:288|272:272|208:296,1,127.500004863739
272,368,22467,1,0,0:0:0:0:
128,160,22740,5,0,0:0:0:0:
88,312,22876,1,0,0:0:0:0:
200,240,23013,2,0,B|208:224|208:224|200:208|200:208|224:168|200:112,1,127.500004863739
360,184,23285,5,0,0:0:0:0:
280,16,23422,1,0,0:0:0:0:
336,208,23558,2,0,B|344:224|344:224|336:232|336:232|360:272|360:272|352:336,1,127.500004863739
184,336,23831,5,0,0:0:0:0:
248,120,23967,1,0,0:0:0:0:
124,239,24104,2,0,B|116:255|116:255|140:263|140:263|188:343,1,127.500004863739
112,272,24376,2,0,B|104:288|104:288|128:296|128:296|176:376,1,127.500004863739
268,216,24649,2,0,B|284:200|284:200|268:176|268:176|244:176|244:176|228:200|228:200|244:216,1,127.500004863739
368,304,24922,5,0,0:0:0:0:
456,64,25058,1,0,0:0:0:0:
304,144,25194,2,0,B|296:160|296:160|312:160|312:160|320:184|320:184|320:208|320:208|312:232|312:232|296:256,1,127.500004863739
144,352,25467,5,0,0:0:0:0:
56,112,25603,1,0,0:0:0:0:
208,192,25739,2,0,B|216:208|216:208|200:208|200:208|192:232|192:232|192:256|192:256|200:280|200:280|216:304,1,127.500004863739
368,160,26013,1,0,0:0:0:0:
368,160,26285,6,0,B|352:168|352:168|336:160|336:160|312:160|312:160|304:152|304:152|232:152,1,127.500004863739
352,192,26558,2,0,B|336:200|336:200|320:192|320:192|296:192|296:192|288:184|288:184|216:184,1,127.500004863739
336,224,26831,1,0,0:0:0:0:
138,47,27103,5,0,0:0:0:0:
176,240,27240,1,0,0:0:0:0:
96,112,27376,2,0,B|88:96|88:96|96:80|96:80|96:8|96:8|112:24,1,127.500004863739
256,152,27649,5,0,0:0:0:0:
80,216,27785,1,0,0:0:0:0:
272,176,27921,2,0,B|288:168|288:168|304:176|304:176|352:160|400:176,1,127.500004863739
440,96,28194,5,0,0:0:0:0:
352,248,28331,1,0,0:0:0:0:
312,96,28467,6,0,B|320:80|320:80|312:64|312:64|328:0|328:0|296:24,1,127.500004863739
280,112,28740,2,0,B|288:96|288:96|280:80|280:80|296:16|296:16|264:40,1,127.500004863739
248,128,29012,1,0,0:0:0:0:
169,156,29285,5,0,0:0:0:0:
264,352,29421,1,0,0:0:0:0:
240,200,29558,2,0,B|232:176|232:176|224:184|224:184|200:112|200:112|192:128,1,127.500004863739
64,248,29831,5,0,0:0:0:0:
104,56,29967,1,0,0:0:0:0:
40,272,30103,2,0,B|32:296|32:296|48:304|48:304|24:344|48:384,1,127.500004863739
256,168,30376,5,0,0:0:0:0:
168,304,30513,1,0,0:0:0:0:
160,136,30649,6,0,B|168:112|168:112|176:120|176:120|216:136|280:112,1,127.500004863739
184,112,30921,2,0,B|192:88|192:88|200:96|200:96|240:112|304:88,1,127.500004863739
240,16,31194,1,0,0:0:0:0:
384,224,31467,5,0,0:0:0:0:
424,72,31603,1,0,0:0:0:0:
312,144,31740,2,0,B|304:160|304:160|312:176|312:176|288:216|312:272,1,127.500004863739
152,200,32012,5,0,0:0:0:0:
232,368,32149,1,0,0:0:0:0:
176,176,32285,2,0,B|168:160|168:160|176:152|176:152|152:112|152:112|160:48,1,127.500004863739
328,48,32558,5,0,0:0:0:0:
264,264,32694,1,0,0:0:0:0:
388,145,32831,2,0,B|396:129|396:129|372:121|372:121|324:41,1,127.500004863739
400,112,33103,2,0,B|408:96|408:96|384:88|384:88|336:8,1,127.500004863739
244,168,33376,2,0,B|228:184|228:184|244:208|244:208|268:208|268:208|284:184|284:184|268:168,1,127.500004863739
144,80,33649,5,0,0:0:0:0:
56,320,33785,1,0,0:0:0:0:
208,240,33922,2,0,B|216:224|216:224|208:208|208:208|208:176,2,63.7500024318696
328,272,34194,2,0,B|336:288|336:288|328:304|328:304|328:336,2,63.7500024318696
304,152,34467,2,0,B|296:136|296:136|304:120|304:120|304:88,2,63.7500024318696
208,272,34740,2,0,B|200:288|200:288|208:304|208:304|200:352|144:384,1,127.500004863739
120,192,35013,6,0,B|136:184|136:184|152:192|152:192|200:168|256:184,1,136
128,160,35285,2,0,B|144:152|144:152|160:160|160:160|208:136|264:152,1,136
136,128,35558,1,0,0:0:0:0:
240,336,35831,5,0,0:0:0:0:
296,144,35967,1,0,0:0:0:0:
224,312,36104,2,0,B|216:328|216:328|200:328|200:328|152:336|112:376,1,127.500004863739
64,112,36375,5,0,0:0:0:0:
16,328,36512,1,0,0:0:0:0:
88,128,36649,2,0,B|96:104|96:104|104:112|104:112|128:80|128:80|136:24,1,127.500004863739
240,272,36922,5,0,0:0:0:0:
272,88,37058,1,0,0:0:0:0:
256,296,37194,2,0,B|248:312|248:312|256:328|256:328|216:352|160:360,1,136
272,320,37467,2,0,B|264:336|264:336|272:352|272:352|232:376|176:384,1,136
288,344,37740,1,0,0:0:0:0:
248,96,38013,5,0,0:0:0:0:
392,240,38149,1,0,0:0:0:0:
232,120,38285,2,0,B|216:112|216:112|200:120|200:120|160:112|160:112|96:120,1,136
152,312,38558,5,0,0:0:0:0:
304,208,38695,1,0,0:0:0:0:
136,344,38831,2,0,B|119:349|119:349|102:344|102:344|62:360|62:360|5:349,1,136
224,192,39104,5,0,0:0:0:0:
16,232,39240,1,0,0:0:0:0:
240,216,39376,2,0,B|264:208|272:192|272:192|328:176|352:136,1,136
256,240,39649,2,0,B|280:232|288:216|288:216|344:200|368:160,1,136
272,264,39922,1,0,0:0:0:0:
160,56,40194,5,0,0:0:0:0:
128,296,40331,1,0,0:0:0:0:
296,184,40467,2,0,B|304:168|304:168|296:152|296:152|304:104|304:104|296:48,1,136
352,376,40740,5,0,0:0:0:0:
384,136,40877,1,0,0:0:0:0:
216,248,41013,2,0,B|208:264|208:264|216:280|216:280|208:328|208:328|216:384,1,136
112,280,41285,5,0,0:0:0:0:
208,56,41422,1,0,0:0:0:0:
312,240,41558,2,0,B|320:256|320:256|312:272|312:272|328:344|328:344|304:328,1,136
336,224,41831,2,0,B|344:240|344:240|336:256|336:256|352:328|352:328|328:312,1,136
360,208,42104,1,0,0:0:0:0:
144,104,42376,5,0,0:0:0:0:
72,264,42513,1,0,0:0:0:0:
216,167,42649,2,0,B|216:151|216:151|224:143|224:143|240:87|208:39,1,136
368,280,42922,5,0,0:0:0:0:
440,120,43059,1,0,0:0:0:0:
296,217,43195,2,0,B|296:233|296:233|288:241|288:241|272:297|304:345,1,136
336,88,43467,1,0,0:0:0:0:
336,88,43740,6,0,B|312:72|312:72|288:88|288:88|208:72,1,136
344,112,44013,2,0,B|320:96|320:96|296:112|296:112|216:96,1,136
48,144,44285,1,0,0:0:0:0:
48,144,44558,5,0,0:0:0:0:
200,88,44694,1,0,0:0:0:0:
48,144,44831,2,0,B|40:160|40:160|48:176|48:176|32:232|48:280,1,136
144,320,45104,5,0,0:0:0:0:
296,376,45240,1,0,0:0:0:0:
144,320,45376,2,0,B|136:304|136:304|144:288|144:288|128:232|144:184,1,136
240,104,45649,5,0,0:0:0:0:
392,48,45785,1,0,0:0:0:0:
240,104,45921,2,0,B|232:120|232:120|240:136|240:136|224:192|240:240,1,136
336,320,46194,2,0,B|344:304|344:304|336:288|336:288|352:232|336:184,1,136
240,320,46467,1,0,0:0:0:0:
392,264,46740,5,0,0:0:0:0:
240,320,46876,1,0,0:0:0:0:
392,264,47013,2,0,B|400:248|400:248|392:232|392:232|408:176|392:128,1,136
296,88,47286,5,0,0:0:0:0:
144,32,47422,1,0,0:0:0:0:
296,88,47558,2,0,B|304:104|304:104|296:120|296:120|312:176|296:224,1,136
200,304,47831,5,0,0:0:0:0:
48,360,47967,1,0,0:0:0:0:
200,304,48103,2,0,B|208:288|208:288|200:272|200:272|216:216|200:168,1,136
104,88,48376,2,0,B|96:104|96:104|104:120|104:120|88:176|104:224,1,136
200,88,48649,1,0,0:0:0:0:
352,168,48922,5,0,0:0:0:0:
200,88,49058,1,0,0:0:0:0:
352,168,49194,2,0,B|360:192|360:192|352:216|352:216|360:256|352:296|352:296|344:280,1,136
160,168,49467,5,0,0:0:0:0:
312,88,49603,1,0,0:0:0:0:
160,168,49739,2,0,B|152:192|152:192|160:216|160:216|152:256|160:296|160:296|168:280,1,136
256,272,50013,5,0,0:0:0:0:
104,352,50149,1,0,0:0:0:0:
256,272,50285,2,0,B|264:248|264:248|256:224|256:224|264:184|256:144|256:144|248:160,1,136
128,192,50558,2,0,B|120:168|120:168|128:144|128:144|120:112|128:72|128:72|136:88,1,136
162,291,50831,1,0,0:0:0:0:
162,291,51104,5,0,0:0:0:0:
296,120,51240,1,0,0:0:0:0:
162,291,51376,2,0,B|157:288|157:288|156:296|156:296|121:342,2,68
280,264,51649,2,0,B|285:265|285:265|279:271|279:271|272:329,2,68
352,168,51922,2,0,B|356:165|356:165|357:173|357:173|392:219,2,68
328,56,52194,2,0,B|329:50|329:50|335:56|335:56|393:63,2,68
232,112,52467,2,0,B|216:96|216:96|200:184,1,101.999996887207
200,280,52740,5,0,0:0:0:0:
200,280,53013,1,0,0:0:0:0:
200,280,53285,6,0,B|200:381|200:381|200:376,2,101.999996887207
240,176,53694,2,0,B|311:247|311:247|307:243,2,101.999996887207
192,72,54104,2,0,B|293:72|293:72|288:71,2,101.999996887207
120,208,54513,1,0,0:0:0:0:
120,208,54649,2,0,P|176:184|224:184,1,101.999996887207
312,280,54922,5,0,0:0:0:0:
312,280,55195,1,0,0:0:0:0:
312,280,55467,6,0,B|312:381|312:381|312:376,2,101.999996887207
272,176,55876,2,0,B|201:247|201:247|205:243,2,101.999996887207
320,72,56286,2,0,B|219:72|219:72|224:71,2,101.999996887207
392,208,56694,1,0,0:0:0:0:
392,208,56831,2,0,P|336:184|288:184,1,101.999996887207
200,104,57104,5,0,0:0:0:0:
200,104,57377,1,0,0:0:0:0:
200,104,57649,6,0,B|200:3|200:3|200:8,2,101.999996887207
240,208,58058,2,0,B|311:137|311:137|307:141,2,101.999996887207
192,312,58468,2,0,B|293:312|293:312|288:313,2,101.999996887207
120,176,58877,1,0,0:0:0:0:
120,176,59013,2,0,P|176:200|224:200,1,101.999996887207
312,104,59286,5,0,0:0:0:0:
312,104,59559,1,0,0:0:0:0:
312,104,59831,2,0,P|275:75|219:67,1,101.999996887207
240,152,60104,5,0,0:0:0:0:
240,152,60376,2,0,L|264:272,1,101.999996887207
288,368,60649,1,0,0:0:0:0:
288,368,60922,1,0,0:0:0:0:
392,176,61195,6,0,P|336:200|288:200,1,101.999996887207
320,112,61468,1,0,0:0:0:0:
320,112,61741,1,0,0:0:0:0:
160,32,62013,5,0,0:0:0:0:
128,128,62149,1,0,0:0:0:0:
96,224,62285,2,0,B|92:324|92:324|92:320,2,101.999996887207
216,200,62694,2,0,B|220:100|220:100|220:104,2,101.999996887207
288,320,63104,5,0,0:0:0:0:
320,224,63240,1,0,0:0:0:0:
352,128,63376,2,0,P|336:80|296:48,1,101.999996887207
264,128,63649,1,0,0:0:0:0:
264,128,63922,1,0,0:0:0:0:
352,32,64194,5,0,0:0:0:0:
384,128,64330,1,0,0:0:0:0:
416,224,64466,2,0,B|420:324|420:324|420:320,2,101.999996887207
296,200,64875,2,0,B|292:100|292:100|292:104,2,101.999996887207
224,320,65285,5,0,0:0:0:0:
192,224,65421,1,0,0:0:0:0:
160,128,65557,2,0,P|176:80|216:48,1,101.999996887207
248,128,65830,1,0,0:0:0:0:
248,128,66104,1,0,0:0:0:0:
416,192,66376,5,0,0:0:0:0:
384,288,66513,1,0,0:0:0:0:
304,352,66649,2,0,L|192:352,1,101.999996887207
32,112,66922,5,0,0:0:0:0:
64,208,67059,1,0,0:0:0:0:
144,272,67195,2,0,L|256:272,1,101.999996887207
408,32,67467,5,0,0:0:0:0:
376,128,67604,1,0,0:0:0:0:
296,192,67740,2,0,L|184:192,1,101.999996887207
96,64,68013,5,0,0:0:0:0:
64,160,68149,1,0,0:0:0:0:
96,256,68285,2,0,L|192:288,1,101.999996887207
288,160,68558,5,0,0:0:0:0:
320,256,68694,1,0,0:0:0:0:
288,352,68830,2,0,L|192:384,1,101.999996887207
64,192,69104,5,0,0:0:0:0:
152,368,69240,1,0,0:0:0:0:
169,92,69376,2,0,P|120:72|168:104,1,170
224,256,69922,6,0,B|232:240|232:240|224:224|224:224|248:128|160:88,1,191.250007295609
152,176,70194,2,0,L|144:304,1,127.500004863739
256,256,70467,2,0,B|264:240|264:240|256:224|256:224|280:128|192:88,1,191.250007295609
184,176,70739,2,0,L|176:304,1,127.500004863739
288,256,71013,6,0,B|296:240|296:240|288:224|288:224|312:128|224:88,1,191.250007295609
216,176,71285,2,0,L|208:304,1,127.500004863739
320,256,71558,2,0,B|328:240|328:240|320:224|320:224|344:128|256:88,1,191.250007295609
248,176,71830,2,0,L|240:304,1,127.500004863739
376,368,72104,5,0,0:0:0:0:
376,368,72241,2,0,P|320:328|256:328,1,127.500004863739
128,384,72513,1,0,0:0:0:0:
128,384,72649,5,0,0:0:0:0:
96,192,72785,1,0,0:0:0:0:
160,288,72922,5,0,0:0:0:0:
192,96,73058,1,0,0:0:0:0:
64,224,73194,6,0,B|72:240|72:240|64:256|64:256|80:296|64:352,2,127.500004863739
106,76,73604,1,0,0:0:0:0:
106,76,73740,2,0,B|162:100|226:84|226:84|234:100|234:100|242:84|242:84|250:100|250:100|258:84|258:84|266:100|266:100|274:84|274:84|282:100|282:100|290:84|290:84|298:100|298:100|306:84|306:84|314:100|314:100|322:84|322:84|330:100|330:100|338:84|338:84|346:100|346:100,1,382.500014591218
288,256,74285,6,0,B|280:240|280:240|288:224|288:224|264:128|352:88,1,191.250007295609
360,176,74557,2,0,L|368:304,1,127.500004863739
256,256,74830,2,0,B|248:240|248:240|256:224|256:224|232:128|320:88,1,191.250007295609
328,176,75102,2,0,L|336:304,1,127.500004863739
224,256,75376,6,0,B|216:240|216:240|224:224|224:224|200:128|288:88,1,191.250007295609
296,176,75648,2,0,L|304:304,1,127.500004863739
192,256,75921,2,0,B|184:240|184:240|192:224|192:224|168:128|256:88,1,191.250007295609
264,176,76193,2,0,L|272:304,1,127.500004863739
136,368,76467,5,0,0:0:0:0:
136,368,76604,2,0,P|192:328|256:328,1,127.500004863739
384,384,76876,1,0,0:0:0:0:
384,384,77012,5,0,0:0:0:0:
416,192,77148,1,0,0:0:0:0:
352,288,77285,5,0,0:0:0:0:
320,96,77421,1,0,0:0:0:0:
448,224,77557,5,0,0:0:0:0:
448,224,77694,2,0,L|400:352,1,127.500004863739
208,160,77967,1,0,0:0:0:0:
208,160,78104,6,0,L|240:288,1,127.500004863739
16,320,78376,1,0,0:0:0:0:
96,96,78513,1,0,0:0:0:0:
158,239,78649,6,0,P|126:303|14:319,1,191.250007295609
62,249,78922,2,0,P|78:233|46:249,1,127.500004863739
196,240,79194,6,0,P|164:304|52:320,1,191.250007295609
100,250,79467,2,0,P|116:234|84:250,1,127.500004863739
244,240,79740,6,0,P|212:304|100:320,1,191.250007295609
148,250,80013,2,0,P|164:234|132:250,1,127.500004863739
292,240,80285,6,0,P|260:304|148:320,1,191.250007295609
196,250,80558,2,0,P|212:234|180:250,1,127.500004863739
336,240,80831,1,0,0:0:0:0:
336,240,80967,2,0,L|368:112,1,127.500004863739
160,240,81240,5,0,0:0:0:0:
144,32,81376,1,0,0:0:0:0:
256,176,81513,5,0,0:0:0:0:
288,0,81649,1,0,0:0:0:0:
112,176,81785,1,0,0:0:0:0:
368,128,81922,1,0,0:0:0:0:
368,128,82058,2,0,P|384:96|352:128,1,127.500004863739
400,288,82331,1,0,0:0:0:0:
400,288,82467,2,0,B|336:272|272:288|272:288|256:304|256:304|256:288|256:288|240:304|240:304|240:288|240:288|224:304|224:304|224:288|224:288|208:304|208:304|208:288|208:288|192:304|192:304|192:288|192:288|176:304|176:304|176:288|176:288|160:304|160:304,1,382.500014591218
158,145,83013,6,0,P|126:81|14:65,1,191.250007295609
62,135,83286,2,0,P|78:151|46:135,1,127.500004863739
196,144,83558,6,0,P|164:80|52:64,1,191.250007295609
100,134,83831,2,0,P|116:150|84:134,1,127.500004863739
244,144,84104,6,0,P|212:80|100:64,1,191.250007295609
148,134,84377,2,0,P|164:150|132:134,1,127.500004863739
292,144,84649,6,0,P|260:80|148:64,1,191.250007295609
196,134,84922,2,0,P|212:150|180:134,1,127.500004863739
320,32,85194,1,0,0:0:0:0:
320,32,85331,2,0,P|354:91|374:176,1,127.500004863739
288,320,85604,1,0,0:0:0:0:
256,176,85740,5,0,0:0:0:0:
368,272,85876,1,0,0:0:0:0:
192,320,86013,1,0,0:0:0:0:
256,96,86149,1,0,0:0:0:0:
432,336,86285,5,0,0:0:0:0:
432,336,86422,2,0,B|448:272|448:272|448:208,1,127.500004863739
320,64,86694,1,0,0:0:0:0:
320,64,86831,2,0,B|304:128|304:128|304:192,1,127.500004863739
208,352,87104,2,0,B|208:290|208:290|192:226,1,127.500004863739
144,96,87376,6,0,P|80:32|120:112,1,255.000009727478
304,208,87922,2,0,P|320:144|384:96,1,127.500004863739
400,192,88194,2,0,P|384:256|320:304,1,127.500004863739
208,208,88467,6,0,P|192:144|128:96,1,127.500004863739
112,192,88739,2,0,P|128:256|192:304,1,127.500004863739
368,272,89013,6,0,B|424:240|424:240|496:240,1,127.500004863739
376,144,89285,2,0,B|320:112|320:112|248:112,1,127.500004863739
176,248,89558,2,0,P|200:304|152:244,1,255.000009727478
88,32,90104,6,0,L|64:160,1,127.500004863739
224,88,90376,2,0,L|248:216,1,127.500004863739
328,360,90649,6,0,L|351:234,1,127.500004863739
510,304,90921,2,0,L|486:178,1,127.500004863739
271,159,91194,2,0,P|215:119|255:207,1,255.000009727478
440,56,91740,5,0,0:0:0:0:
440,56,91876,2,0,B|448:112|448:112|456:120|456:120|464:184,1,127.500004863739
336,352,92149,1,0,0:0:0:0:
368,192,92285,1,0,0:0:0:0:
448,328,92422,1,0,0:0:0:0:
271,159,92558,1,0,0:0:0:0:
456,240,92694,1,0,0:0:0:0:
264,272,92831,5,0,0:0:0:0:
264,272,92967,2,0,P|192:240|168:200,1,127.500004863739
40,304,93240,1,0,0:0:0:0:
40,304,93376,2,0,B|40:176|40:176|28:176|28:176|40:168|40:168|28:168|28:168|40:160|40:160|28:160|28:160|40:152|40:152|28:152|28:152|40:144|40:144|28:144|28:144|40:136|40:136|28:136|28:136|40:128|40:128|28:128|28:128|40:120|40:120|28:120|28:120|40:112|40:112|28:112|28:112|40:104|40:104|28:104|28:104|40:96,1,382.500014591218
180,44,93922,5,0,0:0:0:0:
180,44,94058,2,0,P|244:36|308:44,1,127.500004863739
404,260,94331,1,0,0:0:0:0:
432,116,94467,1,0,0:0:0:0:
280,216,94604,1,0,0:0:0:0:
484,336,94740,1,0,0:0:0:0:
448,192,94876,1,0,0:0:0:0:
228,284,95013,6,0,B|188:248|180:196|180:196|204:200,1,127.500004863739
416,320,95285,1,0,0:0:0:0:
448,192,95422,1,0,0:0:0:0:
416,64,95558,2,0,L|288:48,1,127.500004863739
78,215,95831,2,0,L|206:199,1,127.500004863739
416,320,96104,6,0,P|480:288|388:296,1,255.000009727478
132,320,96649,2,0,B|116:216|116:216|140:232,1,127.500004863739
308,192,96922,2,0,B|324:88|324:88|300:104,1,127.500004863739
164,136,97194,6,0,P|108:120|40:136,1,127.500004863739
248,272,97467,2,0,P|304:288|372:272,1,127.500004863739
500,156,97740,6,0,L|512:284,1,127.500004863739
308,192,98013,2,0,L|296:64,1,127.500004863739
148,220,98285,2,0,P|92:184|144:252,1,255.000009727478
320,136,98831,6,0,L|340:8,1,127.500004863739
148,220,99104,2,0,L|128:92,1,127.500004863739
352,224,99376,6,0,P|396:172|404:112,1,127.500004863739
264,28,99649,2,0,P|220:80|212:140,1,127.500004863739
224,328,99922,2,0,P|284:364|236:280,1,255.000009727478
48,336,100467,5,0,0:0:0:0:
48,336,100604,2,0,L|36:208,1,127.500004863739
156,88,100876,1,0,0:0:0:0:
232,280,101013,1,0,0:0:0:0:
132,212,101149,1,0,0:0:0:0:
336,216,101285,1,0,0:0:0:0:
220,368,101422,1,0,0:0:0:0:
248,156,101558,5,0,0:0:0:0:
248,156,101694,2,0,P|304:124|372:124,1,127.500004863739
476,32,101967,1,0,0:0:0:0:
476,32,102104,2,0,B|476:160|476:160|488:160|488:160|476:168|476:168|488:168|488:168|476:176|476:176|488:176|488:176|476:184|476:184|488:184|488:184|476:192|476:192|488:192|488:192|476:200|476:200|488:200|488:200|476:208|476:208|488:208|488:208|476:216|476:216|488:216|488:216|476:224|476:224|488:224|488:224|476:232|476:232|488:232|488:232|476:240,1,382.500014591218
364,328,102649,5,0,0:0:0:0:
364,328,102785,2,0,P|300:312|240:328,1,127.500004863739
76,152,103058,1,0,0:0:0:0:
48,324,103194,1,0,0:0:0:0:
192,216,103331,1,0,0:0:0:0:
0,128,103467,1,0,0:0:0:0:
36,292,103604,1,0,0:0:0:0:
176,88,103740,6,0,B|228:4|228:4|192:12,1,127.500004863739
64,48,104013,1,0,0:0:0:0:
32,208,104149,1,0,0:0:0:0:
64,368,104285,2,0,L|192:384,1,127.500004863739
318,200,104558,2,0,L|190:216,1,127.500004863739
96,96,104831,6,0,P|5:63|62:140,1,255.000009727478
320,48,105376,2,0,P|384:32|448:48,1,127.500004863739
384,144,105649,2,0,P|320:160|256:144,1,127.500004863739
144,48,105922,6,0,L|128:176,1,127.500004863739
276,273,106194,2,0,L|260:145,1,127.500004863739
144,48,106467,6,0,P|80:32|16:48,1,127.500004863739
80,144,106740,2,0,P|144:160|208:144,1,127.500004863739
320,48,107013,6,0,L|336:176,1,127.500004863739
187,273,107285,2,0,L|203:145,1,127.500004863739
384,256,107558,6,0,P|400:320|384:384,1,127.500004863739
304,320,107831,2,0,P|288:256|304:192,1,127.500004863739
112,144,108104,6,0,P|96:208|112:272,1,127.500004863739
192,208,108377,2,0,P|208:144|192:80,1,127.500004863739
352,112,108649,2,0,P|400:80|320:96,1,255.000009727478
464,320,109194,5,0,0:0:0:0:
464,320,109331,2,0,P|400:304|336:320,1,127.500004863739
192,352,109604,1,0,0:0:0:0:
128,192,109740,1,0,0:0:0:0:
288,128,109876,1,0,0:0:0:0:
352,288,110013,1,0,0:0:0:0:
240,240,110149,1,0,0:0:0:0:
384,160,110285,5,0,0:0:0:0:
384,160,110422,2,0,P|448:144|512:160,1,127.500004863739
433,352,110694,1,0,0:0:0:0:
433,352,110831,2,0,B|409:300|409:300|401:296|401:296|373:240|373:240|385:232|385:232|373:232|373:232|385:224|385:224|373:224|373:224|385:216|385:216|373:216|373:216|385:208|385:208|373:208|373:208|385:200|385:200|373:200|373:200|385:192|385:192|373:192|373:192|385:184|385:184|373:184|373:184|385:176|385:176|373:176|373:176|385:168|385:168|373:168|373:168|385:160|385:160|373:160,1,382.500014591218
159,80,111376,5,0,0:0:0:0:
159,80,111513,2,0,P|223:64|287:80,1,127.500004863739
431,48,111786,1,0,0:0:0:0:
495,208,111922,1,0,0:0:0:0:
335,272,112058,1,0,0:0:0:0:
271,112,112195,1,0,0:0:0:0:
383,160,112331,1,0,0:0:0:0:
239,240,112467,5,0,0:0:0:0:
239,240,112604,2,0,P|175:256|111:240,1,127.500004863739
190,48,112876,1,0,0:0:0:0:
190,48,113013,2,0,B|214:100|214:100|222:104|222:104|248:164,1,127.500004863739
324,296,113285,2,0,B|348:244|348:244|356:240|356:240|382:180,1,127.500004863739
456,96,113558,6,0,P|480:32|416:96,1,255.000009727478
320,336,114104,2,0,P|384:352|448:336,1,127.500004863739
384,240,114377,2,0,P|320:224|256:240,1,127.500004863739
144,336,114650,6,0,L|128:208,1,127.500004863739
276,111,114922,2,0,L|260:239,1,127.500004863739
144,336,115195,6,0,P|80:352|16:336,1,127.500004863739
80,240,115468,2,0,P|144:224|208:240,1,127.500004863739
320,336,115741,6,0,L|336:208,1,127.500004863739
187,111,116013,2,0,L|203:239,1,127.500004863739
384,128,116286,6,0,P|400:64|384:0,1,127.500004863739
304,64,116559,2,0,P|288:128|304:192,1,127.500004863739
112,240,116832,6,0,P|96:176|112:112,1,127.500004863739
192,176,117105,2,0,P|208:240|192:304,1,127.500004863739
352,272,117377,2,0,P|400:304|320:288,1,255.000009727478
388,64,117922,5,0,0:0:0:0:
388,64,118058,2,0,B|328:52|328:52|324:56|324:56|264:44,1,127.500004863739
128,288,118331,1,0,0:0:0:0:
96,96,118467,1,0,0:0:0:0:
240,256,118604,1,0,0:0:0:0:
266,38,118740,1,0,0:0:0:0:
96,272,118876,1,0,0:0:0:0:
8,75,119013,5,0,0:0:0:0:
8,75,119149,2,0,P|52:25|114:3,1,127.500004863739
266,38,119422,1,0,0:0:0:0:
266,38,119558,2,0,B|282:102|281:166|281:166|270:166|270:166|282:174|282:174|270:174|270:174|282:182|282:182|270:182|270:182|282:190|282:190|270:190|270:190|282:198|282:198|270:198|270:198|282:206|282:206|270:206|270:206|282:214|282:214|270:214|270:214|282:222|282:222|270:222|270:222|282:230|282:230|270:230|270:230|282:238|282:238|270:238|270:238|282:246,1,382.500014591218
388,320,120104,5,0,0:0:0:0:
388,320,120240,2,0,B|328:332|328:332|324:328|324:328|264:340,1,127.500004863739
128,96,120513,1,0,0:0:0:0:
96,288,120649,1,0,0:0:0:0:
240,128,120786,1,0,0:0:0:0:
266,346,120922,1,0,0:0:0:0:
96,112,121058,1,0,0:0:0:0:
8,309,121194,6,0,P|48:360|115:383,1,127.500004863739
105,239,121467,1,0,0:0:0:0:
266,346,121604,1,0,0:0:0:0:
266,346,121740,2,0,L|276:208,1,127.500004863739
96,112,122013,2,0,L|106:250,1,127.500004863739
284,112,122285,5,0,0:0:0:0:
224,224,139740,6,0,L|224:240,2,15.9375006079674
320,128,140013,1,0,0:0:0:0:
416,224,140285,1,0,0:0:0:0:
320,320,140558,1,0,0:0:0:0:
320,320,141649,5,0,0:0:0:0:
320,128,141922,2,0,L|320:112,2,15.9375006079674
192,288,142194,1,0,0:0:0:0:
192,128,142467,1,0,0:0:0:0:
320,224,142740,1,0,0:0:0:0:
320,224,143558,5,0,0:0:0:0:
288,256,144104,1,0,0:0:0:0:
288,224,144922,1,0,0:0:0:0:
320,256,145467,5,0,0:0:0:0:
288,128,145740,1,0,0:0:0:0:
192,288,146013,1,0,0:0:0:0:
384,160,146285,1,0,0:0:0:0:
384,160,147104,5,0,0:0:0:0:
224,128,147376,1,0,0:0:0:0:
320,224,147649,1,0,0:0:0:0:
96,128,147922,1,0,0:0:0:0:
288,64,148194,1,0,0:0:0:0:
288,224,148467,6,0,L|288:240,2,15.9375006079674
192,128,148740,1,0,0:0:0:0:
96,224,149012,1,0,0:0:0:0:
192,320,149285,1,0,0:0:0:0:
192,320,150376,5,0,0:0:0:0:
192,128,150649,2,0,L|192:112,2,15.9375006079674
320,288,150921,1,0,0:0:0:0:
320,128,151194,1,0,0:0:0:0:
192,224,151467,1,0,0:0:0:0:
192,224,152285,5,0,0:0:0:0:
224,256,152831,1,0,0:0:0:0:
224,224,153649,1,0,0:0:0:0:
192,256,154194,5,0,0:0:0:0:
224,128,154467,1,0,0:0:0:0:
320,288,154740,1,0,0:0:0:0:
128,160,155012,1,0,0:0:0:0:
128,160,155831,5,0,0:0:0:0:
288,128,156103,1,0,0:0:0:0:
192,224,156376,1,0,0:0:0:0:
416,128,156649,1,0,0:0:0:0:
224,64,156921,1,0,0:0:0:0:
224,224,157194,6,0,P|224:248|224:296,1,63.7500024318696
296,184,157467,2,0,P|280:160|240:144,1,63.7500024318696
160,160,157740,1,0,0:0:0:0:
160,160,158013,6,0,B|137:213|137:213|139:207,2,63.7500024318696
224,224,158422,2,0,B|247:277|247:277|245:271,2,63.7500024318696
160,288,158830,1,0,0:0:0:0:
160,288,159104,5,0,0:0:0:0:
224,352,159240,1,0,0:0:0:0:
320,352,159376,2,0,P|344:344|384:312,1,63.7500024318696
352,160,159649,1,0,0:0:0:0:
352,160,159922,1,0,0:0:0:0:
352,160,160194,6,0,B|375:213|375:213|373:207,2,63.7500024318696
288,224,160603,2,0,B|265:277|265:277|267:271,2,63.7500024318696
352,288,161011,1,0,0:0:0:0:
352,288,161285,6,0,L|360:352,1,63.7500024318696
400,312,161490,2,0,L|400:288,2,15.9375006079674
272,232,161831,2,0,L|264:296,1,63.7500024318696
224,256,162036,2,0,L|224:232,2,15.9375006079674
352,184,162376,6,0,L|360:248,1,63.7500024318696
400,208,162581,2,0,L|400:184,2,15.9375006079674
272,128,162922,2,0,L|264:192,1,63.7500024318696
224,152,163127,2,0,L|224:128,2,15.9375006079674
352,72,163467,2,0,L|360:136,1,63.7500024318696
400,96,163672,2,0,L|400:72,1,15.9375006079674
448,96,163740,6,0,L|456:168,1,63.7500024318696
352,192,164013,2,0,L|360:264,1,63.7500024318696
256,288,164285,2,0,L|264:360,1,63.7500024318696
160,224,164558,2,0,L|168:296,1,63.7500024318696
64,160,164831,6,0,L|72:232,1,63.7500024318696
160,64,165104,2,0,L|168:136,1,63.7500024318696
256,192,165376,1,0,0:0:0:0:
256,192,165922,5,0,0:0:0:0:
352,288,166331,1,0,0:0:0:0:
256,224,166740,1,0,0:0:0:0:
256,224,167831,2,0,L|256:208,1,15.9375006079674
256,192,168104,5,0,0:0:0:0:
352,288,168513,1,0,0:0:0:0:
256,224,168922,1,0,0:0:0:0:
256,224,170013,1,0,0:0:0:0:
256,224,170081,1,0,0:0:0:0:
256,224,170149,1,0,0:0:0:0:
344,104,170285,6,0,L|360:176,1,63.7500024318696
480,160,170558,1,0,0:0:0:0:
448,256,170694,1,0,0:0:0:0:
352,288,170831,2,0,L|288:288,1,63.7500024318696
224,192,171104,5,0,0:0:0:0:
192,96,171240,1,0,0:0:0:0:
96,64,171377,2,0,L|32:64,1,63.7500024318696
32,160,171649,5,0,0:0:0:0:
64,256,171785,1,0,0:0:0:0:
160,288,171922,2,0,L|224:288,1,63.7500024318696
288,192,172194,5,0,0:0:0:0:
320,352,172331,1,0,0:0:0:0:
320,352,172467,2,0,P|384:368|336:304,1,191.250007295609
320,352,173013,2,0,P|348:372|311:324,1,255
320,352,173558,2,0,P|362:376|314:342,1,318.75
368,316,174104,1,0,0:0:0:0:
368,316,174649,6,0,P|276:296|180:316,1,191.250007295609
80,304,174922,2,0,P|113:247|170:213,1,127.500004863739
368,240,175194,2,0,P|276:220|180:240,1,191.250007295609
80,228,175467,2,0,P|113:171|170:137,1,127.500004863739
368,160,175740,6,0,P|276:140|180:160,1,191.250007295609
80,148,176013,2,0,P|113:91|170:57,1,127.500004863739
368,80,176285,2,0,P|276:60|180:80,1,191.250007295609
80,72,176558,1,0,0:0:0:0:
40,144,176694,1,0,0:0:0:0:
0,216,176831,6,0,P|24:288|16:200,1,255.000009727478
160,144,177240,2,0,L|176:208,1,63.7500024318696
256,176,177376,2,0,L|232:320,1,127.500004863739
400,296,177649,6,0,P|432:232|480:200,1,127.500004863739
376,179,177922,2,0,P|421:123|475:103,1,127.500004863739
304,96,178194,6,0,L|280:224,1,127.500004863739
240,384,178467,1,0,0:0:0:0:
160,176,178604,2,0,L|152:112,2,63.7500024318696
144,316,178876,1,0,0:0:0:0:
144,316,179013,6,0,P|236:296|332:316,1,191.250007295609
432,304,179286,2,0,P|399:247|342:213,1,127.500004863739
144,240,179558,2,0,P|236:220|332:240,1,191.250007295609
432,228,179831,2,0,P|399:171|342:137,1,127.500004863739
144,160,180104,6,0,P|236:140|332:160,1,191.250007295609
432,148,180377,2,0,P|399:91|342:57,1,127.500004863739
144,80,180649,2,0,P|236:60|332:80,1,191.250007295609
432,72,180922,1,0,0:0:0:0:
472,144,181058,1,0,0:0:0:0:
512,216,181195,6,0,P|488:288|496:200,1,255.000009727478
352,144,181604,2,0,L|336:208,1,63.7500024318696
256,176,181740,2,0,L|280:320,1,127.500004863739
112,296,182013,6,0,P|80:232|32:200,1,127.500004863739
136,179,182286,2,0,P|91:123|37:103,1,127.500004863739
128,24,182558,2,0,B|192:16|192:16|256:32,1,127.500004863739
384,160,182831,1,0,0:0:0:0:
256,288,182967,1,0,0:0:0:0:
256,288,183035,1,0,0:0:0:0:
256,288,183104,1,0,0:0:0:0:
144,96,183240,5,0,0:0:0:0:
144,96,183376,2,0,P|236:116|332:96,1,191.250007295609
432,108,183649,2,0,P|399:165|342:199,1,127.500004863739
144,172,183921,2,0,P|236:192|332:172,1,191.250007295609
432,184,184194,2,0,P|399:241|342:275,1,127.500004863739
144,252,184467,6,0,P|236:272|332:252,1,191.250007295609
432,264,184740,2,0,P|399:321|342:355,1,127.500004863739
144,332,185012,2,0,P|236:352|332:332,1,191.250007295609
432,340,185285,1,0,0:0:0:0:
472,268,185421,1,0,0:0:0:0:
512,196,185558,6,0,P|488:124|496:212,1,255.000009727478
352,268,185967,2,0,L|336:204,1,63.7500024318696
256,236,186103,2,0,L|280:92,1,127.500004863739
112,116,186376,6,0,P|80:180|32:212,1,127.500004863739
136,233,186649,2,0,P|91:289|37:309,1,127.500004863739
208,316,186921,6,0,L|232:188,1,127.500004863739
272,28,187194,1,0,0:0:0:0:
352,236,187331,2,0,L|360:300,2,63.7500024318696
368,96,187603,1,0,0:0:0:0:
368,96,187740,6,0,P|276:116|180:96,1,191.250007295609
80,108,188013,2,0,P|113:165|170:199,1,127.500004863739
368,172,188285,2,0,P|276:192|180:172,1,191.250007295609
80,184,188558,2,0,P|113:241|170:275,1,127.500004863739
368,252,188831,6,0,P|276:272|180:252,1,191.250007295609
80,264,189104,2,0,P|113:321|170:355,1,127.500004863739
368,332,189376,2,0,P|276:352|180:332,1,191.250007295609
80,340,189649,1,0,0:0:0:0:
40,268,189785,1,0,0:0:0:0:
0,196,189922,6,0,P|24:124|16:212,1,255.000009727478
160,268,190331,2,0,L|176:204,1,63.7500024318696
256,236,190467,2,0,L|232:92,1,127.500004863739
400,116,190740,6,0,P|432:180|480:212,1,127.500004863739
376,233,191013,2,0,P|421:289|475:309,1,127.500004863739
304,320,191285,2,0,P|272:256|224:224,1,127.500004863739
64,336,191558,1,0,0:0:0:0:
112,160,191694,1,0,0:0:0:0:
112,160,191763,1,0,0:0:0:0:
112,160,191830,1,0,0:0:0:0:
208,320,191966,1,0,0:0:0:0:
256,128,192104,6,0,P|256:80|240:152,1,382.500014591218
416,232,192649,2,0,L|448:72,1,127.500004863739
320,328,192922,2,0,L|288:168,1,127.500004863739
200,112,193194,6,0,L|174:237,1,127.500004863739
53,16,193467,2,0,L|78:141,1,127.500004863739
112,332,193740,6,0,P|176:348|236:332,1,127.500004863739
296,236,194013,2,0,P|232:220|172:236,1,127.500004863739
376,352,194285,2,0,P|444:328|352:320,1,255.000009727478
300,100,194831,6,0,L|172:88,1,127.500004863739
88,236,195104,2,0,L|216:224,1,127.500004863739
428,160,195376,6,0,P|440:96|424:36,1,127.500004863739
300,100,195649,2,0,P|288:164|304:224,1,127.500004863739
448,272,195922,2,0,P|480:328|408:276,1,255.000009727478
424,36,196467,5,0,0:0:0:0:
424,36,196604,2,0,P|360:20|300:36,1,127.500004863739
160,288,196876,1,0,0:0:0:0:
96,128,197013,1,0,0:0:0:0:
256,64,197149,1,0,0:0:0:0:
320,224,197285,1,0,0:0:0:0:
192,192,197422,1,0,0:0:0:0:
320,128,197558,5,0,0:0:0:0:
320,128,197694,2,0,P|380:158|411:211,1,127.500004863739
480,336,197967,1,0,0:0:0:0:
480,336,198104,2,0,B|416:304|344:336|344:336|344:348|344:348|336:336|336:336|336:348|336:348|328:336|328:336|328:348|328:348|320:336|320:336|320:348|320:348|312:336|312:336|312:348|312:348|304:336|304:336|304:348|304:348|296:336|296:336|296:348|296:348|288:336|288:336|288:348|288:348|280:336|280:336|280:348|280:348|272:336|272:336|272:348,1,382.500014591218
72,352,198649,5,0,0:0:0:0:
72,352,198785,2,0,L|64:220,1,127.500004863739
276,204,199058,1,0,0:0:0:0:
164,160,199194,1,0,0:0:0:0:
168,288,199331,1,0,0:0:0:0:
336,168,199467,1,0,0:0:0:0:
164,76,199604,1,0,0:0:0:0:
168,288,199740,6,0,P|196:340|260:376,1,127.500004863739
456,292,200013,1,0,0:0:0:0:
264,280,200149,1,0,0:0:0:0:
448,164,200285,2,0,L|456:300,1,127.500004863739
276,40,200558,2,0,L|268:176,1,127.500004863739
132,308,200831,6,0,P|80:352|116:268,1,255.000009727478
332,76,201376,2,0,P|396:60|456:76,1,127.500004863739
390,166,201649,2,0,P|326:182|266:166,1,127.500004863739
152,64,201922,6,0,L|140:196,1,127.500004863739
267,166,202194,2,0,L|279:298,1,127.500004863739
128,344,202467,6,0,P|64:360|4:344,1,127.500004863739
70,254,202740,2,0,P|134:238|194:254,1,127.500004863739
376,332,203013,2,0,P|432:368|384:292,1,255.000009727478
224,104,203558,6,0,B|216:164|216:164|220:168|220:168|212:228,1,127.500004863739
92,328,203831,2,0,B|100:268|100:268|96:264|96:264|104:204,1,127.500004863739
154,51,204104,6,0,P|213:22|278:34,1,127.500004863739
336,140,204376,2,0,P|276:168|212:156,1,127.500004863739
88,88,204649,2,0,P|36:56|88:116,1,255.000009727478
332,264,205194,5,0,0:0:0:0:
332,264,205331,2,0,B|348:200|348:200|336:140,1,127.500004863739
160,300,205604,1,0,0:0:0:0:
120,88,205741,1,0,0:0:0:0:
252,200,205876,1,0,0:0:0:0:
284,0,206013,1,0,0:0:0:0:
128,196,206149,1,0,0:0:0:0:
388,156,206285,5,0,0:0:0:0:
388,156,206422,2,0,P|404:92|392:32,1,127.500004863739
280,176,206694,5,0,0:0:0:0:
280,176,206831,2,0,B|302:243|376:272|376:272|384:263|384:263|381:277|381:277|390:269|390:269|387:283|387:283|395:274|395:274|393:289|393:289|401:280|401:280|398:294|398:294|407:286|407:286|404:300|404:300|412:291|412:291|410:306|410:306|418:297|418:297|415:311|415:311|424:303|424:303|421:317|421:317|429:308|429:308|427:323|427:323|435:314,1,382.500014591218
480,160,207376,5,0,0:0:0:0:
480,160,207513,2,0,L|496:32,1,127.500004863739
288,160,207786,1,0,0:0:0:0:
256,32,207922,1,0,0:0:0:0:
416,128,208058,1,0,0:0:0:0:
320,288,208195,1,0,0:0:0:0:
160,192,208331,1,0,0:0:0:0:
256,32,208467,6,0,P|320:16|384:32,1,127.500004863739
448,256,208740,1,0,0:0:0:0:
288,160,208876,1,0,0:0:0:0:
128,256,209013,2,0,L|96:384,1,127.500004863739
288,160,209285,2,0,L|256:32,1,127.500004863739
128,84,209558,6,0,P|72:60|128:132,1,255.000009727478
384,260,210104,2,0,P|436:216|448:156,1,127.500004863739
392,48,210376,2,0,P|340:92|328:152,1,127.500004863739
176,272,210649,6,0,L|156:144,1,127.500004863739
296,240,210922,2,0,L|276:368,1,127.500004863739
156,146,211194,6,0,P|216:122|276:134,1,127.500004863739
360,256,211467,2,0,P|300:280|240:268,1,127.500004863739
448,112,211740,6,0,L|464:240,1,127.500004863739
292,188,212013,2,0,L|308:60,1,127.500004863739
100,172,212285,6,0,P|128:232|192:264,1,127.500004863739
220,144,212558,2,0,P|192:84|128:52,1,127.500004863739
88,260,212831,6,0,B|80:320|80:320|84:324|84:324|76:384,1,127.500004863739
207,268,213104,2,0,B|215:208|215:208|211:204|211:204|219:144,1,127.500004863739
344,68,213376,2,0,P|408:36|352:112,1,255.000009727478
464,300,213922,5,0,0:0:0:0:
464,300,214058,2,0,P|400:272|340:280,1,127.500004863739
136,284,214331,1,0,0:0:0:0:
224,76,214467,1,0,0:0:0:0:
296,332,214604,1,0,0:0:0:0:
108,188,214740,1,0,0:0:0:0:
328,144,214876,1,0,0:0:0:0:
152,372,215013,5,0,0:0:0:0:
152,372,215149,2,0,P|84:352|48:304,1,127.500004863739
21,120,215422,1,0,0:0:0:0:
21,120,215558,2,0,B|75:74|153:89|153:89|155:101|155:101|160:87|160:87|163:99|163:99|168:85|168:85|170:97|170:97|176:84|176:84|178:95|178:95|183:82|183:82|186:94|186:94|191:80|191:80|193:92|193:92|200:78|200:78|202:90|202:90|207:77|207:77|210:88|210:88|215:75|215:75|217:87|217:87|223:73|223:73|225:85,1,382.500014591218
360,156,216104,5,0,0:0:0:0:
360,156,216240,2,0,L|372:20,1,127.500004863739
188,272,216513,1,0,0:0:0:0:
160,48,216649,1,0,0:0:0:0:
316,256,216785,1,0,0:0:0:0:
371,28,216922,1,0,0:0:0:0:
208,152,217058,1,0,0:0:0:0:
388,248,217194,6,0,P|440:204|452:144,1,127.500004863739
160,48,217467,1,0,0:0:0:0:
212,328,217604,1,0,0:0:0:0:
367,155,217740,2,0,L|371:27,1,127.500004863739
160,128,218013,2,0,L|164:256,1,127.500004863739
364,324,218285,6,0,P|432:352|364:292,1,255.000009727478
228,64,218831,2,0,L|92:48,1,127.500004863739
24,200,219104,2,0,L|160:184,1,127.500004863739
384,96,219376,6,0,P|420:152|420:216,1,127.500004863739
344,304,219649,2,0,P|308:248|308:184,1,127.500004863739
376,24,219922,6,0,L|504:12,1,127.500004863739
340,172,220194,2,0,L|212:160,1,127.500004863739
40,40,220467,6,0,P|16:112|32:172,1,127.500004863739
128,244,220740,2,0,P|152:172|136:112,1,127.500004863739
249,38,221013,6,0,L|385:22,1,127.500004863739
466,186,221285,2,0,L|330:170,1,127.500004863739
128,244,221558,6,0,P|108:304|128:368,1,127.500004863739
240,300,221831,2,0,P|260:240|240:176,1,127.500004863739
112,84,222104,2,0,P|56:52|112:116,1,255.000009727478
356,100,222649,5,0,0:0:0:0:
356,100,222785,2,0,L|372:232,1,127.500004863739
164,296,223058,1,0,0:0:0:0:
380,308,223194,1,0,0:0:0:0:
192,152,223331,1,0,0:0:0:0:
272,372,223467,1,0,0:0:0:0:
356,100,223604,1,0,0:0:0:0:
84,244,223740,5,0,0:0:0:0:
84,244,223876,2,0,P|64:304|76:368,1,127.500004863739
280,176,224149,1,0,0:0:0:0:
280,176,224285,2,0,B|273:105|208:60|208:60|198:67|198:67|204:54|204:54|193:60|193:60|199:47|199:47|189:54|189:54|195:40|195:40|185:47|185:47|191:34|191:34|180:40|180:40|187:27|187:27|177:34|177:34|182:20|182:20|172:27|172:27|178:14|178:14|168:19|168:19|174:6|174:6|164:13|164:13|169:0|169:0|160:6,1,382.500014591218
12,84,224831,5,0,0:0:0:0:
12,84,224967,2,0,L|0:216,1,127.500004863739
256,352,225240,1,0,0:0:0:0:
288,128,225376,1,0,0:0:0:0:
64,96,225513,1,0,0:0:0:0:
32,320,225649,1,0,0:0:0:0:
160,224,225785,1,0,0:0:0:0:
160,224,225922,6,0,L|288:128,1,127.500004863739
416,352,226194,1,0,0:0:0:0:
480,192,226331,1,0,0:0:0:0:
416,32,226467,2,0,L|288:16,1,127.500004863739
96,192,226740,2,0,L|224:176,1,127.500004863739
416,352,227013,1,0,0:0:0:0:
