osu file format v14

[General]
AudioFilename: LONOWN_-akiaura-VICX--online-audio-convert.com.mp3
AudioLeadIn: 0
PreviewTime: 38434
Countdown: 0
SampleSet: Soft
StackLeniency: 0.7
Mode: 0
LetterboxInBreaks: 0
WidescreenStoryboard: 1

[Editor]
DistanceSpacing: 1.2
BeatDivisor: 4
GridSize: 16
TimelineZoom: 1.084

[Metadata]
Title:Phonk Pack
TitleUnicode:Phonk Pack
Artist:Phonk Pack
ArtistUnicode:Phonk Pack
Creator:weldon1232
Version:song #6
Source:
Tags:
BeatmapID:3894210
BeatmapSetID:1863371

[Difficulty]
HPDrainRate:5
CircleSize:3.9
OverallDifficulty:5
ApproachRate:9.8
SliderMultiplier:1.7
SliderTickRate:1

[Events]
//Background and Video events
0,0,"maxresdefault (5).jpg",0,0
//Break Periods
2,100074,110915
//Storyboard Layer 0 (Background)
//Storyboard Layer 1 (Fail)
//Storyboard Layer 2 (Pass)
//Storyboard Layer 3 (Foreground)
//Storyboard Layer 4 (Overlay)
//Storyboard Sound Samples

[TimingPoints]
38434.1181102362,480,4,2,0,100,1,0
53074,-100,4,2,0,30,0,0
53314,-100,4,2,0,100,0,0
114274,-100,4,2,0,100,0,0
114514,-100,4,2,0,19,0,0
114874,-100,4,2,0,100,0,0
117154,-100,4,2,0,30,0,0
117634,-100,4,2,0,100,0,0
117874,-100,4,2,0,30,0,0
118114,-100,4,2,0,100,0,0
118594,-100,4,2,0,30,0,0
118834,-100,4,2,0,100,0,0


[Colours]
Combo1 : 255,255,128
Combo2 : 237,221,213
Combo3 : 206,188,178
Combo4 : 0,0,128
Combo5 : 255,128,0
Combo6 : 0,128,128

[HitObjects]
57,70,38434,5,0,0:0:0:0:
259,188,38914,1,0,0:0:0:0:
429,71,39154,2,0,L|447:122,2,42.5
417,318,39874,5,0,0:0:0:0:
230,189,40354,2,0,L|180:168,2,42.5
49,340,40834,1,0,0:0:0:0:
108,197,41074,2,0,L|85:154,2,42.5
41,75,41554,6,0,P|95:56|161:58,1,85
295,102,42034,2,0,P|323:148|314:182,1,85
251,253,42394,1,0,0:0:0:0:
41,344,42514,1,0,0:0:0:0:
83,168,42754,5,0,0:0:0:0:
210,91,42994,2,0,L|258:71,2,42.5
460,317,43714,1,0,0:0:0:0:
217,224,44194,2,0,L|166:202,2,42.5
46,48,44674,1,0,0:0:0:0:
253,115,44914,2,0,L|296:90,2,42.5
475,48,45394,5,0,0:0:0:0:
428,196,45634,1,0,0:0:0:0:
428,196,45874,1,0,0:0:0:0:
428,196,46114,1,0,0:0:0:0:
246,80,46354,6,0,P|197:106|174:145,1,85
241,276,46834,2,0,L|278:249,2,42.5
61,67,47554,1,0,0:0:0:0:
439,67,48034,2,0,L|408:109,2,42.5
262,190,48514,1,0,0:0:0:0:
463,349,48754,6,0,L|424:297,2,42.5
71,63,49234,6,0,P|122:98|134:119,1,85
99,297,49714,2,0,P|143:262|175:222,1,85
30,40,50074,5,0,0:0:0:0:
252,133,50194,1,0,0:0:0:0:
467,50,50434,1,0,0:0:0:0:
451,195,50674,2,0,L|420:238,2,42.5
51,332,51394,5,0,0:0:0:0:
212,140,51874,1,0,0:0:0:0:
212,140,51994,1,0,0:0:0:0:
212,140,52114,1,0,0:0:0:0:
420,196,52354,5,0,0:0:0:0:
252,293,52594,1,0,0:0:0:0:
74,193,52714,1,0,0:0:0:0:
43,346,52834,1,0,0:0:0:0:
243,62,53074,6,0,L|280:88,2,42.5
465,58,53554,2,0,L|430:100,2,42.5
164,52,54034,1,0,0:0:0:0:
48,322,54274,2,0,P|80:270|108:244,2,85
334,319,54994,5,0,0:0:0:0:
459,134,55234,1,0,0:0:0:0:
246,51,55474,6,0,P|212:96|191:134,1,85
250,271,55834,1,0,0:0:0:0:
475,341,55954,1,0,0:0:0:0:
380,189,56194,1,0,0:0:0:0:
98,61,56434,6,0,P|71:105|69:148,1,85
96,329,56914,2,0,P|135:273|161:241,1,85
350,328,57394,2,0,P|326:282|297:239,1,85
88,100,57874,5,0,0:0:0:0:
375,60,58114,1,0,0:0:0:0:
406,233,58354,2,0,L|425:277,2,42.5
43,345,59074,6,0,L|133:343,1,85
393,349,59554,2,0,L|352:302,2,42.5
465,178,60034,1,0,0:0:0:0:
171,78,60274,1,0,0:0:0:0:
190,313,60514,6,0,P|217:248|243:209,1,85
408,329,60994,2,0,P|402:263|392:220,1,85
112,75,61474,1,0,0:0:0:0:
401,166,61714,5,0,0:0:0:0:
218,301,61954,1,0,0:0:0:0:
39,190,62194,2,0,L|81:167,2,42.5
408,56,62914,5,0,0:0:0:0:
479,297,63154,1,0,0:0:0:0:
34,344,63394,2,0,L|83:306,2,42.5
39,106,63874,5,0,0:0:0:0:
248,189,64114,1,0,0:0:0:0:
426,43,64354,6,0,P|468:78|468:126,4,85
354,190,65434,1,0,0:0:0:0:
170,319,65554,1,0,0:0:0:0:
37,180,65794,5,0,0:0:0:0:
245,41,66034,1,0,0:0:0:0:
423,194,66274,1,0,0:0:0:0:
141,323,66754,5,0,0:0:0:0:
36,193,66994,1,0,0:0:0:0:
39,37,67234,2,0,L|89:68,2,42.5
257,48,67714,1,0,0:0:0:0:
466,100,68434,5,0,0:0:0:0:
402,347,68914,1,0,0:0:0:0:
52,331,69394,5,0,0:0:0:0:
257,197,69634,1,0,0:0:0:0:
423,329,69874,1,0,0:0:0:0:
363,128,70114,1,0,0:0:0:0:
254,55,70354,1,0,0:0:0:0:
236,73,70474,1,0,0:0:0:0:
217,98,70594,1,0,0:0:0:0:
199,122,70714,1,0,0:0:0:0:
77,304,71074,6,0,P|123:277|175:267,1,85
276,322,71554,2,0,P|268:271|244:235,1,85
414,89,72034,1,0,0:0:0:0:
188,49,72274,2,0,L|155:95,2,42.5
39,193,72994,5,0,0:0:0:0:
39,193,73234,1,0,0:0:0:0:
39,193,73474,1,0,0:0:0:0:
250,98,73714,6,0,P|273:148|274:193,1,85
210,249,74194,2,0,L|186:299,2,42.5
32,342,74914,6,0,P|56:295|85:251,1,85
265,188,75394,2,0,P|259:248|263:284,1,85
457,337,75874,1,0,0:0:0:0:
378,133,76114,1,0,0:0:0:0:
252,324,76234,1,0,0:0:0:0:
36,333,76354,6,0,P|56:287|77:245,2,85
52,71,77074,1,0,0:0:0:0:
257,157,77314,1,0,0:0:0:0:
59,248,77554,1,0,0:0:0:0:
52,71,77794,5,0,0:0:0:0:
368,70,78034,2,0,L|387:115,2,42.5
307,197,78394,1,0,0:0:0:0:
150,346,78514,1,0,0:0:0:0:
62,226,78754,6,0,P|77:178|113:131,1,85
277,122,79234,2,0,P|301:195|306:236,1,85
454,332,79714,1,0,0:0:0:0:
460,160,79954,6,0,L|399:128,1,42.5
264,58,80194,2,0,P|215:80|123:173,1,170
120,317,80914,6,0,P|145:273|188:245,1,85
409,324,81394,2,0,P|397:280|375:235,1,85
190,77,81874,2,0,L|170:130,1,42.5
150,235,82114,6,0,P|201:215|326:144,1,170
437,66,82834,1,0,0:0:0:0:
328,338,83074,1,0,0:0:0:0:
126,153,83314,1,0,0:0:0:0:
126,153,83554,1,0,0:0:0:0:
259,45,83794,6,0,L|248:92,2,42.5
210,237,84514,6,0,P|241:204|279:178,1,85
474,326,84994,2,0,P|461:266|445:231,1,85
453,67,85474,1,0,0:0:0:0:
255,203,85714,1,0,0:0:0:0:
72,77,85834,1,0,0:0:0:0:
109,257,85954,1,0,0:0:0:0:
452,57,86434,5,0,0:0:0:0:
352,281,86674,1,0,0:0:0:0:
242,90,86914,1,0,0:0:0:0:
104,293,87154,1,0,0:0:0:0:
48,153,87394,6,0,P|83:113|131:89,1,85
256,130,87754,1,0,0:0:0:0:
426,57,87874,2,0,P|463:110|435:211,1,170
190,197,88594,5,0,0:0:0:0:
38,42,88834,1,0,0:0:0:0:
252,49,89074,1,0,0:0:0:0:
38,42,89314,1,0,0:0:0:0:
39,201,89554,6,0,L|72:232,2,42.5
208,204,90034,2,0,L|164:171,2,42.5
301,55,90514,5,0,0:0:0:0:
441,236,90754,1,0,0:0:0:0:
204,199,90994,1,0,0:0:0:0:
301,55,91234,1,0,0:0:0:0:
459,46,91474,6,0,L|465:89,2,42.5
424,244,91954,2,0,P|377:209|343:189,1,85
102,198,92434,6,0,P|66:244|57:295,1,85
207,348,92914,2,0,P|230:299|230:251,1,85
159,108,93394,1,0,0:0:0:0:
337,231,93514,1,0,0:0:0:0:
307,51,93634,1,0,0:0:0:0:
481,50,93874,6,0,L|451:87,2,42.5
462,277,94354,1,0,0:0:0:0:
251,341,94594,1,0,0:0:0:0:
147,180,94834,1,0,0:0:0:0:
37,75,95074,6,0,P|82:49|131:48,1,85
267,82,95554,2,0,P|259:139|234:190,1,85
52,229,96034,1,0,0:0:0:0:
39,48,96274,6,0,L|71:88,2,42.5
221,49,96754,1,0,0:0:0:0:
379,195,96994,1,0,0:0:0:0:
464,341,97234,2,0,L|409:317,2,42.5
243,199,97714,5,0,0:0:0:0:
43,338,97834,1,0,0:0:0:0:
75,174,97954,1,0,0:0:0:0:
181,79,98194,6,0,P|238:53|273:57,1,85
464,45,98674,1,0,0:0:0:0:
479,224,98914,5,0,0:0:0:0:
348,148,99154,1,0,0:0:0:0:
479,224,99394,1,0,0:0:0:0:
249,249,99634,6,0,P|254:302|263:335,1,85
104,122,111394,5,0,0:0:0:0:
104,122,111874,1,0,0:0:0:0:
104,122,112354,1,0,0:0:0:0:
421,322,112834,6,0,P|435:266|424:216,3,85
259,104,113794,1,0,0:0:0:0:
259,104,114034,1,0,0:0:0:0:
63,149,114274,6,0,P|65:204|75:249,2,85
317,303,115234,1,0,0:0:0:0:
317,303,115714,1,0,0:0:0:0:
317,303,116194,1,0,0:0:0:0:
402,171,116674,5,0,0:0:0:0:
221,68,116914,1,0,0:0:0:0:
68,166,117154,2,0,P|63:221|77:273,4,85
206,328,118594,1,0,0:0:0:0:
131,126,119074,6,0,P|203:96|308:105,7,170
383,204,122914,5,0,0:0:0:0:
66,149,123394,2,0,P|108:102|122:100,1,42.5
259,65,123634,1,0,0:0:0:0:
259,65,123874,1,0,0:0:0:0:
417,89,124234,2,0,L|432:140,3,42.5
211,62,124834,5,0,0:0:0:0:
78,188,125074,1,0,0:0:0:0:
248,306,125314,1,0,0:0:0:0:
443,240,125554,2,0,L|383:207,3,42.5
258,79,126154,5,0,0:0:0:0:
125,228,126274,1,0,0:0:0:0:
360,220,126394,1,0,0:0:0:0:
457,64,126514,1,0,0:0:0:0:
137,76,126754,6,0,P|82:118|74:229,1,170
156,334,127354,1,0,0:0:0:0:
363,199,127474,1,0,0:0:0:0:
247,73,127714,1,0,0:0:0:0:
77,221,127834,1,0,0:0:0:0:
56,57,128074,1,0,0:0:0:0:
222,205,128194,1,0,0:0:0:0:
378,95,128314,1,0,0:0:0:0:
471,304,128434,1,0,0:0:0:0:
50,335,128674,6,0,P|82:272|110:226,2,85
212,125,129394,1,0,0:0:0:0:
386,259,129514,1,0,0:0:0:0:
383,67,129634,1,0,0:0:0:0:
246,283,129754,1,0,0:0:0:0:
59,303,129994,6,0,L|81:256,1,42.5
48,81,130234,1,0,0:0:0:0:
235,168,130354,1,0,0:0:0:0:
48,81,130474,1,0,0:0:0:0:
235,168,130594,1,0,0:0:0:0:
125,336,131074,5,0,0:0:0:0:
375,169,131194,1,0,0:0:0:0:
435,344,131314,1,0,0:0:0:0:
224,95,131554,2,0,L|199:140,1,42.5
72,250,131914,1,0,0:0:0:0:
108,82,132034,1,0,0:0:0:0:
282,200,132154,1,0,0:0:0:0:
72,250,132274,1,0,0:0:0:0:
252,353,132514,6,0,P|336:322|339:317,2,85
262,76,133234,1,0,0:0:0:0:
142,278,133354,1,0,0:0:0:0:
430,182,133474,1,0,0:0:0:0:
408,328,133594,6,0,P|356:298|328:284,1,85
234,208,133954,1,0,0:0:0:0:
72,98,134074,1,0,0:0:0:0:
234,208,134194,1,0,0:0:0:0:
383,204,134434,5,0,0:0:0:0:
66,149,134914,2,0,P|108:102|122:100,1,42.5
259,65,135154,1,0,0:0:0:0:
259,65,135394,1,0,0:0:0:0:
417,89,135754,2,0,L|432:140,3,42.5
211,62,136354,5,0,0:0:0:0:
78,188,136594,1,0,0:0:0:0:
248,306,136834,1,0,0:0:0:0:
443,240,137074,2,0,L|383:207,3,42.5
258,79,137674,5,0,0:0:0:0:
125,228,137794,1,0,0:0:0:0:
360,220,137914,1,0,0:0:0:0:
457,64,138034,1,0,0:0:0:0:
137,76,138274,6,0,P|82:118|74:229,1,170
156,334,138874,1,0,0:0:0:0:
363,199,138994,1,0,0:0:0:0:
247,73,139234,1,0,0:0:0:0:
77,221,139354,1,0,0:0:0:0:
56,57,139594,1,0,0:0:0:0:
222,205,139714,1,0,0:0:0:0:
378,95,139834,1,0,0:0:0:0:
471,304,139954,1,0,0:0:0:0:
50,335,140194,6,0,P|82:272|110:226,2,85
212,125,140914,1,0,0:0:0:0:
386,259,141034,1,0,0:0:0:0:
383,67,141154,1,0,0:0:0:0:
246,283,141274,1,0,0:0:0:0:
59,303,141514,6,0,L|81:256,1,42.5
48,81,141754,1,0,0:0:0:0:
235,168,141874,1,0,0:0:0:0:
48,81,141994,1,0,0:0:0:0:
235,168,142114,1,0,0:0:0:0:
125,336,142594,5,0,0:0:0:0:
375,169,142714,1,0,0:0:0:0:
435,344,142834,1,0,0:0:0:0:
224,95,143074,2,0,L|199:140,1,42.5
72,250,143434,1,0,0:0:0:0:
108,82,143554,1,0,0:0:0:0:
282,200,143674,1,0,0:0:0:0:
72,250,143794,1,0,0:0:0:0:
252,353,144034,6,0,P|336:322|339:317,2,85
262,76,144754,1,0,0:0:0:0:
142,278,144874,1,0,0:0:0:0:
430,182,144994,1,0,0:0:0:0:
408,328,145114,6,0,P|356:298|328:284,1,85
234,208,145474,1,0,0:0:0:0:
72,98,145594,1,0,0:0:0:0:
234,208,145714,1,0,0:0:0:0:
383,204,145954,5,0,0:0:0:0:
66,149,146434,2,0,P|108:102|122:100,1,42.5
259,65,146674,1,0,0:0:0:0:
259,65,146914,1,0,0:0:0:0:
417,89,147274,2,0,L|432:140,3,42.5
211,62,147874,5,0,0:0:0:0:
78,188,148114,1,0,0:0:0:0:
248,306,148354,1,0,0:0:0:0:
443,240,148594,2,0,L|383:207,3,42.5
258,79,149194,5,0,0:0:0:0:
125,228,149314,1,0,0:0:0:0:
360,220,149434,1,0,0:0:0:0:
457,64,149554,1,0,0:0:0:0:
137,76,149794,6,0,P|82:118|74:229,1,170
156,334,150394,1,0,0:0:0:0:
363,199,150514,1,0,0:0:0:0:
247,73,150754,1,0,0:0:0:0:
77,221,150874,1,0,0:0:0:0:
56,57,151114,1,0,0:0:0:0:
222,205,151234,1,0,0:0:0:0:
378,95,151354,1,0,0:0:0:0:
471,304,151474,1,0,0:0:0:0:
50,335,151714,6,0,P|82:272|110:226,2,85
212,125,152434,1,0,0:0:0:0:
386,259,152554,1,0,0:0:0:0:
383,67,152674,1,0,0:0:0:0:
246,283,152794,1,0,0:0:0:0:
59,303,153034,6,0,L|81:256,1,42.5
48,81,153274,1,0,0:0:0:0:
235,168,153394,1,0,0:0:0:0:
48,81,153514,1,0,0:0:0:0:
235,168,153634,1,0,0:0:0:0:
455,308,154114,6,0,L|419:264,2,42.5
272,100,154594,1,0,0:0:0:0:
160,278,154714,1,0,0:0:0:0:
377,318,154954,5,0,0:0:0:0:
448,141,155074,2,0,P|409:100|399:95,2,42.5
250,66,155554,2,0,P|201:95|170:124,2,85
179,282,156274,2,0,L|141:248,2,42.5
35,55,156634,1,0,0:0:0:0:
330,129,156994,6,0,L|301:170,2,42.5
93,278,157474,2,0,P|102:226|121:190,2,85
245,111,158074,1,0,0:0:0:0:
392,287,158194,1,0,0:0:0:0:
414,74,158434,1,0,0:0:0:0:
167,301,158554,1,0,0:0:0:0:
448,218,158674,1,0,0:0:0:0:
157,97,158794,1,0,0:0:0:0:
326,316,158914,1,0,0:0:0:0:
55,272,159034,6,0,P|74:227|86:217,1,42.5
292,91,159394,1,0,0:0:0:0:
192,306,159634,1,0,0:0:0:0:
431,208,159874,1,0,0:0:0:0:
133,93,160114,2,0,P|110:144|110:166,6,42.5
116,309,161074,1,0,0:0:0:0:
116,309,161314,1,0,0:0:0:0:
457,315,161794,6,0,L|425:265,2,42.5
288,165,162274,2,0,L|249:196,1,42.5
87,220,162634,2,0,L|90:168,3,42.5
367,70,163234,5,0,0:0:0:0:
232,292,163474,1,0,0:0:0:0:
136,71,163714,1,0,0:0:0:0:
49,310,163954,6,0,L|78:256,3,42.5
215,122,164554,1,0,0:0:0:0:
363,260,164674,1,0,0:0:0:0:
143,269,164794,1,0,0:0:0:0:
455,308,165154,6,0,L|419:264,2,42.5
272,100,165634,1,0,0:0:0:0:
160,278,165754,1,0,0:0:0:0:
377,318,165994,5,0,0:0:0:0:
448,141,166114,2,0,P|409:100|399:95,2,42.5
250,66,166594,2,0,P|201:95|170:124,2,85
179,282,167314,2,0,L|141:248,2,42.5
35,55,167674,1,0,0:0:0:0:
415,84,168034,5,0,0:0:0:0:
283,320,168514,1,0,0:0:0:0:
293,125,168634,2,0,L|247:171,1,42.5
69,120,168994,2,0,P|119:87|161:84,2,85
265,131,169594,2,0,L|213:160,1,42.5
146,292,169954,2,0,L|206:280,1,42.5
321,296,170314,2,0,L|277:323,3,42.5
50,226,170914,6,0,P|77:168|128:138,2,85
240,84,171634,2,0,L|191:71,2,42.5
56,106,171994,1,0,0:0:0:0:
214,249,172234,1,0,0:0:0:0:
393,172,172354,1,0,0:0:0:0:
461,332,172474,6,0,L|399:295,1,42.5
175,76,172834,2,0,P|115:98|102:122,2,85
124,246,173434,2,0,L|170:222,1,42.5
325,106,173794,6,0,L|286:138,1,42.5
292,234,174154,2,0,L|347:215,3,42.5
48,284,174754,6,0,P|70:229|95:200,2,85
193,128,175474,2,0,L|141:105,2,42.5
49,314,175834,1,0,0:0:0:0:
372,197,176074,2,0,L|334:248,1,42.5
173,126,176434,1,0,0:0:0:0:
173,126,176674,1,0,0:0:0:0:
324,304,177154,6,0,L|281:275,2,42.5
149,237,177634,2,0,L|132:280,1,42.5
61,157,177994,2,0,L|83:109,3,42.5
319,86,178594,6,0,P|350:125|363:164,2,85
262,291,179314,2,0,L|201:319,3,42.5
47,174,179914,5,0,0:0:0:0:
252,80,180034,1,0,0:0:0:0:
350,261,180154,1,0,0:0:0:0:
47,174,180274,1,0,0:0:0:0:
101,322,180514,6,0,P|143:272|190:234,2,85
270,217,181114,2,0,L|312:244,1,42.5
455,258,181474,1,0,0:0:0:0:
372,119,181594,1,0,0:0:0:0:
133,157,181834,5,0,0:0:0:0:
60,300,181954,1,0,0:0:0:0:
133,157,182074,1,0,0:0:0:0:
60,300,182194,1,0,0:0:0:0:
350,308,182434,6,0,P|347:244|330:201,3,85
220,93,183394,5,0,0:0:0:0:
70,245,183634,1,0,0:0:0:0:
220,93,183874,1,0,0:0:0:0:
70,245,184114,1,0,0:0:0:0:
220,93,184354,1,0,0:0:0:0:
