osu file format v14

[General]
AudioFilename: audio.mp3
AudioLeadIn: 0
PreviewTime: 34093
Countdown: 0
SampleSet: Soft
StackLeniency: 0.7
Mode: 0
LetterboxInBreaks: 0
WidescreenStoryboard: 1

[Editor]
Bookmarks: 35456,46953,62566,85755,86997
DistanceSpacing: 0.2
BeatDivisor: 4
GridSize: 4
TimelineZoom: 2.599999

[Metadata]
Title:aiue feat. Minami, SAKURAmoti (TV Size)
TitleUnicode:アイウエ feat. 美波, SAKURAmoti
Artist:MAISONdes
ArtistUnicode:MAISONdes
Creator:Sweets
Version:onegai's ex
Source:うる星やつら
Tags:urusei yatsura pop jpop op opening japanese anime imwater kyairie murada itscactus bigdata onegaimao baack 
BeatmapID:3890450
BeatmapSetID:1869947

[Difficulty]
HPDrainRate:5.2
CircleSize:3.5
OverallDifficulty:8.8
ApproachRate:9
SliderMultiplier:1.92
SliderTickRate:1

[Events]
//Background and Video events
0,0,"6e082fee7c9efa603129b1aa93f4f1375b85ebff_waifu2x_art_noise1_scale_tta_1_waifu2x_art_noise1_scale_tta_1 (1).png",0,0
Video,0,"Vidio.m4v"
//Break Periods
//Storyboard Layer 0 (Background)
//Storyboard Layer 1 (Fail)
//Storyboard Layer 2 (Pass)
//Storyboard Layer 3 (Foreground)
//Storyboard Layer 4 (Overlay)
//Storyboard Sound Samples

[TimingPoints]
770,359.281437125748,4,2,1,72,1,0
770,-58.8235294117647,4,2,1,72,0,0
1129,-133.333333333333,4,2,1,72,0,0
1667,-133.333333333333,4,2,1,5,0,0
1758,-133.333333333333,4,2,1,72,0,0
2925,-90.9090909090909,4,2,1,72,0,0
3104,-90.9090909090909,4,2,1,72,0,0
3195,-133.333333333333,4,2,1,72,0,0
3644,-76.9230769230769,4,2,1,72,0,0
4003,-133.333333333333,4,2,1,72,0,0
4362,-133.333333333333,4,2,1,72,0,0
5081,-83.3333333333333,4,2,1,72,0,0
5799,-111.111111111111,4,2,1,72,0,0
6159,-111.111111111111,4,2,1,72,0,0
6518,-58.8235294117647,4,2,1,72,0,0
6787,-100,4,2,1,72,0,0
7506,-100,4,2,1,72,0,0
8674,-181.818181818181,4,2,1,72,0,0
8943,-181.818181818181,4,2,1,72,0,0
9392,-58.8235294117647,4,2,1,72,0,0
9752,-100,4,2,1,72,0,0
10559,-100,4,2,1,72,0,0
10650,-100,4,2,1,72,0,0
10829,-111.111111111111,4,2,1,72,0,0
11548,-100,4,2,1,72,0,0
11638,-100,4,2,1,5,0,0
11728,-100,4,2,1,72,0,0
11817,-111.111111111111,4,2,1,5,0,0
11907,-111.111111111111,4,2,1,72,0,0
12267,-111.111111111111,4,2,1,60,0,0
12985,-90.9090909090908,4,2,1,60,0,0
13434,-90.9090909090908,4,2,1,5,0,0
13524,-90.9090909090908,4,2,1,60,0,0
13704,-133.333333333333,4,2,1,60,0,0
14332,-133.333333333333,4,2,1,5,0,0
14422,-133.333333333333,4,2,1,60,0,0
15320,-133.333333333333,4,2,1,5,0,0
15680,-133.333333333333,4,2,1,60,0,0
16667,-133.333333333333,4,2,1,5,0,0
16758,-133.333333333333,4,2,1,60,0,0
17656,-83.3333333333333,4,2,1,60,0,0
18734,-111.111111111111,4,2,1,60,0,0
18913,-111.111111111111,4,2,1,5,0,0
19272,-71.4285714285714,4,2,1,60,0,0
19722,-133.333333333333,4,2,1,60,0,0
20889,-76.9230769230769,4,2,1,60,0,0
21159,-111.111111111111,4,2,1,60,0,0
23045,-166.666666666666,4,2,1,60,0,0
23314,-166.666666666666,4,2,1,5,0,0
23404,-83.3333333333333,4,2,1,60,0,0
23673,-83.3333333333333,4,2,1,5,0,0
23764,-58.8235294117647,4,2,1,66,0,0
24033,-58.8235294117647,4,2,1,5,0,0
24123,-100,4,2,1,66,0,0
24482,-76.9230769230769,4,2,1,66,0,0
24751,-76.9230769230769,4,2,1,5,0,0
24841,-133.333333333333,4,2,1,66,0,0
25919,-71.4285714285714,4,2,1,66,0,0
26278,-117.647058823529,4,2,1,66,0,0
26817,-117.647058823529,4,2,1,5,0,0
26907,-117.647058823529,4,2,1,66,0,0
28075,-83.3333333333333,4,2,1,66,0,0
28793,-66.6666666666667,4,2,1,66,0,0
29153,-100,4,2,1,66,0,0
31668,-83.3333333333333,4,2,1,66,0,0
32475,-83.3333333333333,4,2,1,5,0,0
32566,-100,4,2,1,66,0,0
34542,-142.857142857143,4,2,1,66,0,0
35261,-55.5555555555556,4,2,2,78,0,0
37057,-100,4,2,2,78,0,0
37237,-62.5,4,2,2,78,0,0
37775,-100,4,2,2,78,0,0
38135,-66.6666666666667,4,2,2,78,0,0
38942,-66.6666666666667,4,2,2,5,0,0
39033,-66.6666666666667,4,2,2,78,0,0
40111,-100,4,2,2,78,0,0
40290,-76.9230769230769,4,2,2,78,0,0
40379,-76.9230769230769,4,2,2,5,0,0
40470,-76.9230769230769,4,2,2,78,0,0
40829,-76.9230769230769,4,2,2,78,0,0
42087,-58.8235294117647,4,2,2,78,0,0
43433,-58.8235294117647,4,2,2,5,0,0
43524,-58.8235294117647,4,2,2,78,0,0
44062,-58.8235294117647,4,2,2,5,0,0
44153,-58.8235294117647,4,2,2,78,0,0
44332,-58.8235294117647,4,2,2,5,0,0
44422,-58.8235294117647,4,2,2,78,0,0
44602,-71.4285714285714,4,2,2,78,0,0
45231,-58.8235294117647,4,2,2,78,0,0
45590,-76.9230769230769,4,2,2,78,0,0
46578,-133.333333333333,4,2,2,78,0,0
46758,-66.6666666666667,4,2,2,78,0,0
47296,-83.3333333333333,4,2,2,78,0,0
48105,-58.8235294117647,4,2,2,78,0,0
48734,-71.4285714285714,4,2,2,78,0,0
51158,-71.4285714285714,4,2,2,5,0,0
51249,-71.4285714285714,4,2,2,78,0,0
52865,-100,4,2,2,78,0,0
54302,-181.818181818181,4,2,2,78,0,0
54572,-66.6666666666667,4,2,2,78,0,0
55021,-76.9230769230769,4,2,2,78,0,0
55290,-76.9230769230769,4,2,2,5,0,0
55380,-58.8235294117647,4,2,2,78,0,0
55919,-76.9230769230769,4,2,2,78,0,0
56278,-66.6666666666667,4,2,2,78,0,0
57625,-66.6666666666667,4,2,2,5,0,0
57716,-66.6666666666667,4,2,2,78,0,0
57984,-66.6666666666667,4,2,2,5,0,0
58075,-66.6666666666667,4,2,2,78,0,0
58703,-66.6666666666667,4,2,2,5,0,0
58793,-66.6666666666667,4,2,2,78,0,0
59062,-66.6666666666667,4,2,2,5,0,0
59153,-66.6666666666667,4,2,2,78,0,0
60679,-66.6666666666667,4,2,2,5,0,0
60769,-66.6666666666667,4,2,2,78,0,0
61129,-100,4,2,2,78,0,0
61757,-100,4,2,2,5,0,0
61847,-100,4,2,2,60,0,0
62566,-55.5555555555556,4,2,2,72,0,0
63194,-55.5555555555556,4,2,2,5,0,0
63284,-100,4,2,2,72,0,0
63373,-100,4,2,2,5,0,0
63464,-100,4,2,2,72,0,0
64003,-66.6666666666667,4,2,2,72,0,0
64722,-55.5555555555556,4,2,2,72,0,0
65081,-100,4,2,2,72,0,0
65261,-66.6666666666667,4,2,2,72,0,0
65529,-66.6666666666667,4,2,2,5,0,0
65620,-66.6666666666667,4,2,2,72,0,0
65709,-66.6666666666667,4,2,2,5,0,0
65799,-66.6666666666667,4,2,2,72,0,0
65888,-66.6666666666667,4,2,2,5,0,0
65979,-66.6666666666667,4,2,2,72,0,0
66159,-55.5555555555556,4,2,2,72,0,0
67326,-55.5555555555556,4,2,2,5,0,0
67416,-55.5555555555556,4,2,2,72,0,0
68674,-100,4,2,2,72,0,0
69033,-66.6666666666667,4,2,2,72,0,0
69481,-66.6666666666667,4,2,2,5,0,0
69572,-66.6666666666667,4,2,2,72,0,0
70470,-55.5555555555556,4,2,2,72,0,0
70739,-55.5555555555556,4,2,2,5,0,0
70829,-133.333333333333,4,2,2,72,0,0
72985,-66.6666666666667,4,2,2,72,0,0
73433,-66.6666666666667,4,2,2,5,0,0
73524,-66.6666666666667,4,2,2,72,0,0
74063,-55.5555555555556,4,2,2,75,0,0
74691,-55.5555555555556,4,2,2,5,0,0
74781,-55.5555555555556,4,2,2,75,0,0
75320,-100,4,2,2,75,0,0
75409,-100,4,2,2,5,0,0
75500,-66.6666666666667,4,2,2,75,0,0
76758,-100,4,2,2,75,0,0
76847,-100,4,2,2,5,0,0
76937,-58.8235294117647,4,2,2,75,0,0
77656,-100,4,2,2,75,0,0
78374,-66.6666666666667,4,2,2,75,0,0
79632,-55.5555555555556,4,2,2,75,0,0
81249,-66.6666666666667,4,2,2,75,0,0
81518,-66.6666666666667,4,2,2,5,0,0
81608,-66.6666666666667,4,2,2,75,0,0
82686,-83.3333333333333,4,2,2,75,0,0
83045,-66.6666666666667,4,2,2,75,0,0
83404,-66.6666666666667,4,2,2,75,0,0
83583,-66.6666666666667,4,2,2,5,0,0
83674,-66.6666666666667,4,2,2,75,0,0
85560,-133.333333333333,4,2,2,66,0,0
86638,-133.333333333333,4,2,1,60,0,0


[Colours]
Combo1 : 193,134,234
Combo2 : 56,183,197

[HitObjects]
383,29,770,6,0,P|489:37|415:117,1,244.80000466919,6|0,3:2|1:0,0:0:0:0:
431,118,1129,6,0,P|379:128|361:164,1,72.0000027465821,2|0,3:2|1:0,0:0:0:0:
287,126,1488,2,0,P|270:175|292:209,1,72.0000027465821,2|0,3:2|0:0,0:0:0:0:
281,203,1758,1,2,1:2:0:0:
281,203,1847,1,0,3:0:0:0:
386,236,2027,1,2,1:2:0:0:
210,258,2207,6,0,P|244:297|284:294,1,72.0000027465821,0|2,3:2|1:2,0:0:0:0:
314,368,2566,2,0,P|365:357|383:321,1,72.0000027465821,2|2,3:2|1:2,0:0:0:0:
490,280,2925,6,0,L|378:244,1,105.600003222656,2|0,3:2|1:0,0:0:0:0:
382,232,3195,1,0,1:0:0:0:
386,239,3284,2,0,L|486:271,1,72.0000027465821,0|0,3:0|1:0,0:0:0:0:
200,333,3644,6,0,B|142:351|142:351|138:350|138:350|67:370|67:370|55:353|28:343,1,187.199991430664,2|0,3:2|1:0,0:0:0:0:
16,339,4003,2,0,P|-8:306|9:255,1,72.0000027465821,2|0,3:2|1:0,0:0:0:0:
156,151,4362,2,0,P|160:192|173:233,1,72.0000027465821,2|0,3:2|0:0,0:0:0:0:
165,228,4632,1,2,1:2:0:0:
162,230,4722,1,0,3:0:0:0:
55,183,4901,1,2,1:2:0:0:
244,101,5081,6,0,P|222:38|162:36,1,115.199996484375,2|2,3:2|1:2,0:0:0:0:
176,33,5350,1,0,1:2:0:0:
173,27,5440,1,2,3:2:0:0:
38,94,5620,2,0,P|51:56|86:55,1,57.5999982421876,2|0,1:2|0:0,0:0:0:0:
242,107,5799,6,0,P|294:119|353:138,1,86.3999973632813,2|0,3:2|1:0,0:0:0:0:
454,31,6159,2,0,P|401:18|343:0,1,86.3999973632813,2|0,3:2|1:0,0:0:0:0:
312,216,6518,6,0,B|357:224|372:265|372:265|367:220|400:187,1,163.200003112793,6|0,3:2|1:0,0:0:0:0:
410,185,6787,5,0,1:0:0:0:
411,180,6877,2,0,P|456:174|503:208,1,96,2|0,3:2|1:2,0:0:0:0:
410,371,7237,2,0,P|365:377|318:343,1,96,2|0,3:2|1:0,0:0:0:0:
322,346,7506,1,2,1:2:0:0:
317,346,7596,1,0,3:2:0:0:
191,240,7775,1,2,1:2:0:0:
99,365,7955,6,0,P|89:316|70:249,1,96,2|0,3:2|1:2,0:0:0:0:
193,104,8314,1,2,3:2:0:0:
121,165,8494,1,2,1:2:0:0:
23,134,8674,6,0,L|11:79,1,52.8000016113282,2|2,3:2|1:2,0:0:0:0:
13,80,8943,1,0,1:2:0:0:
14,77,9033,1,0,3:2:0:0:
95,27,9213,1,0,1:2:0:0:
300,84,9392,6,0,B|344:99|373:59|369:52|379:5|452:25,1,163.200003112793,2|0,3:2|3:2,0:0:0:0:
474,99,9662,1,0,0:0:0:0:
467,104,9752,2,0,P|400:100|377:50,1,96,2|0,3:2|3:2,0:0:0:0:
194,0,10111,5,2,3:2:0:0:
204,21,10201,1,0,3:2:0:0:
211,43,10290,1,0,3:2:0:0:
214,66,10380,1,2,3:2:0:0:
217,90,10470,6,0,P|211:113|203:155,1,48,0|0,3:2|3:2,0:0:0:0:
284,263,10650,1,2,3:2:0:0:
281,259,10740,1,0,3:2:0:0:
281,259,10829,6,0,P|288:231|304:167,1,86.3999973632813,0|2,3:2|1:2,0:0:0:0:
145,332,11189,2,0,P|152:304|169:237,1,86.3999973632813,2|2,0:2|1:2,0:0:0:0:
30,359,11548,6,0,P|20:334|5:306,1,48,2|0,0:0|0:0,0:0:0:0:
62,247,11728,2,0,P|52:222|37:194,1,48,2|0,0:0|0:0,0:0:0:0:
45,195,11907,1,2,3:2:0:0:
237,347,12267,6,0,P|339:353|419:397,1,172.799994726563,6|0,3:2|0:0,0:0:0:0:
419,180,12805,5,2,3:2:0:0:
423,190,12985,2,0,B|498:133|565:226|511:298|462:272|462:270|419:251|389:311,1,264.000008056641,10|0,0:0|0:0,0:0:0:0:
401,301,13524,1,2,3:2:0:0:
257,190,13704,6,0,P|234:165|247:108,1,72.0000027465821,2|0,3:2|0:0,0:0:0:0:
266,187,13973,2,0,P|243:162|256:105,1,72.0000027465821,2|0,3:2|0:0,0:0:0:0:
289,11,14243,2,0,L|303:57,1,36.0000013732911,2|0,3:2|0:0,0:0:0:0:
477,88,14422,6,0,P|399:105|329:151,1,144.000005493164,8|2,0:0|3:2,0:0:0:0:
197,32,14961,1,2,0:0:0:0:
161,110,15141,2,0,P|129:127|93:130,1,72.0000027465821,2|0,3:2|0:0,0:0:0:0:
198,25,15680,5,2,3:2:0:0:
160,103,15859,2,0,P|128:120|89:122,1,72.0000027465821,8|2,0:0|0:0,0:0:0:0:
7,179,16219,1,0,0:0:0:0:
185,312,16398,6,0,P|144:285|76:268,1,108.000004119873,2|0,3:2|0:0,0:0:0:0:
86,264,16758,1,2,0:0:0:0:
86,260,16847,1,0,3:0:0:0:
87,256,16937,1,2,0:0:0:0:
187,188,17117,1,2,3:2:0:0:
329,317,17296,2,0,P|311:348|301:382,1,72.0000027465821,10|0,0:0|0:0,0:0:0:0:
270,216,17656,6,0,P|311:137|336:53,1,172.799994726563,2|0,3:0|0:0,0:0:0:0:
423,3,18015,1,2,3:2:0:0:
386,208,18554,5,2,3:2:0:0:
200,154,18734,2,0,P|202:106|243:67,1,86.3999973632813,10|0,0:0|0:0,0:0:0:0:
100,226,19272,5,2,3:2:0:0:
119,242,19362,1,0,3:0:0:0:
122,268,19452,2,0,P|45:311|25:365,1,134.399995898438,2|0,3:2|0:0,0:0:0:0:
17,356,19722,2,0,P|22:332|57:289,1,72.0000027465821,2|0,3:2|0:0,0:0:0:0:
93,133,19991,5,2,3:2:0:0:
36,67,20171,2,0,P|34:31|3:1,1,72.0000027465821,8|2,0:0|0:0,0:0:0:0:
140,26,20530,1,2,0:0:0:0:
138,32,20710,1,2,3:2:0:0:
241,137,20889,6,0,P|300:116|370:101,1,124.79999428711,2|0,3:2|0:0,0:0:0:0:
430,49,21159,2,0,B|464:77|464:77|443:122,1,86.3999973632813,2|0,0:0|0:0,0:0:0:0:
443,125,21428,1,2,3:2:0:0:
286,25,21608,1,8,0:0:0:0:
288,34,21787,1,2,0:0:0:0:
343,245,21967,6,0,P|358:291|365:341,1,86.3999973632813,2|2,0:0|3:2,0:0:0:0:
465,332,22237,1,0,3:0:0:0:
466,327,22326,2,0,P|442:256|429:183,2,129.599996044922,2|2|2,3:2|3:2|3:2,0:0:0:0:
277,369,23045,6,0,P|229:370|196:334,1,86.3999973632813,10|0,0:0|0:0,0:0:0:0:
200,340,23404,6,0,P|115:266|44:288,1,172.799994726563,2|0,3:2|0:0,0:0:0:0:
35,357,23764,6,0,P|103:353|75:202,1,244.80000466919,6|0,3:2|0:0,0:0:0:0:
72,135,24123,2,0,P|42:142|15:203,1,96,0|2,3:2|0:0,0:0:0:0:
317,33,24482,6,0,B|434:71|434:71|395:93|366:133,1,187.199991430664,2|0,3:2|0:0,0:0:0:0:
377,122,24841,1,0,3:2:0:0:
470,163,25021,1,2,0:0:0:0:
339,309,25201,2,0,P|349:350|356:386,1,72.0000027465821,2|0,3:2|0:0,0:0:0:0:
357,381,25470,1,2,0:0:0:0:
360,380,25560,1,0,3:2:0:0:
466,315,25740,1,2,0:0:0:0:
314,206,25919,6,0,B|267:197|251:238|260:246|240:281|192:264,1,134.399995898438,0|2,3:2|0:0,0:0:0:0:
201,263,26189,1,0,0:0:0:0:
199,259,26278,1,0,3:2:0:0:
95,362,26458,1,2,0:0:0:0:
17,187,26638,6,0,P|-5:132|16:90,1,81.6000015563965,2|0,3:2|0:0,0:0:0:0:
2,110,26907,1,2,0:0:0:0:
5,107,26997,1,0,3:2:0:0:
195,164,27177,1,2,0:0:0:0:
109,271,27356,5,0,3:2:0:0:
114,263,27536,2,0,P|118:210|90:166,1,81.6000015563965,2|0,0:0|3:2,0:0:0:0:
249,1,27895,1,2,0:0:0:0:
144,24,28075,6,0,B|135:50|165:80|165:80|224:66|277:117,1,172.799994726563,2|2,3:2|0:0,0:0:0:0:
271,116,28434,1,0,3:2:0:0:
477,12,28614,1,2,0:0:0:0:
283,210,28793,6,0,P|379:181|374:81,1,216.000008239746,0|0,3:2|0:0,0:0:0:0:
369,76,29153,2,0,P|397:117|451:114,1,96,8|4,3:0|0:3,0:0:0:0:
501,195,29422,5,4,0:3:0:0:
500,205,29512,1,6,3:2:0:0:
467,356,29692,1,0,3:2:0:0:
320,312,29871,1,0,3:2:0:0:
281,201,30051,1,2,3:2:0:0:
24,369,30231,6,0,P|69:353|116:343,1,96,2|0,3:2|3:2,0:0:0:0:
123,336,30500,1,0,0:0:0:0:
119,327,30590,1,0,3:2:0:0:
186,231,30769,1,2,3:2:0:0:
140,19,30949,5,2,3:2:0:0:
24,119,31129,1,0,3:2:0:0:
292,81,31308,1,0,3:2:0:0:
298,67,31398,1,0,3:2:0:0:
292,53,31488,1,2,3:2:0:0:
191,236,31668,6,0,L|226:362,1,115.199996484375,2|0,3:2|3:2,0:0:0:0:
297,383,31937,5,2,3:2:0:0:
297,383,32027,2,0,P|328:362|334:324,1,57.5999982421876,0|0,3:2|3:2,0:0:0:0:
405,195,32207,2,0,P|371:178|335:192,1,57.5999982421876,2|0,3:2|3:2,0:0:0:0:
422,333,32386,6,0,P|419:295|389:271,1,57.5999982421876,6|0,3:2|0:0,0:0:0:0:
246,149,32566,1,0,0:0:0:0:
158,94,32746,1,0,0:0:0:0:
213,12,32925,1,0,0:0:0:0:
494,92,33105,5,2,3:2:0:0:
491,88,33195,1,0,3:2:0:0:
487,84,33284,2,0,L|424:98,1,48,0|0,3:2|3:2,0:0:0:0:
320,88,33464,1,2,3:2:0:0:
318,41,33553,1,0,3:2:0:0:
349,6,33643,1,0,3:2:0:0:
396,3,33733,1,0,3:2:0:0:
398,13,33823,1,0,3:2:0:0:
103,347,34542,6,0,B|108:276|157:298|176:235,1,134.399995898438
159,54,35261,6,0,P|75:70|92:155,1,172.799994726563,6|0,3:2|0:0,0:0:0:0:
83,149,35530,1,2,0:0:0:0:
88,155,35620,1,8,0:0:0:0:
195,352,35799,5,2,0:0:0:0:
13,227,35979,1,0,3:0:0:0:
201,339,36159,2,0,P|107:340|41:393,2,172.799994726563,2|8|2,0:0|0:0|0:0,0:0:0:0:
269,281,36608,5,0,0:0:0:0:
270,271,36698,2,0,B|396:230|356:177|500:145,1,259.199992089844,2|2,3:2|0:0,0:0:0:0:
491,137,37057,2,0,B|501:109|501:109|479:81,1,48,8|0,0:0|0:0,0:0:0:0:
296,68,37237,5,2,0:0:0:0:
293,61,37326,1,0,0:0:0:0:
289,54,37416,2,0,B|315:-33|404:-39|435:16|415:77|359:74,1,230.4,0|0,3:0|0:0,0:0:0:0:
235,126,37775,6,0,P|204:92|207:46,1,96,8|2,0:0|0:0,0:0:0:0:
350,175,38135,6,0,P|394:233|417:320,1,144.000005493164,2|2,3:2|0:0,0:0:0:0:
468,366,38404,1,0,0:0:0:0:
474,371,38494,2,0,P|502:346|496:297,1,72.0000027465821,10|0,0:0|0:0,0:0:0:0:
450,158,38674,5,2,0:0:0:0:
453,164,38764,1,0,0:0:0:0:
458,168,38853,2,0,P|469:132|491:103,1,72.0000027465821,0|0,3:0|0:0,0:0:0:0:
264,292,39033,1,2,0:0:0:0:
319,84,39213,1,10,0:0:0:0:
511,231,39392,1,2,0:0:0:0:
401,43,39572,5,2,3:2:0:0:
208,216,39752,1,2,0:0:0:0:
222,191,39841,1,0,0:0:0:0:
250,191,39931,1,10,0:0:0:0:
350,175,40111,6,0,P|343:200|335:231,1,48,2|0,0:0|0:0,0:0:0:0:
148,377,40290,2,0,P|130:356|132:317,1,62.3999971435548,0|0,3:2|0:0,0:0:0:0:
222,303,40470,2,0,B|291:313|275:347|341:361,1,124.79999428711,2|8,0:0|0:0,0:0:0:0:
193,33,40829,5,2,0:0:0:0:
187,29,40919,1,0,0:0:0:0:
187,34,41009,2,0,P|141:75|81:89,1,124.79999428711,2|0,3:2|0:0,0:0:0:0:
25,149,41278,1,2,0:0:0:0:
20,144,41368,2,0,P|-2:106|23:62,1,62.3999971435548,8|0,0:0|0:0,0:0:0:0:
294,0,41548,6,0,P|321:52|278:91,1,124.79999428711,2|0,0:0|3:0,0:0:0:0:
29,10,41907,1,2,0:0:0:0:
127,167,42087,2,0,B|143:231|96:252|92:247|57:270|63:338,1,163.200003112793,8|2,0:0|0:0,0:0:0:0:
5,373,42356,5,2,0:0:0:0:
1,364,42446,2,0,P|59:308|158:325,1,163.200003112793,2|0,3:2|0:0,0:0:0:0:
199,373,42716,1,2,0:0:0:0:
204,368,42805,2,0,P|223:345|191:270,1,81.6000015563965,8|0,0:0|0:0,0:0:0:0:
124,158,42985,2,0,P|125:238|207:275,1,163.200003112793,2|0,0:0|3:0,0:0:0:0:
468,136,43344,6,0,P|467:184|417:207,1,81.6000015563965,2|0,0:0|0:0,0:0:0:0:
366,288,43524,2,0,B|280:246|321:218|213:196,1,163.200003112793,8|2,0:0|0:0,0:0:0:0:
361,107,43883,6,0,P|437:116|507:54,1,163.200003112793,2|0,3:2|0:0,0:0:0:0:
449,6,44153,1,2,0:0:0:0:
442,2,44243,2,0,P|396:3|361:43,1,81.6000015563965,8|0,0:0|0:0,0:0:0:0:
222,207,44422,1,2,0:0:0:0:
277,4,44602,2,0,B|293:68|232:71|251:150,1,134.399995898438,0|0,3:0|0:0,0:0:0:0:
286,307,44961,2,0,P|339:264|302:181,1,134.399995898438,8|2,0:0|0:0,0:0:0:0:
159,140,45231,5,0,0:0:0:0:
156,148,45320,2,0,B|119:160|119:160|99:195|99:195|6:230,1,163.200003112793,2|0,3:2|0:0,0:0:0:0:
0,114,45590,1,2,0:0:0:0:
0,114,45680,2,0,L|73:91,1,62.3999971435548,8|0,0:0|0:0,0:0:0:0:
135,359,45859,6,0,P|76:337|16:319,1,124.79999428711,2|0,0:0|3:0,0:0:0:0:
191,296,46219,1,2,0:0:0:0:
196,293,46308,1,0,0:0:0:0:
202,292,46398,2,0,P|231:282|261:272,1,62.3999971435548,8|0,0:0|0:0,0:0:0:0:
108,219,46578,2,0,P|115:240|124:267,1,36.0000013732911,10|0,0:0|0:0,0:0:0:0:
347,342,46758,6,0,B|392:420|492:383|473:284|401:290,1,216.000008239746,6|2,3:2|0:0,0:0:0:0:
407,289,47117,1,8,0:0:0:0:
304,142,47296,1,2,0:0:0:0:
306,150,47386,1,0,0:0:0:0:
307,158,47476,2,0,P|317:190|326:230,1,57.5999982421876,0|0,3:0|0:0,0:0:0:0:
508,130,47656,1,2,0:0:0:0:
369,0,47835,2,0,P|381:56|399:110,1,115.199996484375,8|2,0:0|0:0,0:0:0:0:
487,209,48105,5,0,0:0:0:0:
487,209,48195,2,0,B|417:222|382:156|389:147|358:77|254:114,1,244.80000466919,2|2,3:2|0:0,0:0:0:0:
196,130,48554,2,0,P|173:110|209:64,1,81.6000015563965,8|0,0:0|0:0,0:0:0:0:
258,260,48734,6,0,P|265:325|217:368,1,134.399995898438,2|0,0:0|3:0,0:0:0:0:
133,339,49003,1,0,0:0:0:0:
131,332,49093,2,0,P|100:304|56:304,1,67.1999979492188,2|0,0:0|0:0,0:0:0:0:
5,250,49272,2,0,B|-1:217|-1:217|15:253,1,67.1999979492188,8|0,0:0|0:0,0:0:0:0:
5,359,49452,1,2,0:0:0:0:
77,133,49632,6,0,P|99:69|122:-28,1,134.399995898438,2|2,3:2|0:0,0:0:0:0:
149,208,49991,1,10,0:0:0:0:
6,25,50171,5,2,0:0:0:0:
12,35,50261,2,0,B|121:52|78:107|194:133,1,201.599993847656,2|2,0:0|0:0,0:0:0:0:
430,32,50710,5,10,0:0:0:0:
310,237,50889,1,2,0:0:0:0:
309,16,51069,6,0,P|321:56|334:100,1,67.1999979492188,2|0,3:2|0:0,0:0:0:0:
456,160,51249,1,2,0:0:0:0:
426,41,51428,1,10,0:0:0:0:
228,234,51608,5,2,0:0:0:0:
226,227,51698,1,0,0:0:0:0:
226,220,51787,2,0,P|278:158|340:165,1,134.399995898438,0|2,3:0|0:0,0:0:0:0:
174,348,52147,1,10,0:0:0:0:
342,362,52326,5,2,0:0:0:0:
342,355,52416,1,0,0:0:0:0:
343,349,52506,2,0,B|284:357|254:312|257:307|249:253|168:257,1,201.599993847656,2|0,3:2|0:0,0:0:0:0:
97,291,52865,2,0,B|55:263|55:263|95:220,1,96,8|0,0:0|0:0,0:0:0:0:
304,64,53225,5,0,3:0:0:0:
222,1,53404,1,0,0:0:0:0:
30,38,53584,6,0,B|26:23|4:13|4:13|29:39|41:98,1,96,10|0,0:0|0:0,0:0:0:0:
210,226,53943,1,2,3:2:0:0:
157,90,54123,1,0,0:0:0:0:
73,131,54302,6,0,P|49:142|23:143,1,52.8000016113282,10|0,0:0|0:0,0:0:0:0:
154,80,54572,5,0,0:0:0:0:
157,90,54662,2,0,B|228:68|251:133|245:140|275:187|340:178,1,216.000008239746,2|0,3:2|0:0,0:0:0:0:
429,67,55021,2,0,B|435:42|463:24|498:23|498:23|466:9|430:20|418:65,1,187.199991430664,10|0,0:0|0:0,0:0:0:0:
296,22,55380,6,0,P|372:158|395:269,1,244.80000466919,2|0,3:2|0:0,0:0:0:0:
390,251,55740,1,8,0:0:0:0:
234,370,55919,6,0,P|244:300|309:285,1,124.79999428711,0|0,0:0|3:0,0:0:0:0:
493,228,56278,1,0,0:0:0:0:
493,233,56368,1,0,0:0:0:0:
494,238,56458,2,0,B|416:274|462:299|366:346,1,144.000005493164,8|2,0:0|0:0,0:0:0:0:
153,129,56817,6,0,B|24:90|24:90|70:119|72:169,1,216.000008239746,2|0,3:2|0:0,0:0:0:0:
69,160,57177,1,8,0:0:0:0:
52,381,57356,6,0,B|43:353|43:353|144:242|144:242|133:208,1,216.000008239746,2|0,0:0|0:0,0:0:0:0:
222,80,57716,2,0,B|243:110|243:110|227:162,1,72.0000027465821,2|0,3:2|0:0,0:0:0:0:
158,310,57895,2,0,L|77:277,1,72.0000027465821,10|0,0:0|0:0,0:0:0:0:
84,277,58075,1,2,3:2:0:0:
82,8,58255,6,0,P|14:32|33:94,1,144.000005493164,6|2,3:2|0:0,0:0:0:0:
37,98,58524,1,2,0:0:0:0:
39,106,58614,2,0,P|93:93|105:48,1,72.0000027465821,10|0,0:0|0:0,0:0:0:0:
277,8,58793,5,0,0:0:0:0:
283,20,58883,1,2,0:0:0:0:
289,32,58973,2,0,P|327:41|359:50,1,72.0000027465821,2|0,3:2|0:0,0:0:0:0:
494,231,59153,2,0,P|468:222|424:213,1,72.0000027465821,2|0,0:0|0:0,0:0:0:0:
420,0,59332,1,10,0:0:0:0:
338,267,59512,5,2,0:0:0:0:
343,261,59602,1,0,0:0:0:0:
346,254,59692,2,0,B|335:187|400:171|400:175|401:180|474:148|451:72,1,216.000008239746,4|0,3:2|0:0,0:0:0:0:
413,4,60051,6,0,P|351:40|402:114,1,144.000005493164,2|2,3:2|3:2,0:0:0:0:
424,347,60410,2,0,P|350:269|188:253,1,216.000008239746,2|0,3:2|0:0,0:0:0:0:
245,250,60769,2,0,P|348:277|421:354,1,216.000008239746,10|0,0:0|0:0,0:0:0:0:
505,332,61129,6,0,B|546:243|392:171|318:277|372:328|272:377,1,336,6|0,3:2|0:0,0:0:0:0:
286,368,61847,1,10,0:0:0:0:
281,365,61937,1,8,0:0:0:0:
276,362,62027,1,8,0:0:0:0:
141,121,62207,5,8,0:0:0:0:
142,125,62296,1,8,0:0:0:0:
143,129,62386,2,0,P|151:164|159:195,1,48,8|8,0:0|0:0,0:0:0:0:
102,351,62566,6,0,B|156:376|207:359|236:294|215:243|215:243|216:278|193:303,1,259.199992089844,6|0,3:2|0:0,0:0:0:0:
286,368,62925,2,0,P|131:257|21:247,1,259.199992089844,10|0,0:0|0:0,0:0:0:0:
59,254,63284,2,0,P|87:258|130:269,1,48,2|0,3:2|0:0,0:0:0:0:
275,103,63464,1,0,0:0:0:0:
279,101,63554,1,2,0:0:0:0:
283,99,63644,1,8,0:0:0:0:
197,11,63823,1,2,0:0:0:0:
57,90,64003,6,0,P|44:57|32:10,1,72.0000027465821,0|0,3:0|0:0,0:0:0:0:
8,159,64183,1,2,0:0:0:0:
181,108,64362,6,0,P|194:141|206:188,1,72.0000027465821,10|0,0:0|0:0,0:0:0:0:
283,15,64542,1,2,0:0:0:0:
60,98,64722,6,0,B|184:110|152:183|300:208,1,259.199992089844,2|0,3:2|0:0,0:0:0:0:
290,199,65081,1,8,0:0:0:0:
509,58,65261,5,2,0:0:0:0:
508,53,65350,1,2,0:0:0:0:
505,47,65440,6,0,P|470:41|441:62,1,72.0000027465821,2|0,3:2|0:0,0:0:0:0:
369,219,65620,2,0,P|392:245|427:248,1,72.0000027465821,2|0,0:0|0:0,0:0:0:0:
368,76,65799,2,0,P|351:106|360:140,1,72.0000027465821,10|0,0:0|0:0,0:0:0:0:
368,143,65979,1,2,0:0:0:0:
512,312,66159,6,0,P|429:326|362:392,1,172.799994726563,2|2,3:2|0:0,0:0:0:0:
356,383,66428,1,2,0:0:0:0:
350,376,66518,1,8,0:0:0:0:
172,266,66698,6,0,P|203:295|245:302,1,86.3999973632813,2|0,0:0|0:0,0:0:0:0:
97,198,66877,2,0,P|154:259|133:339,1,172.799994726563,2|2,3:2|0:0,0:0:0:0:
62,372,67147,1,0,0:0:0:0:
53,373,67237,2,0,P|27:340|39:300,1,86.3999973632813,10|0,0:0|0:0,0:0:0:0:
293,109,67416,1,2,0:0:0:0:
91,18,67596,1,2,3:2:0:0:
92,28,67775,1,2,0:0:0:0:
0,207,67955,6,0,B|80:239|118:167|117:163|116:157|136:83|227:118,1,259.199992089844,10|0,0:0|0:0,0:0:0:0:
407,80,68314,6,0,B|355:-22|258:40|258:40|310:65|297:142,1,259.199992089844,6|0,3:2|0:0,0:0:0:0:
245,194,68674,2,0,P|212:155|228:107,1,96,10|0,0:0|0:0,0:0:0:0:
482,28,69033,6,0,P|499:94|454:147,1,144.000005493164,2|0,3:2|0:0,0:0:0:0:
379,222,69302,1,2,0:0:0:0:
384,217,69392,2,0,P|419:219|446:241,1,72.0000027465821,8|0,0:0|0:0,0:0:0:0:
255,353,69572,1,2,0:0:0:0:
359,160,69752,6,0,B|377:182|377:182|351:278|351:278|326:287,1,144.000005493164,0|2,3:0|0:0,0:0:0:0:
199,261,70111,2,0,B|217:283|217:283|191:379|191:379|166:388,1,144.000005493164,10|2,0:0|0:0,0:0:0:0:
38,243,70470,6,0,B|1:140|1:140|42:173|42:173|86:288,1,259.199992089844,2|0,3:2|0:0,0:0:0:0:
34,331,70829,2,0,P|13:295|26:261,1,72.0000027465821,8|2,0:0|0:0,0:0:0:0:
254,148,71189,5,2,3:2:0:0:
81,20,71368,1,2,0:0:0:0:
308,15,71548,1,10,0:0:0:0:
139,170,71728,1,2,0:0:0:0:
130,154,71817,1,2,0:0:0:0:
135,136,71907,1,2,3:2:0:0:
181,48,72087,6,0,L|200:96,1,36.0000013732911,2|0,0:0|0:0,0:0:0:0:
360,249,72267,1,10,0:0:0:0:
461,128,72446,1,2,0:0:0:0:
258,212,72626,2,0,B|247:195|247:195|275:136,1,72.0000027465821,2|2,3:2|0:0,0:0:0:0:
470,122,72985,6,0,P|481:32|393:68,1,216.000008239746,10|0,0:0|0:0,0:0:0:0:
326,87,73344,2,0,P|359:89|387:146,1,72.0000027465821,2|0,3:2|0:0,0:0:0:0:
436,355,73524,5,0,0:0:0:0:
438,361,73614,1,0,0:0:0:0:
442,366,73704,2,0,B|469:349|469:349|486:299,1,72.0000027465821,10|0,0:0|0:0,0:0:0:0:
504,233,73883,2,0,B|504:197|504:197|485:230,1,72.0000027465821
279,354,74063,6,0,B|206:260|99:286|99:286|123:257|164:271,1,259.199992089844,6|0,3:2|0:0,0:0:0:0:
243,211,74422,2,0,B|139:228|184:318|34:366,1,259.199992089844,10|0,0:0|0:0,0:0:0:0:
36,360,74781,1,2,3:2:0:0:
90,173,74961,5,0,0:0:0:0:
101,187,75051,1,2,0:0:0:0:
120,186,75141,1,8,0:0:0:0:
0,122,75320,2,0,P|-1:149|21:176,1,48,2|0,0:0|0:0,0:0:0:0:
245,128,75500,6,0,P|273:106|284:73,1,72.0000027465821,0|0,3:0|0:0,0:0:0:0:
360,48,75680,2,0,P|344:16|312:0,1,72.0000027465821,2|0,0:0|0:0,0:0:0:0:
172,47,75859,5,10,0:0:0:0:
365,186,76039,1,2,0:0:0:0:
173,56,76219,2,0,P|200:144|217:232,1,144.000005493164,2|2,3:2|0:0,0:0:0:0:
350,348,76578,5,10,0:0:0:0:
291,227,76758,2,0,P|277:271|268:315,1,48,2|0,0:0|0:0,0:0:0:0:
79,357,76937,6,0,P|51:311|139:261,1,163.200003112793,2|2,3:2|0:0,0:0:0:0:
109,381,77207,5,0,0:0:0:0:
101,375,77296,2,0,P|52:344|51:302,1,81.6000015563965,10|0,0:0|0:0,0:0:0:0:
189,308,77476,5,0,0:0:0:0:
0,133,77656,2,0,P|29:168|76:170,1,96,2|2,3:2|0:0,0:0:0:0:
187,4,78015,2,0,P|182:27|175:50,1,48,10|0,0:0|0:0,0:0:0:0:
264,24,78195,2,0,P|257:49|249:86,1,48,2|0,0:0|0:0,0:0:0:0:
86,87,78374,6,0,B|157:56|188:125|184:128|182:134|209:181|283:164,1,216.000008239746,2|0,3:2|0:0,0:0:0:0:
273,162,78734,1,10,0:0:0:0:
424,68,78913,6,0,B|442:17|504:15|504:15|475:-2|428:12|409:54,1,216.000008239746,2|0,0:0|0:0,0:0:0:0:
338,113,79272,2,0,B|321:80|284:77|284:77|317:67|338:77|348:103,1,144.000005493164,2|8,0:0|0:0,0:0:0:0:
450,352,79632,5,2,0:0:0:0:
457,347,79722,1,0,0:0:0:0:
464,343,79811,2,0,B|491:294|449:258|444:261|440:262|383:216|421:155|421:155|442:175|442:175|430:217,1,259.199992089844,6|0,3:2|0:0,0:0:0:0:
512,220,80171,1,10,0:0:0:0:
357,376,80350,6,0,B|279:270|156:301|156:301|134:244,1,259.199992089844,2|0,0:0|0:0,0:0:0:0:
109,201,80710,2,0,B|103:157|103:157|120:196,1,86.3999973632813,2|0,0:0|0:0,0:0:0:0:
61,292,80889,1,8,0:0:0:0:
210,182,81069,1,2,0:0:0:0:
20,26,81249,6,0,P|22:120|131:116,1,216.000008239746,2|0,3:2|0:0,0:0:0:0:
123,116,81608,1,8,0:0:0:0:
446,99,81787,6,0,P|444:193|335:189,1,216.000008239746,2|0,0:0|0:0,0:0:0:0:
336,183,82147,1,2,0:0:0:0:
333,168,82237,1,0,0:0:0:0:
331,153,82326,1,10,0:0:0:0:
168,38,82506,1,2,0:0:0:0:
308,289,82686,6,0,B|263:298|242:343|242:343|249:294|207:257,1,172.799994726563,2|0,3:2|0:0,0:0:0:0:
135,236,83045,2,0,B|149:192|110:137|110:137|159:187|208:175,1,216.000008239746,10|0,0:0|0:0,0:0:0:0:
160,333,83404,6,0,P|68:266|19:282,1,144.000005493164,2|0,3:2|0:0,0:0:0:0:
35,259,83674,1,0,0:0:0:0:
30,245,83764,1,10,0:0:0:0:
187,95,83943,1,0,0:0:0:0:
52,379,84123,6,0,P|165:294|307:289,1,288.000010986329,2|8,3:2|0:0,0:0:0:0:
472,24,84662,6,0,P|438:25|411:62,1,72.0000027465821,2|0,0:0|0:0,0:0:0:0:
277,159,84841,2,0,P|295:188|340:193,1,72.0000027465821,2|0,3:2|0:0,0:0:0:0:
331,27,85021,6,0,P|315:57|333:99,1,72.0000027465821,2|0,0:0|0:0,0:0:0:0:
384,261,85201,2,0,P|418:260|445:223,1,72.0000027465821,10|0,0:0|0:0,0:0:0:0:
237,74,85380,5,2,0:0:0:0:
486,173,85560,5,0,3:2:0:0:
325,91,85829,5,2,0:0:0:0:
323,97,85919,1,0,0:0:0:0:
237,74,86099,1,0,0:0:0:0:
155,52,86278,5,2,0:0:0:0:
8,14,86638,1,2,3:2:0:0:
