osu file format v14

[General]
AudioFilename: audio.mp3
AudioLeadIn: 0
PreviewTime: -1
Countdown: 0
SampleSet: Normal
StackLeniency: 0.7
Mode: 0
LetterboxInBreaks: 0
WidescreenStoryboard: 0

[Editor]
DistanceSpacing: 1.1
BeatDivisor: 4
GridSize: 8
TimelineZoom: 1.1

[Metadata]
Title:Anubis
TitleUnicode:Anubis
Artist:EnV
ArtistUnicode:EnV
Creator:RyuuST
Version:Insane Anubis
Source:
Tags:
BeatmapID:2466012
BeatmapSetID:1182841

[Difficulty]
HPDrainRate:6.5
CircleSize:4.2
OverallDifficulty:7
ApproachRate:9.3
SliderMultiplier:2
SliderTickRate:1

[Events]
//Background and Video events
0,0,"FL7nQc.jpg",0,0
//Break Periods
//Storyboard Layer 0 (Background)
//Storyboard Layer 1 (Fail)
//Storyboard Layer 2 (Pass)
//Storyboard Layer 3 (Foreground)
//Storyboard Layer 4 (Overlay)
//Storyboard Sound Samples

[TimingPoints]
117,468.75,4,1,0,60,1,0
30117,-100,4,2,0,60,0,1
45000,-40,4,1,0,60,0,0
45000,-100,4,1,0,60,0,0
55722,-50,4,1,0,60,0,0
56308,-100,4,2,0,60,0,1
116250,-100,4,1,0,60,0,0
131250,-100,4,1,0,60,0,0
146367,-100,4,2,0,60,0,1
161250,-66.6666666666667,4,3,1,60,0,0
179509,-50,4,3,1,60,0,0
180117,-100,4,2,1,60,0,1
240058,-100,4,1,1,60,0,0


[HitObjects]
86,326,117,5,0,0:0:0:0:
232,315,351,1,0,0:0:0:0:
86,326,585,1,0,0:0:0:0:
101,180,820,2,8,L|191:227,1,100
311,281,1289,1,0,0:0:0:0:
304,157,1523,2,8,P|287:121|227:102,1,100
281,31,1992,1,0,0:0:0:0:
249,228,2226,1,0,0:0:0:0:
281,31,2460,5,0,0:0:0:0:
190,125,2695,2,8,P|235:158|275:187,1,100
257,321,3164,1,0,0:0:0:0:
126,261,3398,2,8,P|98:209|100:159,1,100
148,57,3867,1,0,0:0:0:0:
365,109,4101,1,0,0:0:0:0:
148,57,4335,5,0,0:0:0:0:
288,215,4570,2,8,L|205:291,1,100
91,309,5039,1,0,0:0:0:0:
84,193,5273,2,0,L|87:66,1,100
224,52,5742,5,0,0:0:0:0:
233,228,5976,1,0,0:0:0:0:
224,52,6210,1,0,0:0:0:0:
322,91,6445,2,8,P|371:77|442:115,1,100
399,250,6914,5,0,0:0:0:0:
254,273,7148,2,8,L|127:276,1,100
102,203,7617,5,0,0:0:0:0:
230,46,7851,1,0,0:0:0:0:
102,203,8085,1,0,0:0:0:0:
224,247,8320,2,8,P|223:303|247:348,1,100
399,304,8789,5,0,0:0:0:0:
442,163,9023,2,8,P|408:113|362:105,1,100
265,43,9492,5,0,0:0:0:0:
399,168,9726,1,0,0:0:0:0:
265,43,9960,1,0,0:0:0:0:
225,184,10195,6,8,P|169:183|124:207,1,100
330,255,10664,1,0,0:0:0:0:
161,316,10898,2,8,P|203:265|249:264,1,100
397,294,11366,5,0,0:0:0:0:
152,232,11601,1,0,0:0:0:0:
397,294,11835,1,0,0:0:0:0:
407,146,12070,6,8,P|408:90|384:45,1,100
196,71,12539,1,0,0:0:0:0:
176,286,12773,2,8,P|128:234|153:185,1,100
233,101,13242,5,0,0:0:0:0:
375,227,13476,1,0,0:0:0:0:
233,101,13710,1,0,0:0:0:0:
108,174,13945,6,8,P|107:230|131:275,1,100
408,186,14413,2,8,P|407:242|391:290,1,100
153,125,14882,1,0,0:0:0:0:
238,286,15117,5,0,0:0:0:0:
153,125,15351,1,0,0:0:0:0:
245,286,15586,1,0,0:0:0:0:
410,181,15820,2,8,P|341:205|318:172,1,100
195,272,16289,1,0,0:0:0:0:
220,122,16523,2,8,P|285:133|311:159,1,100
426,229,16992,5,0,0:0:0:0:
286,48,17226,1,0,0:0:0:0:
426,229,17460,1,0,0:0:0:0:
278,247,17695,2,8,P|272:197|220:176,1,100
87,126,18164,1,0,0:0:0:0:
107,258,18398,2,8,P|165:294|163:342,1,100
311,164,18867,5,0,0:0:0:0:
258,336,19101,1,0,0:0:0:0:
311,164,19335,1,0,0:0:0:0:
139,186,19570,2,8,P|110:242|63:261,1,100
231,323,20039,1,0,0:0:0:0:
330,162,20273,2,8,P|398:167|421:195,1,100
323,235,20742,5,0,0:0:0:0:
114,299,20976,1,0,0:0:0:0:
323,235,21210,1,0,0:0:0:0:
249,93,21445,2,8,P|339:108|342:118,1,100
390,188,21914,1,0,0:0:0:0:
215,310,22148,2,8,P|292:307|310:286,1,100
424,202,22617,5,0,0:0:0:0:
304,50,22851,1,0,0:0:0:0:
424,202,23085,1,0,0:0:0:0:
279,327,23320,2,8,P|224:314|161:321,1,100
103,190,23789,1,0,0:0:0:0:
245,67,24023,2,8,P|210:135|184:143,1,100
93,292,24492,5,0,0:0:0:0:
263,171,24726,1,0,0:0:0:0:
93,292,24960,1,0,0:0:0:0:
262,315,25195,2,8,P|302:252|295:233,1,100
246,85,25664,1,0,0:0:0:0:
159,248,25898,2,8,P|91:220|74:183,1,100
182,75,26367,5,0,0:0:0:0:
312,196,26601,1,0,0:0:0:0:
182,75,26835,1,0,0:0:0:0:
407,69,27070,2,8,P|334:124|312:121,1,100
171,182,27539,1,0,0:0:0:0:
288,273,27773,2,8,P|288:239|325:174,1,100
333,51,28242,5,0,0:0:0:0:
170,168,28476,1,0,0:0:0:0:
333,51,28710,1,0,0:0:0:0:
189,281,28945,2,8,P|105:247|105:238,1,100
166,78,29414,1,0,0:0:0:0:
320,174,29648,2,8,P|311:243|281:255,1,100
120,229,30117,5,14,0:0:0:0:
170,90,30351,1,14,0:0:0:0:
262,240,30586,1,14,0:0:0:0:
309,109,30820,1,14,0:0:0:0:
420,239,31055,1,14,0:0:0:0:
409,102,31289,1,14,0:0:0:0:
266,255,31523,1,14,0:0:0:0:
221,122,31758,1,14,0:0:0:0:
142,253,31992,1,14,0:0:0:0:
230,308,32226,5,14,0:0:0:0:
91,188,32461,1,14,0:0:0:0:
237,93,32695,1,14,0:0:0:0:
376,210,32930,1,14,0:0:0:0:
231,293,33164,1,14,0:0:0:0:
113,193,33398,1,14,0:0:0:0:
236,84,33633,1,14,0:0:0:0:
386,205,33867,1,14,0:0:0:0:
318,293,34101,5,14,0:0:0:0:
195,218,34336,1,14,0:0:0:0:
359,139,34570,1,14,0:0:0:0:
235,75,34805,1,14,0:0:0:0:
102,174,35039,1,14,0:0:0:0:
231,237,35273,1,14,0:0:0:0:
100,295,35508,1,14,0:0:0:0:
276,322,35742,1,14,0:0:0:0:
387,251,35976,5,14,0:0:0:0:
384,163,36211,1,14,0:0:0:0:
282,160,36445,1,14,0:0:0:0:
280,271,36680,1,14,0:0:0:0:
179,274,36914,1,14,0:0:0:0:
183,176,37148,1,14,0:0:0:0:
98,187,37383,1,14,0:0:0:0:
109,302,37617,1,14,0:0:0:0:
197,240,37851,6,8,P|202:202|256:182,3,100
358,266,38789,1,0,0:0:0:0:
434,168,39023,1,0,0:0:0:0:
200,230,39257,2,8,P|241:182|275:176,1,100
351,95,39726,1,4,0:0:0:0:
351,95,39843,1,4,0:0:0:0:
351,95,39960,1,4,0:0:0:0:
100,261,40195,5,0,0:0:0:0:
222,299,40430,1,0,0:0:0:0:
256,154,40664,1,0,0:0:0:0:
359,147,40898,1,0,0:0:0:0:
400,282,41133,1,0,0:0:0:0:
229,283,41367,1,0,0:0:0:0:
104,156,41601,1,0,0:0:0:0:
212,109,41836,6,8,P|261:113|294:148,3,100
383,271,42773,1,0,0:0:0:0:
241,321,43008,1,0,0:0:0:0:
221,183,43242,1,0,0:0:0:0:
250,96,43476,2,8,P|312:127|341:145,1,100
287,194,43945,2,8,L|379:244,1,100
380,324,44414,1,0,0:0:0:0:
170,325,44648,1,0,0:0:0:0:
167,158,44882,1,0,0:0:0:0:
385,217,45117,6,8,L|351:98,1,100
134,122,46054,6,8,P|95:214|86:242,1,100
351,299,46991,6,8,L|470:265,1,100
340,66,47929,6,8,P|237:62|202:43,1,100
98,258,48867,6,8,L|166:343,1,100
416,252,49746,6,8,P|502:158|507:144,1,100
103,121,50683,2,8,L|205:54,1,100
320,208,51621,2,8,P|228:169|200:160,1,100
193,230,52617,2,8,P|228:169|281:120,1,100
167,235,55839,2,8,P|207:222|169:220,1,100
129,119,56308,1,14,0:0:0:0:
256,96,56835,2,8,P|323:142|334:165,3,100
271,338,57773,5,0,0:0:0:0:
228,192,58007,1,0,0:0:0:0:
157,316,58242,1,0,0:0:0:0:
106,181,58476,1,2,0:0:0:0:
106,181,58593,1,2,0:0:0:0:
106,181,58710,1,2,0:0:0:0:
225,83,58945,2,8,P|288:83|330:100,1,100
438,218,59414,1,0,0:0:0:0:
393,312,59648,5,0,0:0:0:0:
321,182,59882,1,0,0:0:0:0:
301,296,60117,2,8,L|191:265,1,100
81,217,60585,1,0,0:0:0:0:
153,116,60820,1,0,0:0:0:0:
315,89,61054,1,0,0:0:0:0:
441,187,61289,1,0,0:0:0:0:
285,317,61523,1,0,0:0:0:0:
289,174,61757,1,0,0:0:0:0:
404,220,61992,5,0,0:0:0:0:
212,265,62226,2,8,P|142:224|140:197,3,100
231,148,63164,1,0,0:0:0:0:
132,52,63398,1,0,0:0:0:0:
229,166,63632,1,0,0:0:0:0:
357,89,63867,5,0,0:0:0:0:
381,225,64101,1,2,0:0:0:0:
381,225,64218,1,2,0:0:0:0:
381,225,64335,1,2,0:0:0:0:
302,310,64570,2,8,L|194:304,1,100
246,213,65039,1,0,0:0:0:0:
120,180,65273,2,8,P|151:125|183:114,2,100
108,297,65975,5,2,0:0:0:0:
108,297,66094,1,2,0:0:0:0:
108,297,66210,1,2,0:0:0:0:
255,320,66445,1,0,0:0:0:0:
260,155,66679,1,0,0:0:0:0:
426,158,66913,1,0,0:0:0:0:
420,331,67148,1,0,0:0:0:0:
249,336,67382,2,8,L|246:222,1,100
246,155,67851,5,0,0:0:0:0:
146,119,68085,1,0,0:0:0:0:
255,55,68320,2,8,L|339:126,2,100
126,80,69023,1,0,0:0:0:0:
250,57,69257,1,0,0:0:0:0:
258,214,69492,1,0,0:0:0:0:
391,93,69726,6,8,L|284:153,1,100
243,57,70136,1,0,0:0:0:0:
263,162,70371,2,0,L|226:203,2,50,8|0|0,0:0|0:0|0:0,0:0:0:0:
174,157,70781,2,8,L|120:201,1,50
131,194,71015,2,8,L|121:277,1,75
122,268,71367,2,8,L|218:316,1,100
354,195,71835,5,0,0:0:0:0:
332,86,72070,1,0,0:0:0:0:
164,89,72304,1,0,0:0:0:0:
175,231,72539,1,0,0:0:0:0:
261,140,72773,2,8,L|350:210,1,100
403,257,73242,1,0,0:0:0:0:
276,285,73476,1,2,0:0:0:0:
276,285,73594,1,2,0:0:0:0:
276,285,73711,1,2,0:0:0:0:
173,283,73945,6,8,L|130:179,1,100
202,136,74414,1,0,0:0:0:0:
271,237,74648,2,8,L|322:146,1,100
244,60,75117,1,0,0:0:0:0:
117,85,75351,1,0,0:0:0:0:
228,180,75585,1,0,0:0:0:0:
360,209,75820,2,8,L|275:284,1,100
209,297,76289,1,0,0:0:0:0:
104,245,76523,1,0,0:0:0:0:
233,195,76757,5,0,0:0:0:0:
147,111,76992,1,0,0:0:0:0:
342,78,77226,1,0,0:0:0:0:
256,191,77460,1,0,0:0:0:0:
423,174,77695,2,8,P|343:230|326:233,2,100
463,82,78398,1,0,0:0:0:0:
340,98,78632,2,8,L|231:150,1,100
175,249,79101,1,0,0:0:0:0:
233,310,79335,5,0,0:0:0:0:
361,307,79570,1,0,0:0:0:0:
246,248,79804,1,0,0:0:0:0:
118,246,80039,2,8,L|147:145,1,100
244,196,80507,1,0,0:0:0:0:
230,56,80742,1,0,0:0:0:0:
311,82,80976,1,2,0:0:0:0:
311,82,81093,1,2,0:0:0:0:
311,82,81210,1,2,0:0:0:0:
426,165,81445,6,8,L|338:225,1,100
264,306,81914,1,0,0:0:0:0:
255,143,82148,1,0,0:0:0:0:
109,256,82382,1,0,0:0:0:0:
260,240,82617,2,8,L|359:180,1,100
432,115,83085,1,0,0:0:0:0:
234,57,83320,1,0,0:0:0:0:
262,219,83554,1,0,0:0:0:0:
342,141,83789,6,8,L|363:253,1,100
381,311,84257,1,0,0:0:0:0:
320,170,84492,1,0,0:0:0:0:
198,254,84726,1,2,0:0:0:0:
198,254,84843,1,2,0:0:0:0:
198,254,84960,1,2,0:0:0:0:
102,301,85195,2,8,L|108:197,1,100
130,138,85664,6,8,L|223:75,1,100
285,128,86133,1,0,0:0:0:0:
412,99,86367,1,0,0:0:0:0:
251,155,86601,1,0,0:0:0:0:
431,250,86835,2,8,L|327:303,1,100
214,326,87304,1,0,0:0:0:0:
84,190,87539,1,0,0:0:0:0:
206,330,87773,1,0,0:0:0:0:
202,179,88007,1,0,0:0:0:0:
331,278,88242,5,0,0:0:0:0:
270,108,88476,1,2,0:0:0:0:
270,108,88593,1,2,0:0:0:0:
270,108,88710,1,2,0:0:0:0:
129,112,88945,2,8,L|110:220,1,100
145,277,89414,1,0,0:0:0:0:
248,181,89648,1,0,0:0:0:0:
267,298,89882,1,0,0:0:0:0:
398,184,90117,1,0,0:0:0:0:
415,104,90351,6,8,L|299:98,2,100
395,230,91054,1,0,0:0:0:0:
291,111,91289,1,0,0:0:0:0:
240,281,91523,1,0,0:0:0:0:
150,117,91757,1,0,0:0:0:0:
70,272,91992,1,0,0:0:0:0:
193,276,92226,2,8,P|260:231|270:197,1,100
258,114,92695,2,8,P|330:107|370:124,1,100
437,172,93164,2,10,L|406:238,2,50
456,84,93632,5,0,0:0:0:0:
280,81,93867,1,0,0:0:0:0:
356,238,94101,1,0,0:0:0:0:
292,337,94335,2,8,L|199:272,1,100
281,197,94804,1,0,0:0:0:0:
306,78,95039,2,8,L|191:113,1,100
77,175,95507,2,10,L|85:232,2,50
160,60,95976,1,2,0:0:0:0:
160,60,96093,1,2,0:0:0:0:
160,60,96210,1,2,0:0:0:0:
310,93,96445,5,0,0:0:0:0:
317,224,96679,2,8,L|204:223,1,100
263,83,97148,1,0,0:0:0:0:
128,258,97382,1,0,0:0:0:0:
345,262,97617,1,0,0:0:0:0:
231,331,97851,1,0,0:0:0:0:
220,196,98085,1,0,0:0:0:0:
356,328,98320,1,0,0:0:0:0:
99,327,98555,1,0,0:0:0:0:
143,197,98789,2,8,L|240:125,1,100
373,250,99258,5,0,0:0:0:0:
372,102,99492,1,0,0:0:0:0:
210,100,99726,2,8,L|217:221,1,100
101,250,100195,1,0,0:0:0:0:
226,153,100430,1,0,0:0:0:0:
260,295,100664,1,0,0:0:0:0:
188,261,100898,2,8,L|277:177,1,100
389,139,101367,5,0,0:0:0:0:
314,46,101601,1,0,0:0:0:0:
169,125,101835,2,8,L|246:218,1,100
383,228,102304,1,0,0:0:0:0:
216,333,102539,1,0,0:0:0:0:
94,237,102773,1,0,0:0:0:0:
197,127,103007,2,10,L|247:152,2,50
348,94,103476,1,0,0:0:0:0:
396,314,103710,1,0,0:0:0:0:
255,304,103945,6,8,L|137:308,1,100
257,212,104414,1,0,0:0:0:0:
155,204,104648,1,0,0:0:0:0:
160,107,104882,2,8,L|269:107,1,100
436,118,105351,1,0,0:0:0:0:
345,280,105585,1,0,0:0:0:0:
287,124,105820,1,0,0:0:0:0:
349,308,106054,1,0,0:0:0:0:
437,125,106289,1,0,0:0:0:0:
292,121,106523,6,8,L|183:127,1,100
101,179,106992,2,10,L|107:238,2,50
200,309,107460,1,0,0:0:0:0:
185,95,107695,1,0,0:0:0:0:
296,250,107929,1,0,0:0:0:0:
247,160,108164,2,8,L|363:160,1,100
411,271,108632,1,0,0:0:0:0:
398,89,108867,1,0,0:0:0:0:
300,192,109101,6,8,L|186:193,1,100
169,86,109570,1,0,0:0:0:0:
77,212,109804,1,0,0:0:0:0:
166,283,110039,1,0,0:0:0:0:
200,146,110273,2,10,L|254:120,2,50
294,267,110742,1,0,0:0:0:0:
291,103,110976,1,0,0:0:0:0:
401,205,111210,2,8,L|283:209,1,100
281,113,111679,5,0,0:0:0:0:
148,111,111914,1,0,0:0:0:0:
189,243,112148,1,0,0:0:0:0:
286,269,112382,2,14,L|309:156,1,100
351,83,112851,2,14,L|249:103,1,100
259,162,113320,2,14,L|157:207,1,100
215,246,113789,2,14,L|126:312,1,100
103,195,114257,1,0,0:0:0:0:
210,113,114492,1,0,0:0:0:0:
258,209,114726,5,0,0:0:0:0:
258,209,114843,1,0,0:0:0:0:
258,209,114960,1,0,0:0:0:0:
370,225,115195,2,8,L|296:303,1,100
155,275,115664,2,8,L|231:355,1,100
251,318,116367,5,4,0:0:0:0:
132,188,116602,1,4,0:0:0:0:
254,69,116836,1,4,0:0:0:0:
390,192,117070,1,4,0:0:0:0:
129,287,117305,1,4,0:0:0:0:
130,92,117539,1,4,0:0:0:0:
353,87,117774,1,4,0:0:0:0:
352,286,118007,1,4,0:0:0:0:
348,282,118242,5,4,0:0:0:0:
350,95,118476,1,4,0:0:0:0:
116,94,118710,1,4,0:0:0:0:
119,283,118945,1,4,0:0:0:0:
258,86,119179,1,4,0:0:0:0:
364,194,119414,1,4,0:0:0:0:
253,287,119648,1,4,0:0:0:0:
138,191,119882,1,4,0:0:0:0:
114,197,120117,5,4,0:0:0:0:
298,103,120351,1,4,0:0:0:0:
242,277,120585,1,4,0:0:0:0:
432,205,120820,1,4,0:0:0:0:
432,205,121054,5,4,0:0:0:0:
232,296,121289,1,4,0:0:0:0:
335,103,121523,1,4,0:0:0:0:
101,179,121757,1,4,0:0:0:0:
107,160,121992,5,4,0:0:0:0:
104,62,122226,1,4,0:0:0:0:
212,61,122460,1,4,0:0:0:0:
209,151,122695,1,4,0:0:0:0:
306,151,122929,5,4,0:0:0:0:
307,70,123164,1,4,0:0:0:0:
413,74,123398,1,4,0:0:0:0:
411,157,123632,1,4,0:0:0:0:
414,238,123867,5,4,0:0:0:0:
416,333,124101,1,4,0:0:0:0:
317,336,124335,1,4,0:0:0:0:
318,224,124570,1,4,0:0:0:0:
204,227,124804,1,4,0:0:0:0:
206,327,125039,1,4,0:0:0:0:
88,324,125273,1,4,0:0:0:0:
84,222,125507,1,4,0:0:0:0:
64,78,125742,5,4,0:0:0:0:
221,83,125976,1,4,0:0:0:0:
121,232,126210,1,4,0:0:0:0:
44,85,126445,1,4,0:0:0:0:
207,91,126679,1,4,0:0:0:0:
113,224,126914,1,4,0:0:0:0:
217,274,127148,5,4,0:0:0:0:
338,165,127382,1,4,0:0:0:0:
335,329,127617,1,4,0:0:0:0:
198,271,127851,1,4,0:0:0:0:
341,155,128085,1,4,0:0:0:0:
337,336,128320,1,4,0:0:0:0:
230,243,128554,5,4,0:0:0:0:
105,125,128789,1,4,0:0:0:0:
222,245,129023,1,4,0:0:0:0:
174,71,129257,1,4,0:0:0:0:
224,256,129492,1,4,0:0:0:0:
228,69,129726,1,4,0:0:0:0:
319,241,129960,5,4,0:0:0:0:
228,88,130195,1,4,0:0:0:0:
398,211,130429,1,4,0:0:0:0:
233,88,130664,1,4,0:0:0:0:
450,135,130898,1,4,0:0:0:0:
253,80,131132,1,4,0:0:0:0:
158,86,131367,2,8,P|284:100|333:137,1,175
446,172,132011,2,8,P|321:226|236:220,1,200
85,187,132714,5,0,0:0:0:0:
85,187,132948,1,0,0:0:0:0:
181,319,133652,2,8,L|189:189,1,125
273,142,134121,2,8,L|370:234,1,125
384,296,134590,2,8,L|256:298,1,125
250,222,135117,1,0,0:0:0:0:
427,211,135761,2,8,P|333:101|167:88,1,300
136,172,137460,5,2,0:0:0:0:
95,327,137694,1,2,0:0:0:0:
222,350,137929,1,2,0:0:0:0:
236,229,138163,1,2,0:0:0:0:
365,217,138397,1,2,0:0:0:0:
405,283,138867,2,8,P|274:313|230:293,1,175
321,226,139570,2,8,P|209:193|145:196,1,175
90,248,140214,1,0,0:0:0:0:
90,248,140449,1,0,0:0:0:0:
246,302,141210,5,2,0:0:0:0:
107,188,141445,1,2,0:0:0:0:
254,64,141679,1,2,0:0:0:0:
401,192,141914,1,2,0:0:0:0:
256,194,142148,1,2,0:0:0:0:
323,112,142617,2,8,L|435:219,1,150
436,281,143320,2,8,L|279:280,1,150
235,223,144023,2,8,L|321:95,1,150
398,171,144960,5,0,0:0:0:0:
206,176,145195,1,0,0:0:0:0:
294,36,145429,1,0,0:0:0:0:
430,186,145664,1,0,0:0:0:0:
227,182,145898,1,0,0:0:0:0:
431,191,146367,5,0,0:0:0:0:
397,127,146835,2,8,P|312:113|282:112,2,100
362,271,147539,1,0,0:0:0:0:
250,191,147773,1,0,0:0:0:0:
175,293,148007,1,0,0:0:0:0:
329,303,148242,1,0,0:0:0:0:
394,105,148476,1,2,0:0:0:0:
394,105,148593,1,2,0:0:0:0:
394,105,148710,1,2,0:0:0:0:
465,157,148945,6,8,L|397:252,1,100
285,303,149414,1,0,0:0:0:0:
297,172,149648,2,8,L|179:175,1,100
130,267,150117,1,0,0:0:0:0:
50,226,150586,2,8,L|46:117,1,100
162,84,151055,1,0,0:0:0:0:
251,173,151289,1,0,0:0:0:0:
258,75,151523,2,8,L|174:157,1,100
354,169,152226,5,2,0:0:0:0:
354,169,152343,1,2,0:0:0:0:
354,169,152460,1,2,0:0:0:0:
358,272,152695,2,8,L|236:273,1,100
117,292,153164,1,0,0:0:0:0:
112,171,153398,2,8,L|221:162,1,100
322,201,153867,1,0,0:0:0:0:
240,108,154101,2,8,L|158:183,1,100
120,256,154570,2,10,L|155:314,2,50
217,268,155039,5,0,0:0:0:0:
346,310,155273,1,0,0:0:0:0:
329,155,155508,2,8,L|215:154,1,100
142,167,155976,1,2,0:0:0:0:
142,167,156094,1,2,0:0:0:0:
142,167,156211,1,2,0:0:0:0:
124,275,156445,2,8,L|247:273,1,100
378,279,156914,2,8,L|374:167,1,100
354,73,157383,5,0,0:0:0:0:
191,84,157617,1,0,0:0:0:0:
254,170,157851,2,8,L|158:239,1,100
96,291,158320,2,10,L|143:330,2,50
294,311,158789,1,0,0:0:0:0:
291,247,159023,2,8,L|290:134,1,100
168,117,159492,1,10,0:0:0:0:
168,117,159609,1,10,0:0:0:0:
168,117,159726,1,10,0:0:0:0:
264,178,159960,6,8,L|180:248,1,100
102,321,160429,1,0,0:0:0:0:
268,318,160664,1,0,0:0:0:0:
136,218,160898,2,8,L|247:217,1,100
343,192,161367,1,0,0:0:0:0:
161,199,161835,5,0,0:0:0:0:
196,117,162069,1,0,0:0:0:0:
276,161,162304,2,8,L|240:257,1,75.0000028610231
427,113,162773,5,0,0:0:0:0:
345,58,163007,1,0,0:0:0:0:
294,109,163242,2,8,L|360:176,1,75.0000028610231
103,30,163710,5,0,0:0:0:0:
44,98,163945,1,0,0:0:0:0:
111,158,164179,2,8,L|171:96,1,75.0000028610231
366,231,164648,5,0,0:0:0:0:
298,317,164882,1,0,0:0:0:0:
377,358,165117,2,8,L|438:281,1,75.0000028610231
216,275,165585,5,0,0:0:0:0:
152,215,165820,1,0,0:0:0:0:
63,261,166054,2,0,L|123:318,1,75.0000028610231
299,154,166524,5,0,0:0:0:0:
308,55,166758,1,0,0:0:0:0:
405,49,166992,2,8,L|410:143,1,75.0000028610231
436,243,167460,5,0,0:0:0:0:
315,238,167695,1,0,0:0:0:0:
319,334,167929,2,8,L|416:332,1,75.0000028610231
182,143,168398,5,0,0:0:0:0:
73,143,168632,1,0,0:0:0:0:
72,69,168867,2,8,L|176:71,1,75.0000028610231
180,75,169335,6,8,L|328:114,1,150.000005722046
197,155,169804,2,8,L|346:191,1,150.000005722046
218,226,170273,2,8,L|371:260,1,150.000005722046
247,298,170742,2,8,L|401:334,1,150.000005722046
309,227,171210,2,8,L|157:274,1,150.000005722046
294,137,171679,2,8,L|146:194,1,150.000005722046
272,47,172148,2,8,L|131:102,1,150.000005722046
144,97,172617,2,8,L|313:152,1,150.000005722046
283,194,173085,2,8,L|126:146,1,150.000005722046
112,218,173554,2,8,L|281:280,1,150.000005722046
443,288,174023,6,8,L|440:129,1,150.000005722046
372,132,174492,2,8,L|371:309,1,150.000005722046
292,287,174960,2,8,L|290:133,1,150.000005722046
211,136,175429,2,8,L|206:291,1,150.000005722046
119,291,175898,2,8,L|125:135,1,150.000005722046
55,138,176367,2,8,L|56:295,1,150.000005722046
202,243,179589,2,14,P|204:234|244:268,1,100
400,254,180117,5,6,0:0:0:0:
352,192,180585,2,10,P|306:259|283:270,3,100
110,207,181523,5,0,0:0:0:0:
256,164,181757,1,0,0:0:0:0:
132,93,181992,1,0,0:0:0:0:
267,42,182226,1,2,0:0:0:0:
267,42,182343,1,2,0:0:0:0:
267,42,182460,1,2,0:0:0:0:
365,161,182695,2,8,P|365:224|348:266,1,100
230,374,183164,1,0,0:0:0:0:
136,329,183398,5,0,0:0:0:0:
266,257,183632,1,0,0:0:0:0:
152,237,183867,2,8,L|183:127,1,100
231,17,184335,1,0,0:0:0:0:
332,89,184570,1,0,0:0:0:0:
359,251,184804,1,0,0:0:0:0:
261,377,185039,1,0,0:0:0:0:
131,221,185273,1,0,0:0:0:0:
274,225,185507,1,0,0:0:0:0:
228,340,185742,5,0,0:0:0:0:
183,148,185976,2,10,P|224:78|251:76,3,100
300,167,186914,1,0,0:0:0:0:
396,68,187148,1,0,0:0:0:0:
282,165,187382,1,0,0:0:0:0:
359,293,187617,5,0,0:0:0:0:
223,317,187851,1,2,0:0:0:0:
223,317,187968,1,2,0:0:0:0:
223,317,188085,1,2,0:0:0:0:
138,238,188320,2,8,L|144:130,1,100
235,182,188789,1,0,0:0:0:0:
268,56,189023,2,8,P|323:87|334:119,2,100
151,44,189726,5,2,0:0:0:0:
151,44,189844,1,2,0:0:0:0:
151,44,189961,1,2,0:0:0:0:
128,191,190195,1,0,0:0:0:0:
293,196,190429,1,0,0:0:0:0:
290,362,190663,1,0,0:0:0:0:
117,356,190898,1,0,0:0:0:0:
112,185,191132,2,8,L|226:182,1,100
293,182,191601,5,0,0:0:0:0:
329,82,191835,1,0,0:0:0:0:
393,191,192070,2,10,L|322:275,2,100
368,62,192773,1,0,0:0:0:0:
391,186,193007,1,0,0:0:0:0:
234,194,193242,1,0,0:0:0:0:
355,327,193476,6,8,L|295:220,1,100
391,179,193886,1,0,0:0:0:0:
305,217,194003,2,10,L|251:210,3,50
279,135,194531,2,0,L|235:81,1,50
242,93,194765,2,0,L|159:83,1,75
160,86,195117,2,0,L|112:182,1,100
253,290,195585,5,0,0:0:0:0:
362,268,195820,1,0,0:0:0:0:
359,100,196054,1,0,0:0:0:0:
217,111,196289,1,0,0:0:0:0:
308,197,196523,2,8,L|238:286,1,100
191,339,196992,1,0,0:0:0:0:
163,212,197226,1,2,0:0:0:0:
163,212,197344,1,2,0:0:0:0:
163,212,197461,1,2,0:0:0:0:
165,109,197695,6,8,L|269:66,1,100
312,138,198164,1,0,0:0:0:0:
211,207,198398,2,8,L|302:258,1,100
388,180,198867,1,0,0:0:0:0:
363,53,199101,1,0,0:0:0:0:
268,164,199335,1,0,0:0:0:0:
239,296,199570,2,8,L|164:211,1,100
151,145,200039,1,0,0:0:0:0:
203,40,200273,1,0,0:0:0:0:
253,169,200507,5,0,0:0:0:0:
337,83,200742,1,0,0:0:0:0:
370,278,200976,1,0,0:0:0:0:
257,192,201210,1,0,0:0:0:0:
245,336,201445,2,10,P|189:256|186:239,2,100
358,368,202148,1,0,0:0:0:0:
350,276,202382,2,8,L|298:167,1,100
199,111,202851,1,0,0:0:0:0:
138,169,203085,5,0,0:0:0:0:
141,297,203320,1,0,0:0:0:0:
200,182,203554,1,0,0:0:0:0:
202,54,203789,2,8,L|303:83,1,100
252,180,204257,1,0,0:0:0:0:
392,166,204492,1,0,0:0:0:0:
366,247,204726,1,2,0:0:0:0:
366,247,204843,1,2,0:0:0:0:
366,247,204960,1,2,0:0:0:0:
283,362,205195,6,8,L|223:274,1,100
142,200,205664,1,0,0:0:0:0:
305,191,205898,1,0,0:0:0:0:
192,45,206132,1,0,0:0:0:0:
208,196,206367,2,8,L|268:295,1,100
333,368,206835,1,0,0:0:0:0:
391,170,207070,1,0,0:0:0:0:
229,198,207304,1,0,0:0:0:0:
307,278,207539,6,8,L|195:299,1,100
137,317,208007,1,0,0:0:0:0:
278,256,208242,1,0,0:0:0:0:
194,134,208476,1,2,0:0:0:0:
194,134,208593,1,2,0:0:0:0:
194,134,208710,1,2,0:0:0:0:
147,38,208945,2,8,L|251:44,1,100
310,66,209414,6,8,L|373:159,1,100
320,221,209883,1,0,0:0:0:0:
349,348,210117,1,0,0:0:0:0:
293,187,210351,1,0,0:0:0:0:
198,367,210585,2,8,L|145:263,1,100
122,150,211054,1,0,0:0:0:0:
258,20,211289,1,0,0:0:0:0:
118,142,211523,1,0,0:0:0:0:
269,138,211757,1,0,0:0:0:0:
170,267,211992,5,0,0:0:0:0:
340,206,212226,1,2,0:0:0:0:
340,206,212343,1,2,0:0:0:0:
340,206,212460,1,2,0:0:0:0:
336,65,212695,2,8,L|228:46,1,100
171,81,213164,1,0,0:0:0:0:
267,184,213398,1,0,0:0:0:0:
273,232,213632,6,8,L|160:187,1,100
125,99,214101,1,0,0:0:0:0:
226,76,214335,1,0,0:0:0:0:
246,223,214570,1,0,0:0:0:0:
218,331,214804,1,0,0:0:0:0:
337,227,215039,1,0,0:0:0:0:
167,176,215273,1,0,0:0:0:0:
331,86,215507,1,0,0:0:0:0:
176,6,215742,1,0,0:0:0:0:
172,129,215976,6,8,P|217:196|251:206,1,100
334,194,216445,2,8,P|341:266|324:306,1,100
276,373,216914,2,10,L|210:342,2,50
364,392,217382,5,0,0:0:0:0:
367,216,217617,1,0,0:0:0:0:
210,292,217851,1,0,0:0:0:0:
111,228,218085,2,8,L|176:135,1,100
251,217,218554,1,0,0:0:0:0:
370,242,218789,6,8,L|335:127,1,100
239,40,219257,1,0,0:0:0:0:
269,164,219492,1,0,0:0:0:0:
388,96,219726,1,2,0:0:0:0:
388,96,219843,1,2,0:0:0:0:
388,96,219960,1,2,0:0:0:0:
355,246,220195,5,0,0:0:0:0:
224,253,220429,2,8,L|225:140,1,100
365,199,220898,1,0,0:0:0:0:
190,64,221132,1,0,0:0:0:0:
186,281,221367,1,0,0:0:0:0:
117,167,221601,1,0,0:0:0:0:
234,202,221835,2,8,L|225:91,1,100
121,35,222305,1,0,0:0:0:0:
251,79,222539,2,8,L|323:176,1,100
198,309,223008,5,0,0:0:0:0:
346,308,223242,1,0,0:0:0:0:
348,146,223476,2,8,L|227:153,1,100
198,37,223945,1,0,0:0:0:0:
295,162,224180,1,0,0:0:0:0:
153,196,224414,1,0,0:0:0:0:
187,124,224648,2,8,L|271:213,1,100
309,325,225117,5,0,0:0:0:0:
402,250,225351,1,0,0:0:0:0:
323,105,225585,2,8,L|230:182,1,100
220,319,226054,1,0,0:0:0:0:
115,152,226289,1,0,0:0:0:0:
211,30,226523,1,0,0:0:0:0:
321,133,226757,2,10,L|296:183,2,50
249,322,227226,1,2,0:0:0:0:
249,322,227343,1,2,0:0:0:0:
249,322,227460,1,2,0:0:0:0:
144,191,227695,6,8,L|140:73,1,100
236,193,228164,1,0,0:0:0:0:
244,91,228398,1,0,0:0:0:0:
341,96,228632,2,8,L|341:205,1,100
330,372,229101,1,0,0:0:0:0:
168,281,229335,1,0,0:0:0:0:
324,223,229570,1,0,0:0:0:0:
140,285,229804,1,0,0:0:0:0:
323,373,230039,1,0,0:0:0:0:
327,228,230273,6,8,L|321:119,1,100
200,59,230742,2,8,L|270:134,1,100
139,136,231210,1,0,0:0:0:0:
353,121,231445,1,0,0:0:0:0:
198,232,231679,1,0,0:0:0:0:
288,183,231914,2,8,L|288:299,1,100
177,347,232382,1,0,0:0:0:0:
359,334,232617,1,0,0:0:0:0:
256,236,232851,6,8,L|255:122,1,100
362,105,233320,1,0,0:0:0:0:
236,13,233554,1,0,0:0:0:0:
165,102,233789,1,0,0:0:0:0:
322,132,234023,6,8,L|219:201,1,100
181,230,234492,1,0,0:0:0:0:
345,227,234726,1,2,0:0:0:0:
345,227,234843,1,2,0:0:0:0:
345,227,234960,1,2,0:0:0:0:
230,264,235195,1,0,0:0:0:0:
335,217,235429,5,0,0:0:0:0:
337,84,235664,1,0,0:0:0:0:
205,125,235898,1,0,0:0:0:0:
179,222,236132,2,8,L|292:245,1,100
365,287,236601,2,8,L|345:185,1,100
286,195,237070,2,8,L|241:93,1,100
202,151,237539,2,8,L|136:62,1,100
253,39,238007,1,0,0:0:0:0:
335,146,238242,1,0,0:0:0:0:
239,194,238476,5,2,0:0:0:0:
239,194,238593,1,2,0:0:0:0:
239,194,238710,1,2,0:0:0:0:
223,306,238945,2,8,L|145:232,1,100
173,91,239414,2,8,L|93:167,1,100
