[Events]
//Background and Video events
//Storyboard Layer 0 (Background)
Sprite,Background,Centre,"Cirno.png",320,240
 F,0,0,,0
Sprite,Background,Centre,"SB\Background.jpg",320,240
 M,0,12666,,320,240
 F,0,12666,,1
 S,0,12666,,1
 F,0,21603,,1
Sprite,Background,Centre,"SB\background3.jpg",320,240
 F,0,21603,,1
 S,0,21603,,1
 M,0,24030,,322,240
 F,0,32135,,1
Sprite,Background,Centre,"SB\background3.jpg",320,240
 M,0,220,,320,138
 F,0,220,539,0,1
 F,0,539,,1
 F,0,12666,,1
//Storyboard Layer 1 (Fail)
//Storyboard Layer 2 (Pass)
//Storyboard Layer 3 (Foreground)
Sprite,Foreground,Centre,"SB\Pulseflake.png",320,240
 L,0,28
  S,0,12666,12826,0.49312,0.3088
  S,0,12826,12946,0.3088
  S,0,12946,12986,0.3088
 F,0,12666,,1
 M,0,12666,14581,517,81,-56,88
 M,0,14582,17135,698,89,-56,88
 M,0,17136,19688,698,89,-56,88
 M,0,19688,22241,698,89,-56,88
 F,0,21603,,0
Sprite,Foreground,Centre,"SB\Pulseflake.png",320,240
 L,0,28
  S,0,12666,12826,0.49312,0.3088
  S,0,12826,12946,0.3088
  S,0,12946,12986,0.3088
 F,0,12666,,1
 M,0,12666,15220,705,85,-56,88
 M,0,15221,17773,698,89,-56,88
 M,0,17774,20326,698,89,-56,88
 M,0,20326,22879,698,89,-56,88
 F,0,21603,,0
Sprite,Foreground,Centre,"SB\Pulseflake.png",320,240
 L,0,28
  S,0,12666,12826,0.49312,0.3088
  S,0,12826,12946,0.3088
  S,0,12946,12986,0.3088
 M,0,12666,13943,318,82,-56,88
 M,0,13943,16496,698,89,-56,88
 M,0,16496,19049,698,89,-56,88
 M,0,19050,21603,698,89,-56,88
Sprite,Foreground,Centre,"SB\Pulseflake.png",320,240
 L,0,28
  S,0,12666,12826,0.49312,0.3088
  S,0,12826,12946,0.3088
  S,0,12946,12986,0.3088
 F,0,12666,,1
 M,0,12666,13305,118,84,-57,87
 M,0,13305,13306,-57,87,698,89
 M,0,13306,15858,698,89,-56,88
 M,0,15859,18411,698,89,-56,88
 M,0,18412,20964,698,89,-56,88
 M,0,20964,23518,698,89,-57,93
 F,0,21603,,0
Sprite,Foreground,Centre,"SB\Pulseflake.png",320,240
 L,0,28
  S,0,12666,12826,0.49312,0.3088
  S,0,12826,12946,0.3088
  S,0,12946,12986,0.3088
 M,0,12666,13943,332,400,699,405
 M,0,13943,16496,-57,397,699,405
 M,0,16496,19049,-57,397,699,405
 M,0,19049,21603,-57,397,699,405
Sprite,Foreground,Centre,"SB\Pulseflake.png",320,240
 L,0,28
  S,0,12666,12826,0.49312,0.3088
  S,0,12826,12946,0.3088
  S,0,12946,12986,0.3088
 F,0,12666,,0,1
 M,0,12666,13305,520,399,702,401
 M,0,13305,15858,-57,397,702,401
 M,0,15858,18411,-57,397,702,401
 M,0,18411,20964,-57,397,702,401
 M,0,20964,23518,-57,397,702,401
 F,0,21603,,0
Sprite,Foreground,Centre,"SB\Pulseflake.png",320,240
 L,0,28
  S,0,12666,12826,0.49312,0.3088
  S,0,12826,12946,0.3088
  S,0,12946,12986,0.3088
 F,0,12666,,1
 M,0,12666,14581,146,400,714,396
 M,0,14581,17135,-57,397,714,396
 M,0,17135,19688,-57,397,714,396
 M,0,19688,22241,-57,397,714,396
 F,0,21603,,0
Sprite,Foreground,Centre,"SB\Pulseflake.png",320,240
 L,0,28
  S,0,12666,12826,0.49312,0.3088
  S,0,12826,12946,0.3088
  S,0,12946,12986,0.3088
 F,0,12666,,0,1
 M,0,12666,15220,-57,397,712,400
 M,0,15220,17773,-57,397,712,400
 M,0,17773,20326,-57,397,712,400
 M,0,20326,22879,-57,397,712,400
 F,0,21603,,0
Sprite,Foreground,Centre,"SB\ocean.png",320,240
 M,0,220,,320,269
 F,0,220,539,0,1
 S,0,220,2055,1.35328,1.33792
 F,0,539,12666,1
 S,0,2055,4049,1.33792,1.068738
 S,0,4049,4688,1.068738,1.02304
 S,0,4688,9076,1.02304,1.0384
 S,0,9076,11709,1.0384,1.353279
Sprite,Foreground,Centre,"SB\cloud1.png",320,240
 M,0,220,,180,112
 F,0,220,539,0,1
 S,0,220,2055,0.9385599,0.9232
 F,0,539,12666,1
 S,0,2055,4049,0.9232,0.700996
 S,0,4049,4688,0.700996,0.66976
 S,0,4688,9156,0.66976
 S,0,9156,11071,0.66976,0.85408
Sprite,Foreground,Centre,"SB\tree.png",320,240
 M,0,220,,320,120
 S,0,220,,1.368641
 F,0,220,539,0,1
 S,0,2055,4049,1.368641,1.060834
 S,0,4049,4688,1.060834,1.023041
 S,0,9076,11709,1.023041,1.353281
 F,0,12666,,1
Sprite,Foreground,Centre,"SB\hotspring0.png",320,240
 M,0,220,,320,371
 F,0,220,539,0,1
 S,0,220,2055,1.74496,1.75264
 S,0,2055,4049,1.75264,1.272662
 S,0,4049,4688,1.272662,1.2304
 S,0,9076,11709,1.2304,1.74496
 F,0,12666,,1
Sprite,Foreground,Centre,"SB\icechips.png",320,240
 F,0,220,539,0,1
 S,0,220,858,1.27648,1.3072
 M,0,220,2055,373,432
 S,0,858,1496,1.3072,1.267786
 S,0,1496,2055,1.267786,1.3072
 S,0,2055,4049,1.3072,1.055691
 M,0,2055,4688,373,432,374,441
 S,0,4049,4688,1.055691,1.01536
 S,0,4688,5326,1.01536,1.0384
 S,0,5326,5964,1.0384,1.01144
 S,0,5964,6603,1.01144,1.027605
 S,0,6603,7241,1.027605,1.001406
 S,0,7241,7879,1.001406,1.029298
 S,0,7879,8518,1.029298,0.9988171
 S,0,8518,9076,0.9988171,1.01536
 S,0,9076,11709,1.01536,1.33024
 S,0,11709,12347,1.33024,1.29952
 S,0,12347,12666,1.29952,1.32256
 F,0,12666,,1
Sprite,Foreground,Centre,"SB\Circle.png",320,240
 M,0,12666,,320,240
 F,0,12666,,0.1667201
 S,0,12666,,0.67744
 R,0,12666,21603,0.0153598,33.05472
Sprite,Foreground,Centre,"SB\Mud.png",320,240
 M,0,21603,21882,444,404,445,405
 S,0,21603,21882,1.7296,1.73728
 M,0,21882,21922,445,405,319,429
 S,0,21882,21922,1.73728,1.3456
 F,0,22879,,1
Sprite,Foreground,Centre,"SB\hotspring.png",320,240
 M,0,21603,21882,316,360
 S,0,21603,21882,0.8464
 F,0,21603,22241,1
 M,0,21882,21922,316,360,170,362
 S,0,21882,21922,0.8464,0.3932799
Sprite,Foreground,Centre,"SB\RxM.png",320,240
 M,0,21603,21882,321,318
 S,0,21603,21882,0.7926401
 M,0,21882,21922,321,318,169,332
 S,0,21882,21922,0.7926401,0.3856003
 F,0,22241,,1
Sprite,Foreground,Centre,"SB\boom.png",320,240
 M,0,22241,,153,306
 S,0,22241,22361,0.83872,0.8848
 S,0,22361,22480,0.8848,0.8233599
 S,0,22480,22560,0.8233599,0.8884138
 S,0,22560,22680,0.8884138,0.819294
 S,0,22680,22799,0.819294,0.8694059
 S,0,22799,22879,0.8694059,0.8079659
Sprite,Foreground,Centre,"SB\remote.png",320,240
 M,0,21882,21922,472,393,375,415
 S,0,21882,21922,1.05376,0.7158401
 M,0,21922,22241,375,415
 M,0,22241,22281,375,415,374,425
 M,0,22281,22321,374,425,374,414
 F,0,22879,,1
Sprite,Foreground,Centre,"SB\remotepiece.png",320,240
 M,0,21882,21922,742,193,555,263
 S,0,21882,21922,1.47616,1.16896
 F,0,21922,22879,1
Sprite,Foreground,Centre,"SB\moredots.png",320,240
 L,0,8
  M,0,22879,24156,320,220,320,112
 S,0,22879,,1
 F,0,32055,32135,1,0
Sprite,Foreground,Centre,"SB\ice.png",320,240
 S,0,22879,,0.6390399
 M,0,22879,23198,312,153
 M,0,23198,23518,312,153,311,426
Sprite,Foreground,Centre,"SB\frog.png",320,240
 F,0,22879,,0.5584001
 S,0,22879,,0.1936001
 M,0,22879,23198,312,153
 M,0,23198,23518,312,153,310,423
Sprite,Foreground,Centre,"SB\freeza.png",320,240
 F,0,23198,,1
 S,0,23198,,0.5776001
 M,0,23198,23518,313,-142,313,150
 M,0,23518,23837,313,150,313,151
 M,0,23837,24156,313,151,316,470
Sprite,Foreground,Centre,"SB\smoothie.png",320,240
 S,0,23837,,0.54688
 M,0,23837,24156,293,-157,293,176
 M,0,24156,25273,293,176,293,175
 M,0,25273,25592,293,175,294,451
Sprite,Foreground,Centre,"SB\ship.png",320,240
 M,0,25911,26230,747,116,416,157
 S,0,25911,26470,0.5161601,0.5208756
 M,0,26230,26470,416,157,413,160
 M,0,26470,26709,413,160,450,216
 S,0,26470,26709,0.5208756,0.7004802
 M,0,26709,27667,450,216,451,217
 M,0,27667,27986,451,217,449,525
Sprite,Foreground,Centre,"SB\ice2.png",320,240
 M,0,25273,25592,307,-73,307,157
 S,0,25273,25911,0.7695997
 M,0,25592,25911,307,157,307,158
 M,0,25911,26230,307,158,272,205
 S,0,25911,26230,0.7695997,0.5545596
 M,0,26230,26470,272,205,271,209
 M,0,26470,26709,271,209,230,299
 M,0,26709,27667,230,299,229,300
 M,0,27667,27826,229,300,216,357
Sprite,Foreground,Centre,"SB\plus copy.png",320,240
 S,0,27986,,0.7696001
 M,0,27986,28305,310,399,308,157
 M,0,28305,28624,308,157
 M,0,28624,28943,308,157,227,159
 M,0,28943,29262,227,159
 M,0,29262,29581,227,159,185,123
 M,0,29581,29901,185,123
 M,0,29901,30140,185,123,117,122
 M,0,30140,30299,117,122,112,368
 F,0,30299,,1
Sprite,Foreground,Centre,"SB\equals copy.png",320,240
 S,0,28624,,0.67744
 M,0,28624,28943,463,161,376,160
 M,0,28943,29262,376,160
 M,0,29262,29581,376,160,333,121
 M,0,29581,29901,333,121
 M,0,29901,30140,333,121,260,119
 M,0,30140,30299,260,119,257,367
 F,0,30299,,1
Sprite,Foreground,Centre,"SB\minus copy.png",320,240
 S,0,29262,,0.63136
 M,0,29262,29581,510,159,465,124
 M,0,29581,29901,465,124
 M,0,29901,30140,465,124,396,123
 M,0,30140,30299,396,123,392,369
 F,0,30299,,1
Sprite,Foreground,Centre,"SB\k copy.png",320,240
 S,0,29901,,0.7312
 M,0,29901,30140,598,122,531,123
 M,0,30140,30299,531,123,527,390
 F,0,30299,,1
Animation,Foreground,Centre,"SB\bird copy.png",320,240,2,70,LoopForever
 M,0,30698,30778,634,165,308,148
 M,0,30778,31097,308,148
 M,0,31097,31177,308,148,-22,147
Sprite,Foreground,Centre,"SB\eat.png",320,240
 S,0,31097,,0.7312001
 M,0,31097,31177,654,155,310,154
 M,0,31177,31736,310,154,310,155
 M,0,31736,31815,310,155,-62,160
Sprite,Foreground,Centre,"SB\manly.png",320,240
 S,0,31736,,0.8771199
 M,0,31736,31815,709,164,311,163
 F,0,32135,,1
Sprite,Foreground,Centre,"SB\bubble.png",320,240
 M,0,22879,,320,240
 F,0,22879,32135,1
Sprite,Foreground,Centre,"SB\face1.png",320,240
 L,0,29
  M,0,22879,,190,390
  S,0,22879,,0.5929601
  F,0,22879,23039,1
  F,0,23039,23079,1,0
  F,0,23079,23159,0
  F,0,23159,23198,0,1
Sprite,Foreground,Centre,"SB\face2.png",320,240
 L,0,29
  M,0,23039,,190,390
  S,0,23039,,0.5929602
  F,0,23039,23198,1
  F,0,23198,23238,1,0
  F,0,23238,23318,0
  F,0,23318,23358,0,1
Sprite,Foreground,Centre,"SB\eyes.png",320,240
 L,0,29
  M,0,22879,,257,433
  S,0,22879,22999,0.20896,0.2070395
  F,0,22879,23198,1
  V,0,22999,,0.7926397,1
  S,0,22999,23039,0.2070395,0.2166394
  S,0,23039,23159,0.2166394
  S,0,23159,23198,0.2166394,0.2089594
Sprite,Foreground,Centre,"SB\background2.jpg",320,240
 M,0,32135,,320,240
 F,0,32135,,1
 S,0,32135,,1
 F,0,33092,,1
Sprite,Foreground,Centre,"SB\moredots.png",320,240
 M,0,32135,33092,320,292,320,241
Sprite,Foreground,Centre,"SB\steam.png",320,240
 L,0,10
  M,0,220,,23,237
  F,0,220,539,0,0.3993599
  F,0,539,858,0.3993599
  F,0,858,1177,0.3993599,0
  F,0,1177,1496,0
 S,0,220,1496,1.33792,1.336953
 S,0,1496,2055,1.336953,1.33792
 S,0,2055,4049,1.33792,1.042644
 S,0,4049,4688,1.042644,1.00768
 S,0,4688,9076,1.00768
 S,0,9076,11709,1.00768,1.32256
Sprite,Foreground,Centre,"SB\steam.png",320,240
 L,0,10
  F,0,220,539,0,0.3993599
  F,0,539,858,0.3993599
  F,0,858,1177,0.3993599,0
  F,0,1177,1496,0
 M,0,220,,614,237
 S,0,220,1496,1.33792,1.336953
 P,0,220,12986,H
 S,0,1496,2055,1.336953,1.33792
 S,0,2055,4049,1.33792,1.042644
 S,0,4049,4688,1.042644,1.00768
 S,0,4688,9076,1.00768
 S,0,9076,11709,1.00768,1.32256
Sprite,Foreground,Centre,"SB\fadednine2.png",320,240
 S,0,32135,32254,1.75264,0.9769601
 F,0,33092,,1
Sprite,Foreground,Centre,"SB\frog.png",320,240
 M,0,32135,32254,306,226,315,231
 S,0,32135,32254,0.58528,0.2857599
 F,0,32135,33092,0.1782401,0.20512
Sprite,Foreground,Centre,"SB\fadednine.png",320,240
 L,0,25
  F,0,32135,32174,0.29344,0.4086399
 S,0,32135,32254,0.89248,0.4700801
Sprite,Foreground,Centre,"SB\title.png",320,240
 L,0,25
  F,0,32135,32174,1,0.7696
 M,0,32135,32254,318,272,320,257
 S,0,32135,32254,1.74496,0.9846404
Sprite,Foreground,Centre,"SB\background2.jpg",320,240
 M,0,33092,,320,240
 F,0,33092,,1
 S,0,33092,,1
 F,0,35645,,1
Sprite,Foreground,Centre,"SB\moredots.png",320,240
 M,0,33092,35645,320,239,320,331
Sprite,Foreground,Centre,"SB\moredots.png",320,240
 M,0,33092,35645,320,-141,320,-53
Sprite,Foreground,Centre,"SB\cirno2.png",320,240
 F,0,33092,,1
 S,0,33092,,1.36096
 M,0,33092,33730,317,-57
 M,0,33730,34209,317,-57,318,430
 M,0,34209,35645,318,430,321,434
 F,0,35645,,1
Sprite,Foreground,Centre,"SB\leftside.png",320,240
 S,0,32932,,1.27648
 M,0,32932,33012,-222,244,98,248
 M,0,33012,33092,98,248
 M,0,33092,33172,98,248,-225,255
Sprite,Foreground,Centre,"SB\rightside.png",320,240
 S,0,32932,,1.29184
 M,0,32932,33012,859,248,537,247
 M,0,33012,33092,537,247
 M,0,33092,33172,536,247,862,259
Sprite,Foreground,Centre,"SB\white.PNG",320,240
 M,0,35645,,320,240
 F,0,35645,36922,1
Sprite,Foreground,Centre,"SB\Background.jpg",320,240
 M,0,36922,,320,240
 F,0,36922,,1
 S,0,36922,,1
 F,0,38198,,1
Sprite,Foreground,Centre,"SB\fadedninesmall.png",320,240
 F,0,34049,,0.25888
 S,0,34049,,0.50848
 M,0,34049,34209,267,-3,267,161
 R,0,34049,35645,0,4.70016
 M,0,34209,35645,267,161,270,164
Sprite,Foreground,Centre,"SB\fadedninesmall.png",320,240
 F,0,34049,,0.18976
 S,0,34049,,0.5084803
 M,0,34049,34209,356,-4,356,159
 R,0,34049,35645,0,4.71552
 M,0,34209,35645,356,159,359,163
Sprite,Foreground,Centre,"SB\cirno.png",320,240
 S,0,1097,1137,1.04608,1.397613
 M,0,1097,1257,320,928,320,411
 S,0,1137,2135,1.397613,1.39936
 M,0,1257,1337,320,411,320,430
 M,0,1337,2135,320,430
 M,0,2135,4049,320,430,316,333
 S,0,2135,4049,1.39936,0.9905606
 M,0,4049,4688,316,333,315,321
 S,0,4049,4688,0.9905606,0.9385599
 F,0,4688,,1
Sprite,Foreground,Centre,"SB\cirno3.png",320,240
 F,0,4688,,1
 S,0,4688,,0.9155205
 M,0,4688,5406,340,293,460,294
 M,0,5406,5725,460,294,486,293
 F,0,8119,,1
Sprite,Foreground,Centre,"SB\text1a.png",320,240
 M,0,35645,35725,770,237,321,237
 M,0,35725,35885,321,237
 M,0,35885,35964,321,237,-198,243
Sprite,Foreground,Centre,"SB\text1.png",320,240
 M,0,35645,35725,770,237,321,237
 F,0,35645,35725,0
 F,0,35725,35765,0,1
 M,0,35725,35885,321,237
 F,0,35765,35845,1
 F,0,35845,35885,1,0
 M,0,35885,35964,321,237,-198,243
Sprite,Foreground,Centre,"SB\text2a.png",320,240
 M,0,35964,36044,770,237,321,237
 M,0,36044,36204,321,237
 M,0,36204,36284,321,237,-198,243
Sprite,Foreground,Centre,"SB\text2.png",320,240
 M,0,35964,36044,770,237,321,237
 F,0,35964,36044,0
 F,0,36044,36084,0,1
 M,0,36044,36204,321,237
 F,0,36084,36164,1
 F,0,36164,36204,1,0
 M,0,36204,36284,321,237,-198,243
Sprite,Foreground,Centre,"SB\text3a.png",320,240
 M,0,36284,36363,318,-41,324,233
 M,0,36363,36523,321,237
 M,0,36523,36603,321,237,-198,243
Sprite,Foreground,Centre,"SB\text3.png",320,240
 M,0,36284,36363,318,-41,324,233
 F,0,36284,36363,0
 F,0,36363,36403,0,1
 M,0,36363,36523,321,237
 F,0,36403,36483,1
 F,0,36483,36523,1,0
 M,0,36523,36603,321,237,-198,243
Sprite,Foreground,Centre,"SB\text4a.png",320,240
 M,0,36603,36682,770,237,321,237
 M,0,36682,36842,321,237
 M,0,36842,36922,321,237,-198,243
Sprite,Foreground,Centre,"SB\text4.png",320,240
 M,0,36603,36682,770,237,321,237
 F,0,36603,36682,0
 F,0,36682,36722,0,1
 M,0,36682,36842,321,237
 F,0,36722,36802,1
 F,0,36802,36842,1,0
 M,0,36842,36922,321,237,-198,243
Sprite,Foreground,Centre,"SB\arrow.png",320,240
 S,0,33810,,1.47616
 M,0,33810,34209,499,-51,492,150
 R,0,33810,34209,0.52224
 M,0,34209,35645,492,150,496,150
 R,0,34209,35645,0.52224,0.3839999
Sprite,Foreground,Centre,"SB\Circle.png",320,240
 S,0,33970,,0.33952
 M,0,33970,34209,575,-46,571,70
 M,0,34209,35645,571,70,564,60
Sprite,Foreground,Centre,"SB\Circlearrow.png",320,240
 M,0,34688,,121,45
 S,0,34688,,0.4700802
 F,0,34688,35645,1
Sprite,Foreground,Centre,"SB\Circlearrow.png",320,240
 M,0,34768,,122,139
 S,0,34768,,0.4700802
 F,0,34768,35645,1
Sprite,Foreground,Centre,"SB\Circlearrow.png",320,240
 M,0,34847,,122,231
 S,0,34847,,0.4700802
 F,0,34847,35645,1
Sprite,Foreground,Centre,"SB\Circlearrow.png",320,240
 M,0,34927,,123,323
 S,0,34927,,0.4700802
 F,0,34927,35645,1
Sprite,Foreground,Centre,"SB\Circlearrow.png",320,240
 M,0,35007,,122,416
 S,0,35007,,0.4700802
 F,0,35007,35645,1
Sprite,Foreground,Centre,"SB\mouth2.png",320,240
 M,0,1217,1257,335,548,335,416
 M,0,1257,1337,335,416,335,434
 F,0,1416,,1
Sprite,Foreground,Centre,"SB\mouth3.png",320,240
 M,0,1416,,334,439
 F,0,1576,,1
Sprite,Foreground,Centre,"SB\mouth2.png",320,240
 M,0,1576,,335,416,335,434
 F,0,1736,,1
Sprite,Foreground,Centre,"SB\mouth1.png",320,240
 M,0,1736,,335,416,335,434
 F,0,2055,,1
Sprite,Foreground,Centre,"SB\mouth2.png",320,240
 M,0,2055,2135,334,436
 M,0,2135,2294,334,436,334,428
 S,0,2135,2294,0.90784,0.8463995
 F,0,2294,,1
Sprite,Foreground,Centre,"SB\mouth3.png",320,240
 M,0,2294,2454,334,426,334,418
 S,0,2294,2454,0.8387201,0.7926404
Sprite,Foreground,Centre,"SB\mouth2.png",320,240
 M,0,2454,2693,333,422,333,408
 S,0,2454,2693,0.8079997,0.7849596
Sprite,Foreground,Centre,"SB\mouth4.png",320,240
 S,0,2693,,0.7772798
 M,0,2693,2813,333,408,333,402
Sprite,Foreground,Centre,"SB\mouth3.png",320,240
 S,0,2813,,0.75424
 M,0,2813,2932,332,401,331,393
Sprite,Foreground,Centre,"SB\mouth1.png",320,240
 M,0,2932,3132,332,394,329,382
 S,0,2932,3132,0.6774404,0.6313604
Sprite,Foreground,Centre,"SB\mouth4.png",320,240
 S,0,3132,,0.71584
 M,0,3132,3252,329,382,329,377
Sprite,Foreground,Centre,"SB\mouth3.png",320,240
 M,0,3252,3411,328,378,327,369
 S,0,3252,3411,0.7235199,0.6543998
Sprite,Foreground,Centre,"SB\mouth2.png",320,240
 M,0,3411,3730,327,370,326,352
 S,0,3411,3730,0.6467195,0.5929594
Sprite,Foreground,Centre,"SB\mouth3.png",320,240
 M,0,3730,3970,326,353,324,339
 S,0,3730,3970,0.6006398,0.5699199
Sprite,Foreground,Centre,"SB\mouth2.png",320,240
 M,0,3970,4049,325,341,324,335
 S,0,3970,4049,0.5315202,0.5119486
 M,0,4049,4249,324,335,323,331
 S,0,4049,4249,0.5119486,0.4931203
Sprite,Foreground,Centre,"SB\mouth1.png",320,240
 M,0,4249,4688,323,332,322,322
 S,0,4249,4688,0.4700803,0.4470404
Sprite,Foreground,Centre,"SB\spin.png",320,240
 M,0,8119,,478,327
 S,0,8119,,0.6544001
 F,0,8119,8198,1
Sprite,Foreground,Centre,"SB\Cirno Ful.png",320,240
 M,0,8198,,482,276
 S,0,8198,,0.8003203
 F,0,8198,9156,1
Sprite,Foreground,Centre,"SB\cirno4.png",320,240
 M,0,9156,11709,488,286,304,348
 S,0,9156,11709,0.8540804,1.29184
 F,0,12666,,1
Sprite,Foreground,Centre,"SB\bub8.png",320,240
 F,0,37720,37799,1
 M,0,37799,,320,240
 S,0,37799,,0.9232002
 F,0,37799,38198,1
Sprite,Foreground,Centre,"SB\bub1.png",320,240
 M,0,36922,,214,171
 S,0,36922,,0.9078401
 F,0,36922,37720,1
Sprite,Foreground,Centre,"SB\bub2.png",320,240
 M,0,37028,,344,134
 S,0,37028,,0.91552
 F,0,37028,37720,1
Sprite,Foreground,Centre,"SB\bub3.png",320,240
 M,0,37135,,491,170
 S,0,37135,,0.9231998
 F,0,37135,37720,1
Sprite,Foreground,Centre,"SB\bub4.png",320,240
 M,0,37241,,472,246
 S,0,37241,,0.9001604
 F,0,37241,37720,1
Sprite,Foreground,Centre,"SB\bub5.png",320,240
 M,0,37347,,454,348
 S,0,37347,,0.9001602
 F,0,37347,37720,1
Sprite,Foreground,Centre,"SB\bub6.png",320,240
 M,0,37454,,239,360
 S,0,37454,,0.9231995
 F,0,37454,37720,1
Sprite,Foreground,Centre,"SB\bub7.png",320,240
 M,0,37560,,166,264
 S,0,37560,,0.9155202
 F,0,37560,37720,1
Sprite,Foreground,Centre,"SB\cirnoface.png",320,240
 M,0,36922,,334,240
 F,0,36922,38198,1
 S,0,36922,38198,0.3856,0.4086401
Sprite,Foreground,Centre,"SB\background4.png",320,240
 M,0,38198,38677,453,320
 S,0,38198,38677,2.70496
 M,0,38677,38837,453,320,413,264
 S,0,38677,38837,2.70496,2.27488
 M,0,38837,39954,413,264,413,263
 S,0,38837,39954,2.27488
 M,0,39954,40113,413,263,331,265
 S,0,39954,40113,2.27488,1.92928
 V,0,40113,,1,1.02304
 F,0,40752,,1
Sprite,Foreground,Centre,"SB\suwako.png",320,240
 M,0,38198,38677,520,448
 S,0,38198,38677,1.56832
 M,0,38677,38837,520,448,311,234
 S,0,38677,38837,1.56832,0.9231998
 M,0,38837,39954,311,234
 S,0,38837,39954,0.9231998,0.9243523
 M,0,39954,40113,311,234,166,342
 S,0,39954,40113,0.9243523,0.5096263
 F,0,40752,,1
Sprite,Foreground,Centre,"SB\cirnoahh.png",320,240
 S,0,39954,,0.7542399
 M,0,39954,40113,763,223,485,275
 F,0,39954,40752,1
Sprite,Foreground,Centre,"SB\icicle1.png",320,240
 M,0,39954,40113,98,34,121,46
 F,0,40752,,1
Sprite,Foreground,Centre,"SB\icicle2.png",320,240
 M,0,39954,40113,669,-19,615,37
 F,0,39954,40752,1
Sprite,Foreground,Centre,"SB\icicle3.png",320,240
 M,0,39954,40113,679,445,561,441
 F,0,39954,40752,1
Sprite,Foreground,Centre,"SB\white.PNG",320,240
 S,0,40752,,1.08448
 M,0,40752,41230,320,240
 F,0,42028,,1
Sprite,Foreground,Centre,"SB\text5a.png",320,240
 M,0,40752,40831,809,234,305,233
 M,0,40831,40991,305,233
 M,0,40991,41071,305,233,-173,232
Sprite,Foreground,Centre,"SB\text5.png",320,240
 M,0,40752,40831,809,234,305,233
 F,0,40752,40831,0
 F,0,40831,40871,0,1
 M,0,40831,40991,305,233
 F,0,40871,40951,1
 F,0,40951,40991,1,0
 M,0,40991,41071,305,233,-173,232
Sprite,Foreground,Centre,"SB\text6a.png",320,240
 M,0,40991,41071,809,234,305,233
 M,0,41071,41230,305,233
 M,0,41230,41310,305,233,-173,232
Sprite,Foreground,Centre,"SB\text6.png",320,240
 M,0,40991,41071,809,234,305,233
 F,0,40991,41071,0
 F,0,41071,41111,0,1
 M,0,41071,41230,305,233
 F,0,41111,41190,1
 F,0,41190,41230,1,0
 M,0,41230,41310,305,233,-173,232
Sprite,Foreground,Centre,"SB\text7a.png",320,240
 M,0,41310,41390,318,-41,324,233
 M,0,41390,41629,321,237
 M,0,41629,41709,321,237,-198,243
Sprite,Foreground,Centre,"SB\text7.png",320,240
 M,0,41310,41390,318,-41,324,233
 F,0,41310,41390,0
 F,0,41390,41430,0,1
 M,0,41390,41629,321,237
 F,0,41430,41589,1
 F,0,41589,41629,1,0
 M,0,41629,41709,321,237,-198,243
Sprite,Foreground,Centre,"SB\text8a.png",320,240
 M,0,41629,41709,770,237,321,237
 M,0,41709,41948,321,237
 M,0,41948,42028,321,237,-198,243
Sprite,Foreground,Centre,"SB\text8.png",320,240
 M,0,41629,41709,770,237,321,237
 F,0,41629,41709,0
 F,0,41709,41749,0,1
 M,0,41709,41948,321,237
 F,0,41749,41909,1
 F,0,41909,41948,1,0
 M,0,41948,42028,321,237,-198,243
Sprite,Foreground,Centre,"SB\background3.jpg",320,240
 S,0,42028,,1.08448
 F,0,43305,,1
Sprite,Foreground,Centre,"SB\ocean.png",320,240
 M,0,42028,,299,301
 S,0,42028,,1.28416
 F,0,43305,,1
Sprite,Foreground,Centre,"SB\tree.png",320,240
 M,0,42028,,319,22
 S,0,42028,42135,1.35328
 F,0,43305,,1
Sprite,Foreground,Centre,"SB\hotspring0.png",320,240
 M,0,42028,,320,382
 S,0,42028,,1.33024
 F,0,43305,,1
Sprite,Foreground,Centre,"SB\bubb8.png",320,240
 S,0,42986,,0.9078401
 F,0,43305,,1
Sprite,Foreground,Centre,"SB\bubb1.png",320,240
 M,0,42028,,216,174
 S,0,42028,,0.9078401
 F,0,42986,,1
Sprite,Foreground,Centre,"SB\bubb2.png",320,240
 M,0,42135,,343,125
 S,0,42135,,0.90784
 F,0,42986,,1
Sprite,Foreground,Centre,"SB\bubb3.png",320,240
 M,0,42241,,503,160
 S,0,42241,,0.9001598
 F,0,42986,,1
Sprite,Foreground,Centre,"SB\bubb4.png",320,240
 M,0,42347,,480,243
 S,0,42347,,0.9155203
 F,0,42986,,1
Sprite,Foreground,Centre,"SB\bubb5.png",320,240
 M,0,42454,,461,352
 S,0,42454,,0.9155203
 F,0,42986,,1
Sprite,Foreground,Centre,"SB\bubb6.png",320,240
 M,0,42560,,239,358
 F,0,42986,,1
 S,0,42986,,0.9078403
Sprite,Foreground,Centre,"SB\bubb7.png",320,240
 M,0,42667,,167,263
 S,0,42667,,0.9001598
 F,0,42986,,1
Sprite,Foreground,Centre,"SB\cirnoXD.png",320,240
 M,0,42028,,334,247
 S,0,42028,43305,0.6467204,0.7081602
Sprite,Foreground,Centre,"SB\cirnoXDarm.png",320,240
 M,0,42028,42347,417,283,423,293
 R,0,42028,42347,0.07679991,0.35328
 S,0,42028,43305,0.56992,0.6313602
 M,0,42347,42667,423,293,419,284
 R,0,42347,42667,0.35328,0.0460797
 M,0,42667,42986,419,284,429,293
 R,0,42667,42986,0.0460797,0.3225595
 M,0,42986,43305,429,293,429,289
 R,0,42986,43305,0.3225595,0.1382394
 F,0,43305,,1
Sprite,Foreground,Centre,"SB\backgroundpulse.png",320,240
 L,0,32
  M,0,43305,43943,350,269,286,202
 M,0,46177,46495,317,301,286,202
 M,0,46656,47133,333,252,286,202
Sprite,Foreground,Centre,"SB\Pulseflake.png",320,240
 L,0,12
  S,0,43305,43464,1.20736,1.0768
  S,0,43464,43624,1.0768
Sprite,Foreground,Centre,"SB\Pulseflake.png",320,240
 L,0,8
  S,0,48411,48571,1.20736,1.0768
  S,0,48571,48730,1.0768
Sprite,Foreground,Centre,"SB\Pulseflake.png",320,240
 M,0,47135,,320,240
 S,0,47135,,1.06912
 R,0,47135,48411,0,-3.13344
Animation,Foreground,Centre,"SB\note.png",320,240,2,70,LoopForever
 M,0,43305,43464,316,622,309,263
 S,0,43305,43784,0.5929602
 F,0,43305,44741,1
 M,0,43464,43784,309,263
 M,0,43784,43943,309,263,454,257
 S,0,43784,43943,0.5929602,0.5468802
 M,0,43943,44581,454,257
 M,0,44581,44741,454,257,462,623
Animation,Foreground,Centre,"SB\egg.png",320,240,2,70,LoopForever
 S,0,43784,,0.5852798
 M,0,43784,43943,-101,230,174,236
 M,0,43943,44581,174,236
 M,0,44581,44741,174,236,172,574
 F,0,44741,,1
Sprite,Foreground,Centre,"SB\cirno5.png",320,240
 S,0,44581,,0.7081602
 M,0,44581,44741,318,558,312,252
 M,0,44741,44821,312,252,312,265
 F,0,45858,,1
Sprite,Foreground,Centre,"SB\Cmouth1.png",320,240
 S,0,44661,,0.5161606
 M,0,44661,44741,316,472,316,319
Sprite,Foreground,Centre,"SB\Cmouth2.png",320,240
 S,0,44741,,0.47008
 M,0,44741,44821,316,328,316,336
 F,0,44821,,1
Sprite,Foreground,Centre,"SB\Cmouth3.png",320,240
 M,0,44821,,316,340
 F,0,44901,,1
Sprite,Foreground,Centre,"SB\Cmouth4.png",320,240
 M,0,44901,,316,339
 F,0,44901,45140,1
Sprite,Foreground,Centre,"SB\cirno5arms.png",320,240
 S,0,44581,,0.7388803
 M,0,44581,44741,314,553,323,402
 F,0,44581,45858,1
 M,0,44741,44821,323,402,323,415
Sprite,Foreground,Centre,"SB\moe c.png",320,240
 S,0,45060,,0.8464
 M,0,45060,45220,325,606,326,325
 F,0,45060,45858,1
 M,0,45220,45299,326,325,326,339
Sprite,Foreground,Centre,"SB\cirnoask.png",320,240
 M,0,47135,,378,361
 S,0,47135,,0.7465602
 F,0,48411,,1
Sprite,Foreground,Centre,"SB\cirnowut.png",320,240
 M,0,46656,46975,316,-82,318,206
 F,0,46656,47135,1
Sprite,Foreground,Centre,"SB\cirnowut.png",320,240
 M,0,46257,46576,402,-77,416,308
 F,0,46257,47135,1
Sprite,Foreground,Centre,"SB\cirnowut.png",320,240
 M,0,46257,46576,248,-70,250,308
 F,0,47135,,1
Sprite,Foreground,Centre,"SB\cirnowut.png",320,240
 M,0,45858,46177,175,-73,175,405
 F,0,47135,,1
Sprite,Foreground,Centre,"SB\cirnowut.png",320,240
 M,0,45858,46177,336,-73,339,404
 F,0,47135,,1
Sprite,Foreground,Centre,"SB\cirnowut.png",320,240
 M,0,45858,46177,502,-80,506,404
 F,0,47135,,1
Sprite,Foreground,Centre,"SB\question.png",320,240
 M,0,47135,,345,121
 F,0,48411,,1
Sprite,Foreground,Centre,"SB\question.png",320,240
 M,0,47454,,58,418
 S,0,47454,,0.5699201
 F,0,48411,,1
Sprite,Foreground,Centre,"SB\question.png",320,240
 M,0,47613,,528,52
 S,0,47613,,0.77728
 F,0,48411,,1
Sprite,Foreground,Centre,"SB\question.png",320,240
 M,0,47773,,68,224
 S,0,47773,,0.9231999
 F,0,48411,,1
Sprite,Foreground,Centre,"SB\question.png",320,240
 M,0,47932,,167,80
 S,0,47932,,0.30112
 F,0,48411,,1
Sprite,Foreground,Centre,"SB\question.png",320,240
 M,0,48092,,524,178
 S,0,48092,,0.3702397
 F,0,48092,48411,1
Sprite,Foreground,Centre,"SB\question.png",320,240
 M,0,48252,,227,150
 S,0,48252,,0.6006399
 F,0,48411,,1
Sprite,Foreground,Centre,"SB\meditate.png",320,240
 M,0,48411,,341,477
 S,0,48411,,1.7
 F,0,49049,,1
Sprite,Foreground,Centre,"SB\meditate.png",320,240
 M,0,49049,,317,304
 S,0,49049,,0.89248
 F,0,49049,49369,1
Sprite,Foreground,Centre,"SB\meditate.png",320,240
 M,0,49369,,320,265
 S,0,49369,,0.6160002
 F,0,49369,49688,1
Sprite,Foreground,Centre,"SB\meditate.png",320,240
 M,0,49688,,157,243
 S,0,49688,,0.5699201
 F,0,49688,50007,1
Sprite,Foreground,Centre,"SB\meditate.png",320,240
 M,0,49688,,451,246
 S,0,49688,,0.5622403
 F,0,49688,50007,1
Sprite,Foreground,Centre,"SB\meditate.png",320,240
 M,0,50007,,481,375
 S,0,50007,,0.35
 F,0,50007,50326,1
Sprite,Foreground,Centre,"SB\meditate.png",320,240
 M,0,50007,,151,376
 S,0,50007,,0.35
 F,0,50326,,1
Sprite,Foreground,Centre,"SB\meditate.png",320,240
 M,0,50007,,153,147
 S,0,50007,,0.35
 F,0,50326,,1
Sprite,Foreground,Centre,"SB\meditate.png",320,240
 M,0,50007,,478,139
 S,0,50007,,0.35
 F,0,50326,,1
Sprite,Foreground,Centre,"SB\Circle.png",320,240
 M,0,50645,,320,240
 S,0,50645,,0.85408
 F,0,50964,,1
Sprite,Foreground,Centre,"SB\Circle.png",320,240
 M,0,50326,,482,376
 S,0,50326,,0.3472
 F,0,50326,50486,1
Sprite,Foreground,Centre,"SB\Circle.png",320,240
 M,0,50326,,483,144
 S,0,50326,,0.3472
 F,0,50326,50486,1
Sprite,Foreground,Centre,"SB\Circle.png",320,240
 M,0,50326,,156,150
 S,0,50326,,0.3472
 F,0,50326,50486,1
Sprite,Foreground,Centre,"SB\Circle.png",320,240
 M,0,50326,,154,382
 S,0,50326,,0.3472
 F,0,50326,50486,1
Sprite,Foreground,Centre,"SB\Circle.png",320,240
 M,0,50486,,161,241
 S,0,50486,,0.5622402
 F,0,50645,,1
Sprite,Foreground,Centre,"SB\Circle.png",320,240
 M,0,50486,,484,241
 S,0,50486,,0.5622402
 F,0,50645,,1
Sprite,Foreground,Centre,"SB\background6.png",320,240
 S,0,50964,,1.46848
 F,0,50964,51284,1
Sprite,Foreground,Centre,"SB\background6a.png",320,240
 S,0,51284,,1.46848
 F,0,51284,51603,1
Sprite,Foreground,Centre,"SB\background6a.png",320,240
 S,0,51922,,1.6912
 F,0,51922,52241,1
Sprite,Foreground,Centre,"SB\background6.png",320,240
 S,0,51603,,1.46848
 F,0,51603,51922,1
Sprite,Foreground,Centre,"SB\sanae.png",320,240
 F,0,50964,,1
 S,0,50964,,0.7695999
 M,0,50964,51284,323,696,319,270
 M,0,51284,52241,319,270,319,245
Sprite,Foreground,Centre,"SB\Pulseflake.png",320,240
 L,0,12
  S,0,53518,53677,1.20736,1.0768
  S,0,53677,53837,1.0768
Sprite,Foreground,Centre,"SB\Pulseflake.png",320,240
 L,0,8
  S,0,58624,58784,1.20736,1.0768
  S,0,58784,58943,1.0768
Sprite,Foreground,Centre,"SB\Pulseflake.png",320,240
 M,0,57347,,320,240
 S,0,57347,,1.06912
 R,0,57347,58623,0,-3.13344
Sprite,Foreground,Centre,"SB\sawacirno.png",320,240
 M,0,52241,,319,326
 S,0,52241,,0.7542398
 F,0,53518,,1
Sprite,Foreground,Centre,"SB\lessdots.png",320,240
 M,0,52560,,159,87
 F,0,53518,,1
Sprite,Foreground,Centre,"SB\lessdots.png",320,240
 M,0,52879,,316,87
 F,0,53518,,1
Sprite,Foreground,Centre,"SB\lessdots.png",320,240
 M,0,53198,,478,87
 F,0,53518,,1
Animation,Foreground,Centre,"SB\note.png",320,240,2,70,LoopForever
 M,0,53518,53677,304,614,324,246
 S,0,53518,53996,0.5468801
 M,0,53677,53996,324,246
 M,0,53996,54156,324,246,445,246
 S,0,53996,54156,0.5468801,0.4547203
 M,0,54156,54635,445,246
 M,0,54635,54794,445,246,447,578
Animation,Foreground,Centre,"SB\egg.png",320,240,2,70,LoopForever
 S,0,53996,,0.52384
 M,0,53996,54156,-97,222,167,223
 M,0,54156,54635,167,223
 M,0,54635,54794,167,223,170,564
Sprite,Foreground,Centre,"SB\cirno6.png",320,240
 S,0,54635,,0.67744
 M,0,54635,54794,303,670,307,259
 M,0,54794,54874,307,259,307,271
 F,0,56071,,1
Sprite,Foreground,Centre,"SB\Cmouth1.png",320,240
 S,0,54714,,0.4777597
 M,0,54714,54794,317,488,311,331
 F,0,54714,54954,1
 M,0,54794,54874,311,331,311,342
Sprite,Foreground,Centre,"SB\Cmouth2.png",320,240
 M,0,54954,,311,349
 S,0,54954,,0.3471999
 F,0,55034,,1
Sprite,Foreground,Centre,"SB\Cmouth3.png",320,240
 M,0,55034,,309,346
 F,0,55113,,1
Sprite,Foreground,Centre,"SB\Cmouth4.png",320,240
 M,0,55113,,310,348
 F,0,55113,55432,1
Sprite,Foreground,Centre,"SB\cirno5arms.png",320,240
 S,0,54714,,0.7004799
 M,0,54714,54794,323,541,318,408
 M,0,54794,54874,318,408,317,420
 F,0,56071,,1
Sprite,Foreground,Centre,"SB\moe d.png",320,240
 S,0,55273,,0.8310398
 M,0,55273,55432,320,585,320,338
 M,0,55432,55512,320,338,320,349
 F,0,56071,,1
Sprite,Foreground,Centre,"SB\cirnowut.png",320,240
 M,0,56071,56789,322,403
 M,0,56789,57268,322,403,302,-93
 F,0,57347,,1
Sprite,Foreground,Centre,"SB\cirnowut.png",320,240
 M,0,56071,56549,243,328
 F,0,56071,57347,1
 M,0,56549,57028,243,328,226,-90
Sprite,Foreground,Centre,"SB\cirnowut.png",320,240
 M,0,56071,56549,403,326
 F,0,56071,57347,1
 M,0,56549,57028,403,326,391,-91
Sprite,Foreground,Centre,"SB\cirnowut.png",320,240
 M,0,56071,56230,316,232
 F,0,56071,57347,1
 M,0,56230,56549,316,232,309,-92
Sprite,Foreground,Centre,"SB\cirnowut.png",320,240
 M,0,56071,56789,169,409
 F,0,56071,57347,1
 M,0,56789,57268,169,409,163,-92
Sprite,Foreground,Centre,"SB\cirnowut.png",320,240
 M,0,56071,56789,482,402
 M,0,56789,57268,482,402,456,-93
 F,0,57347,,1
Sprite,Foreground,Centre,"SB\cirnodizzy.png",320,240
 M,0,57347,,375,348
 S,0,57347,,0.9923199
 F,0,58624,,1
Sprite,Foreground,Centre,"SB\question.png",320,240
 M,0,57347,,416,95
 S,0,57347,,0.9001601
 F,0,57347,58624,1
Sprite,Foreground,Centre,"SB\question.png",320,240
 M,0,57507,,585,41
 S,0,57507,,0.4009599
 F,0,57507,58624,1
Sprite,Foreground,Centre,"SB\question.png",320,240
 M,0,57667,,75,289
 S,0,57667,,0.7004802
 F,0,57667,58624,1
Sprite,Foreground,Centre,"SB\question.png",320,240
 M,0,57826,,257,52
 S,0,57826,,0.6083202
 F,0,57826,58624,1
Sprite,Foreground,Centre,"SB\question.png",320,240
 M,0,57986,,613,442
 S,0,57986,,0.4009599
 F,0,57986,58624,1
Sprite,Foreground,Centre,"SB\question.png",320,240
 M,0,58145,,68,415
 S,0,58145,,0.4700804
 F,0,58145,58624,1
Sprite,Foreground,Centre,"SB\question.png",320,240
 M,0,58305,,134,127
 S,0,58305,,1.06144
 F,0,58305,58624,1
Sprite,Foreground,Centre,"SB\question.png",320,240
 M,0,58464,,535,147
 S,0,58464,,0.6236799
 F,0,58464,58624,1
Sprite,Foreground,Centre,"SB\meditate2.png",320,240
 M,0,58624,,316,470
 S,0,58624,,1.6528
 F,0,59262,,1
Sprite,Foreground,Centre,"SB\meditate2.png",320,240
 M,0,59262,,316,299
 S,0,59262,,1.06912
 F,0,59262,59581,1
Sprite,Foreground,Centre,"SB\meditate2.png",320,240
 S,0,59581,,0.7235202
 F,0,59581,59901,1
Sprite,Foreground,Centre,"SB\meditate2.png",320,240
 M,0,59901,,147,243
 S,0,59901,,0.72352
 F,0,60220,,1
Sprite,Foreground,Centre,"SB\meditate2.png",320,240
 M,0,59901,,460,242
 S,0,59901,,0.7235199
 F,0,60220,,1
Sprite,Foreground,Centre,"SB\meditate2.png",320,240
 M,0,60220,,471,115
 S,0,60220,,0.3702403
 F,0,60220,60539,1
Sprite,Foreground,Centre,"SB\meditate2.png",320,240
 M,0,60220,,472,361
 S,0,60220,,0.37024
 F,0,60539,,1
Sprite,Foreground,Centre,"SB\meditate2.png",320,240
 M,0,60220,,163,119
 S,0,60220,,0.3702402
 F,0,60539,,1
Sprite,Foreground,Centre,"SB\meditate2.png",320,240
 M,0,60220,,163,356
 S,0,60220,,0.3702403
 F,0,60539,,1
Sprite,Foreground,Centre,"SB\Circle.png",320,240
 M,0,60539,,165,362
 S,0,60539,,0.3625597
 F,0,60539,60698,1
Sprite,Foreground,Centre,"SB\Circle.png",320,240
 M,0,60539,,476,364
 S,0,60539,,0.36256
 F,0,60698,,1
Sprite,Foreground,Centre,"SB\Circle.png",320,240
 M,0,60539,,167,126
 S,0,60539,,0.36256
 F,0,60698,,1
Sprite,Foreground,Centre,"SB\Circle.png",320,240
 M,0,60539,,475,121
 S,0,60539,,0.36256
 F,0,60698,,1
Sprite,Foreground,Centre,"SB\Circle.png",320,240
 M,0,60698,,127,253
 S,0,60698,,0.4854402
 F,0,60698,60858,1
Sprite,Foreground,Centre,"SB\Circle.png",320,240
 M,0,60698,,502,252
 S,0,60698,,0.4854401
 F,0,60858,,1
Sprite,Foreground,Centre,"SB\Circle.png",320,240
 S,0,60858,,0.9231999
 F,0,60858,61177,1
Sprite,Foreground,Centre,"SB\background6.png",320,240
 S,0,61177,,1.4608
 F,0,61496,,1
Sprite,Foreground,Centre,"SB\background6a.png",320,240
 S,0,61496,,1.4608
 F,0,61496,61815,1
Sprite,Foreground,Centre,"SB\background6.png",320,240
 S,0,61815,,1.4608
 F,0,61815,62135,1
Sprite,Foreground,Centre,"SB\background6a.png",320,240
 S,0,62135,,1.4608
 F,0,62454,,1
Sprite,Foreground,Centre,"SB\sanae2.png",320,240
 S,0,61177,61815,1.00768,1.192
 F,0,61177,62454,1
 M,0,61815,,320,281
 S,0,61815,62454,1.192,1.27648
Sprite,Foreground,Centre,"SB\scared.png",320,240
 F,0,62454,62494,1
 M,0,62454,63730,318,307,316,282
 S,0,62454,63730,1.00768,1.16128
Sprite,Foreground,Centre,"SB\shake.png",320,240
 F,0,62454,62534,1,0
 M,0,62454,63730,310,363,311,353
 S,0,62454,63730,0.9231998,1.08448
 F,0,62534,62613,0,1
 F,0,62613,62693,1,0
 F,0,62693,62773,0,1
 F,0,62773,62853,1,0
 F,0,62853,62932,0,1
 F,0,62932,63012,1,0
 F,0,63012,63092,0,1
 F,0,63092,63172,1,0
 F,0,63172,63252,0,1
 F,0,63252,63331,1,0
 F,0,63331,63411,0,1
 F,0,63411,63491,1,0
 F,0,63491,63571,0,1
 F,0,63571,63651,1,0
 F,0,63651,63730,0,1
Sprite,Foreground,Centre,"SB\mouth6.png",320,240
 S,0,4688,,0.5008005
 M,0,4688,4847,316,320,344,320
 F,0,4847,,1
Sprite,Foreground,Centre,"SB\mouth5.png",320,240
 S,0,4847,,0.51616
 M,0,4847,4967,344,319,366,319
 F,0,4967,,1
Sprite,Foreground,Centre,"SB\mouth6.png",320,240
 S,0,4967,,0.5161598
 M,0,4967,5087,366,320,384,320
 F,0,5087,,1
Sprite,Foreground,Centre,"SB\mouth5.png",320,240
 S,0,5087,,0.5238402
 M,0,5087,5206,384,319,404,319
 F,0,5206,,1
Sprite,Foreground,Centre,"SB\mouth6.png",320,240
 S,0,5206,,0.5238399
 M,0,5206,5326,404,319,422,319
 F,0,5326,,1
Sprite,Foreground,Centre,"SB\mouth5.png",320,240
 S,0,5326,,0.5008002
 M,0,5326,5446,422,318,442,319
 F,0,5446,,1
Sprite,Foreground,Centre,"SB\mouth7.png",320,240
 M,0,5446,,442,319
 S,0,5446,,0.4931201
 F,0,5486,,1
Sprite,Foreground,Centre,"SB\mouth6.png",320,240
 S,0,5486,,0.5315201
 M,0,5486,5565,445,319,449,319
 F,0,5486,5565,1
Sprite,Foreground,Centre,"SB\mouth5.png",320,240
 S,0,5565,,0.5391998
 M,0,5565,5645,449,319,456,319
 F,0,5645,,1
Sprite,Foreground,Centre,"SB\mouth6.png",320,240
 S,0,5645,,0.5391995
 M,0,5645,5725,456,321,462,321
 F,0,5725,5765,1
Sprite,Foreground,Centre,"SB\mouth5.png",320,240
 M,0,5765,,462,320
 S,0,5765,,0.5315198
 F,0,5765,5924,1
Sprite,Foreground,Centre,"SB\mouth7.png",320,240
 M,0,5924,,462,321
 S,0,5924,,0.5008002
 F,0,5964,,1
Sprite,Foreground,Centre,"SB\mouth6.png",320,240
 M,0,5964,,462,321
 S,0,5964,,0.51616
 F,0,6044,6084,1
Sprite,Foreground,Centre,"SB\mouth7.png",320,240
 M,0,6084,,468,321
 S,0,6084,,0.4470398
 F,0,6084,6523,1
Sprite,Foreground,Centre,"SB\mouth6.png",320,240
 M,0,6523,,465,321
 S,0,6523,,0.4700801
 F,0,6603,,1
Sprite,Foreground,Centre,"SB\mouth5.png",320,240
 M,0,6603,,465,319
 S,0,6603,,0.4700797
 F,0,6603,6682,1
 F,0,6682,6762,1
Sprite,Foreground,Centre,"SB\mouth6.png",320,240
 M,0,6762,,465,322
 S,0,6762,,0.4854401
 F,0,6762,6882,1
Sprite,Foreground,Centre,"SB\mouth5.png",320,240
 M,0,6882,,465,321
 S,0,6882,,0.4931201
 F,0,6882,6962,1
Sprite,Foreground,Centre,"SB\mouth7.png",320,240
 M,0,6962,,467,323
 S,0,6962,,0.4547198
 F,0,6962,7002,1
Sprite,Foreground,Centre,"SB\mouth8.png",320,240
 M,0,7002,,466,321
 S,0,7002,,0.5008002
 F,0,7002,7121,1
Sprite,Foreground,Centre,"SB\mouth5.png",320,240
 M,0,7121,,466,320
 S,0,7121,,0.5008
 F,0,7121,7241,1
Sprite,Foreground,Centre,"SB\mouth6.png",320,240
 M,0,7241,,466,322
 S,0,7241,,0.5008
 F,0,7241,7520,1
Sprite,Foreground,Centre,"SB\mouth5.png",320,240
 M,0,7520,,466,321
 S,0,7520,,0.5007999
 F,0,7520,7919,1
Sprite,Foreground,Centre,"SB\mouth6.png",320,240
 M,0,7919,,466,322
 S,0,7919,,0.5161603
 F,0,7919,7999,1
Sprite,Foreground,Centre,"SB\mouth5.png",320,240
 M,0,7999,,467,320
 S,0,7999,,0.5238396
 F,0,7999,8119,1
Sprite,Foreground,Centre,"SB\mouth5.png",320,240
 M,0,8198,,463,309
 S,0,8198,,0.5315199
 F,0,8198,8278,1
Sprite,Foreground,Centre,"SB\mouth8.png",320,240
 M,0,8278,,462,310
 S,0,8278,,0.5161597
 F,0,8358,,1
Sprite,Foreground,Centre,"SB\mouth5.png",320,240
 M,0,8358,,463,309
 S,0,8358,,0.5008001
 F,0,8438,,1
Sprite,Foreground,Centre,"SB\mouth8.png",320,240
 M,0,8438,,463,310
 S,0,8438,,0.5468805
 F,0,8438,8597,1
Sprite,Foreground,Centre,"SB\mouth7.png",320,240
 M,0,8597,,465,312
 S,0,8597,,0.4009601
 F,0,8597,9076,1
 F,0,9076,9156,1
Sprite,Foreground,Centre,"SB\mouth3.png",320,240
 M,0,9156,9276,497,320,490,324
 S,0,9156,9276,0.5008001,0.5084802
 F,0,9276,,1
Sprite,Foreground,Centre,"SB\mouth1.png",320,240
 M,0,9276,,489,325
 S,0,9276,,0.4931195
 F,0,9276,9355,1
Sprite,Foreground,Centre,"SB\mouth4.png",320,240
 M,0,9355,9395,484,326,482,327
 F,0,9355,9395,1
 S,0,9355,9395,0.4931203,0.5161598
Sprite,Foreground,Centre,"SB\mouth3.png",320,240
 M,0,9395,9515,482,328,472,329
 S,0,9395,9515,0.5238398,0.6006401
 M,0,9515,9595,472,329,467,333
 F,0,9515,9595,1
 S,0,9515,9595,0.6006401,0.5699202
Sprite,Foreground,Centre,"SB\mouth2.png",320,240
 S,0,9595,,0.60832
 M,0,9595,9714,467,332,459,337
 F,0,9714,,1
Sprite,Foreground,Centre,"SB\mouth3.png",320,240
 S,0,9714,,0.6006399
 M,0,9714,9874,459,337,448,342
 F,0,9874,,1
Sprite,Foreground,Centre,"SB\mouth2.png",320,240
 S,0,9874,,0.63136
 M,0,9874,9994,449,341,440,345
 F,0,9994,,1
Sprite,Foreground,Centre,"SB\mouth1.png",320,240
 S,0,9994,,0.5929604
 M,0,9994,10233,439,347,425,353
 F,0,10233,,1
Sprite,Foreground,Centre,"SB\mouth3.png",320,240
 M,0,10233,10353,422,354,414,358
 S,0,10233,10353,0.6467197,0.6927994
 F,0,10353,,1
Sprite,Foreground,Centre,"SB\mouth2.png",320,240
 S,0,10353,,0.6313598
 M,0,10353,10472,414,357,405,361
 F,0,10472,,1
Sprite,Foreground,Centre,"SB\mouth3.png",320,240
 S,0,10472,,0.6697602
 M,0,10472,10632,406,363,394,369
 F,0,10632,,1
Sprite,Foreground,Centre,"SB\mouth2.png",320,240
 S,0,10632,,0.6774402
 M,0,10632,10831,394,368,378,373
 F,0,10831,,1
Sprite,Foreground,Centre,"SB\mouth4.png",320,240
 M,0,10831,11151,378,374,356,385
 S,0,10831,11151,0.7542401,0.79264
 F,0,11151,,1
Sprite,Foreground,Centre,"SB\mouth3.png",320,240
 S,0,11151,,0.8003203
 M,0,11151,11230,356,385,351,386
 F,0,11230,,1
Sprite,Foreground,Centre,"SB\mouth2.png",320,240
 S,0,11230,,0.7772803
 M,0,11230,11669,351,390,320,402
 F,0,11669,,1
Sprite,Foreground,Centre,"SB\mouth1.png",320,240
 M,0,11669,,320,402
 S,0,11669,,0.77728
 F,0,12666,,1
Sprite,Foreground,Centre,"SB\notsure.png",320,240
 R,0,7600,,-0.2764804
 M,0,7600,8119,202,120,201,120
 F,0,7600,8119,0,1
 S,0,7600,8119,1.768,1.31488
 M,0,8119,8198,201,120,202,116
 F,0,8119,8398,1
 M,0,8198,8278,202,116,198,128
 M,0,8278,8358,198,128,201,124
 F,0,8398,8518,1
 F,0,8518,8677,1,0.46848
 F,0,8677,8837,0.46848,0
Sprite,Foreground,Centre,"SB\blacklines.png",320,240
 S,0,12028,,1.78336
 M,0,12028,12507,322,578,321,253
Sprite,Foreground,Centre,"SB\blacklinesfiller.png",320,240
 S,0,12188,,1.04608
 M,0,12188,12507,322,-187,320,239
 F,0,12666,,1
Sprite,Foreground,Centre,"SB\forest.png",320,240
 M,0,63730,66443,320,240
 S,0,63730,66443,1.31488,1.45312
 M,0,66443,67081,320,240
 S,0,66443,67081,1.45312,1.31488
 F,0,68837,,1
Sprite,Foreground,Centre,"SB\plans.png",320,240
 M,0,63730,65406,319,238,423,239
 S,0,63730,65406,2.728
 M,0,65406,66443,423,239,409,319
 S,0,65406,66443,2.728
 M,0,66443,67081,409,319,323,266
 S,0,66443,67081,2.728,0.8463998
 F,0,68837,,1
Sprite,Foreground,Centre,"SB\sugoiiiiii1.png",320,240
 L,0,15
  M,0,66443,,320,240
  S,0,66443,,2.45152
  F,0,66443,66483,1
  F,0,66483,66523,1,0
  F,0,66523,66563,0,1
  F,0,66563,66603,1,0
Sprite,Foreground,Centre,"SB\sugoiiiiii2.png",320,240
 L,0,14
  S,0,66483,,2.6512
  F,0,66483,66523,1
  F,0,66523,66563,1,0
  F,0,66563,66603,0,1
  F,0,66603,66643,1,0
Sprite,Foreground,Centre,"SB\farmer.png",320,240
 S,0,67879,,0.9385599
 M,0,67879,68039,422,663,422,270
 M,0,68039,68119,422,270,422,277
 F,0,68837,,1
Sprite,Foreground,Centre,"SB\thinkingbubble.png",320,240
 R,0,67959,,-0.3839999
 M,0,67959,68039,240,224,146,173
 S,0,67959,68039,0.18592,0.6543999
 F,0,67959,68837,1
Sprite,Foreground,Centre,"SB\wall1.png",320,240
 S,0,68837,,1.32256
 M,0,68837,70911,425,242,368,242
 F,0,70911,,1
Sprite,Foreground,Centre,"SB\wall2.png",320,240
 S,0,68837,,1.54528
 M,0,68837,70911,131,245,56,243
Sprite,Foreground,Centre,"SB\cirno7.png",320,240
 M,0,68837,69156,430,292,430,285
 M,0,69156,69475,430,285,430,298
 M,0,69475,69794,430,298,431,291
 M,0,69794,70113,431,291,431,298
 M,0,70113,70432,431,298,431,289
 M,0,70432,70752,431,289,431,299
 M,0,70752,70911,431,299,431,296
Sprite,Foreground,Centre,"SB\pissfloor.png",320,240
 M,0,70991,,337,287
 S,0,70991,,1.39936
 F,0,70991,72268,1
Sprite,Foreground,Centre,"SB\slide2.png",320,240
 M,0,70911,,501,24
 S,0,70911,,1.1536
 F,0,72268,,1
Sprite,Foreground,Centre,"SB\legs.png",320,240
 M,0,71151,,473,191
 S,0,71151,,0.8080002
 F,0,72268,,1
Sprite,Foreground,Centre,"SB\slide.png",320,240
 M,0,70911,,-113,239
 S,0,70911,,1.13824
 F,0,71230,,1
Sprite,Foreground,Centre,"SB\slide.png",320,240
 S,0,70911,,1.14592
 M,0,70911,71549,468,240,24,240
 F,0,71230,72268,1
 M,0,71549,71789,24,240,-9,241
 M,0,71789,72028,-9,241,-29,241
Sprite,Foreground,Centre,"SB\slide1.png",320,240
 M,0,70911,,323,462
 S,0,70911,,1.43008
 F,0,72268,,1
Sprite,Foreground,Centre,"SB\background3.jpg",320,240
 M,0,72268,,320,240
 S,0,72268,,1.10752
 F,0,73464,,1
Sprite,Foreground,Centre,"SB\ocean.png",320,240
 M,0,72268,,319,325
 S,0,72268,73464,1.04608,1
 F,0,73464,,1
Sprite,Foreground,Centre,"SB\hotspring0.png",320,240
 M,0,72268,,323,377
 F,0,72268,73464,1
 S,0,72268,73464,1.23808,1.16896
Sprite,Foreground,Centre,"SB\cloud1.png",320,240
 M,0,72268,,201,112
 S,0,72268,73464,0.9462401,0.8848
 F,0,73464,,1
Sprite,Foreground,Centre,"SB\tree.png",320,240
 M,0,72268,73464,321,130,323,137
 S,0,72268,73464,1.29184,1.20736
 F,0,73464,,1
Sprite,Foreground,Centre,"SB\icechips.png",320,240
 M,0,72268,,340,401
 S,0,72268,73464,0.8156798,0.7388798
Sprite,Foreground,Centre,"SB\steam.png",320,240
 M,0,72268,,55,244
 F,0,72268,72906,0,0.41248
 F,0,72906,73464,0.41248,0
Sprite,Foreground,Centre,"SB\Smouth1.png",320,240
 S,0,45140,,0.4777597
 M,0,45140,45220,142,507,145,379
Sprite,Foreground,Centre,"SB\Smouth2.png",320,240
 S,0,45220,,0.3088
 M,0,45220,45299,144,377,144,392
 M,0,45299,45379,144,392
 F,0,45379,,1
Sprite,Foreground,Centre,"SB\Smouth1.png",320,240
 M,0,45379,,144,390
 S,0,45379,,0.3932802
 F,0,45459,,1
Sprite,Foreground,Centre,"SB\Smouth3.png",320,240
 M,0,45459,,145,390
 S,0,45459,,0.5699201
 F,0,45539,,1
Sprite,Foreground,Centre,"SB\Smouth4.png",320,240
 M,0,45539,,144,397
 S,0,45539,,0.6083203
 F,0,45539,45858,1
Sprite,Foreground,Centre,"SB\Mmouth1.png",320,240
 S,0,45140,,0.3241602
 M,0,45140,45220,330,470,333,332
Sprite,Foreground,Centre,"SB\Mmouth2.png",320,240
 S,0,45220,,0.2780803
 M,0,45220,45299,332,331,332,342
 F,0,45379,,1
Sprite,Foreground,Centre,"SB\Mmouth1.png",320,240
 M,0,45379,,333,343
 S,0,45379,,0.3318402
 F,0,45459,,1
Sprite,Foreground,Centre,"SB\Mmouth3.png",320,240
 M,0,45459,,333,343
 S,0,45459,,0.5468799
 F,0,45459,45539,1
Sprite,Foreground,Centre,"SB\Mmouth4.png",320,240
 M,0,45539,,333,345
 S,0,45539,,0.6236801
 F,0,45539,45858,1
Sprite,Foreground,Centre,"SB\Sumouth1.png",320,240
 F,0,45140,,1
 S,0,45140,,0.43168
 M,0,45140,45220,528,490,525,372
Sprite,Foreground,Centre,"SB\Smouth2.png",320,240
 S,0,45220,,0.2703999
 M,0,45220,45299,525,372,525,384
 F,0,45379,,1
Sprite,Foreground,Centre,"SB\Sumouth1.png",320,240
 M,0,45379,,525,386
 S,0,45379,,0.3856001
 F,0,45459,,1
Sprite,Foreground,Centre,"SB\Sumouth3.png",320,240
 M,0,45459,,527,388
 S,0,45459,,0.60832
 F,0,45459,45539,1
Sprite,Foreground,Centre,"SB\Sumouth4.png",320,240
 M,0,45539,,526,388
 S,0,45539,,0.5084799
 F,0,45539,45858,1
Sprite,Foreground,Centre,"SB\Smouth1.png",320,240
 S,0,55353,,0.3932802
 M,0,55353,55432,142,503,140,390
Sprite,Foreground,Centre,"SB\Smouth2.png",320,240
 S,0,55432,,0.2703998
 M,0,55432,55512,139,390,139,398
 F,0,55592,,1
Sprite,Foreground,Centre,"SB\Smouth1.png",320,240
 M,0,55592,,140,400
 S,0,55592,,0.47008
 F,0,55672,,1
Sprite,Foreground,Centre,"SB\Smouth3.png",320,240
 M,0,55672,,140,400
 S,0,55672,,0.6390399
 F,0,55752,,1
Sprite,Foreground,Centre,"SB\Smouth4.png",320,240
 M,0,55752,,138,403
 S,0,55752,,0.52384
 F,0,55752,56071,1
Sprite,Foreground,Centre,"SB\Sumouth1.png",320,240
 F,0,55353,,1
 S,0,55353,,0.3395199
 M,0,55353,55432,516,505,515,385
Sprite,Foreground,Centre,"SB\Smouth2.png",320,240
 S,0,55432,,0.27808
 M,0,55432,55512,514,385,514,393
 F,0,55592,,1
Sprite,Foreground,Centre,"SB\Sumouth1.png",320,240
 M,0,55592,,515,397
 S,0,55592,,0.3625601
 F,0,55672,,1
Sprite,Foreground,Centre,"SB\Sumouth3.png",320,240
 M,0,55672,,515,396
 S,0,55672,,0.6006399
 F,0,55672,55752,1
Sprite,Foreground,Centre,"SB\Sumouth4.png",320,240
 M,0,55752,,515,396
 S,0,55752,,0.54688
 F,0,55752,56071,1
Sprite,Foreground,Centre,"SB\Mmouth1.png",320,240
 F,0,55353,,1
 S,0,55353,,0.44704
 M,0,55353,55432,326,467,327,342
Sprite,Foreground,Centre,"SB\Mmouth2.png",320,240
 S,0,55432,,0.2627202
 M,0,55432,55512,328,340,327,352
 F,0,55592,,1
Sprite,Foreground,Centre,"SB\Mmouth1.png",320,240
 M,0,55592,,329,354
 S,0,55592,,0.40864
 F,0,55672,,1
Sprite,Foreground,Centre,"SB\Mmouth3.png",320,240
 M,0,55672,,327,354
 S,0,55672,,0.63136
 F,0,55672,55752,1
Sprite,Foreground,Centre,"SB\Mmouth4.png",320,240
 M,0,55752,,326,355
 S,0,55752,,0.6390399
 F,0,55752,56071,1
Sprite,Foreground,Centre,"SB\blur.png",320,240
 S,0,73464,,1.4224
 M,0,73464,76018,335,141,321,142
Sprite,Foreground,Centre,"SB\slide2.png",320,240
 M,0,73464,,320,415
 S,0,73464,,1.54528
 F,0,76018,,1
Sprite,Foreground,Centre,"SB\table.png",320,240
 S,0,73464,,1.6528
 M,0,73464,76018,312,381,285,381
 F,0,73464,76018,1
Sprite,Foreground,Centre,"SB\Background.jpg",320,240
 F,0,78571,88943,1
Sprite,Foreground,Centre,"SB\Pulseflake.png",320,240
 M,0,78571,,108,120
 S,0,78571,,0.67744
 R,0,78571,81124,0,-4.19328
 F,0,81124,,1
Sprite,Foreground,Centre,"SB\Pulseflake.png",320,240
 M,0,81124,,91,274
 S,0,81124,,0.6928001
 R,0,81124,83677,0,-4.19328
 F,0,83677,,1
Sprite,Foreground,Centre,"SB\Pulseflake.png",320,240
 M,0,83677,,108,120
 S,0,83677,,0.67744
 R,0,83677,86230,0,-4.19328
 F,0,86230,,1
Sprite,Foreground,Centre,"SB\Pulseflake.png",320,240
 M,0,86230,,159,341
 S,0,86230,,0.5852802
 R,0,86230,88943,1.6896,-3.36384
 F,0,88943,,1
Sprite,Foreground,Centre,"SB\Pulseflake.png",320,240
 M,0,86230,,121,97
 S,0,86230,,0.3472002
 R,0,86230,88943,3.072,-2.41152
 F,0,88943,,1
Sprite,Foreground,Centre,"SB\Pulseflake.png",320,240
 M,0,86230,,506,236
 S,0,86230,,0.5929601
 F,0,86230,88943,1
 R,0,86230,88943,-1.48992,-7.111679
Sprite,Foreground,Centre,"SB\cirno8.png",320,240
 M,0,78571,79049,453,243,425,243
 M,0,79049,81124,425,243,410,243
Sprite,Foreground,Centre,"SB\cirno9.png",320,240
 S,0,81124,,1.03072
 M,0,81124,81443,327,237,327,227
 M,0,81443,83677,327,227,327,208
 F,0,83677,,1
Sprite,Foreground,Centre,"SB\cirno10.png",320,240
 R,0,83677,,0
 M,0,83677,83996,323,197,323,236
 M,0,83996,86230,323,236,323,301
Sprite,Foreground,Centre,"SB\sky.png",320,240
 M,0,76018,,324,178
 S,0,76018,,1.44544
 F,0,78571,,1
Sprite,Foreground,Centre,"SB\hotspring0.png",320,240
 S,0,76018,,1.8448
 M,0,76018,76417,319,343,316,412
 M,0,76417,76496,316,412,316,423
 M,0,76496,78571,316,423,315,441
 F,0,78571,,1
Sprite,Foreground,Centre,"SB\realnakedcirno.png",320,240
 M,0,76018,76496,274,185,280,274
 F,0,76018,78571,1
 M,0,76496,78571,280,274,281,305
Sprite,Foreground,Centre,"SB\4kidscensor1.png",320,240
 S,0,76018,,1.33792
 M,0,76018,76496,194,281,200,372
 M,0,76496,78571,200,372,178,401
Sprite,Foreground,Centre,"SB\4kidscensor2.png",320,240
 S,0,76018,,1.24576
 M,0,76018,76496,496,359,504,436
 M,0,76496,78571,504,436,530,468
Sprite,Foreground,Centre,"SB\4kidscensor3.png",320,240
 S,0,76018,,1.384
 M,0,76018,76496,31,61,37,117
 M,0,76496,78571,37,117,41,120
Sprite,Foreground,Centre,"SB\4kidscensor4.png",320,240
 M,0,76018,76496,551,99,553,116
 M,0,76496,78571,553,116,549,129
Sprite,Foreground,Centre,"SB\cirnostand.png",320,240
 S,0,86230,,1.58368
 M,0,86230,86709,366,-129,358,-141
 F,0,86230,87667,1
 M,0,86709,87667,358,-141,383,516
 M,0,87667,87986,383,516,386,637
 F,0,87667,88145,1
Sprite,Foreground,Centre,"SB\cirnoturn1.png",320,240
 M,0,88145,,384,259
 S,0,88145,,0.7849597
 F,0,88225,,1
Sprite,Foreground,Centre,"SB\cirnoturn2.png",320,240
 S,0,88225,,0.7849599
 M,0,88225,88305,366,247,366,248
 F,0,88305,,1
Sprite,Foreground,Centre,"SB\cirnoturn3.png",320,240
 M,0,88305,,387,255
 S,0,88305,,0.7849603
 F,0,88305,88385,1
Sprite,Foreground,Centre,"SB\cirnoturn4.png",320,240
 M,0,88385,,386,253
 S,0,88385,,0.7926403
 F,0,88385,88943,1
Sprite,Foreground,Centre,"SB\background3.jpg",320,240
 M,0,89262,,320,240
 F,0,101390,102347,1,0
Sprite,Foreground,Centre,"SB\ocean.png",320,240
 M,0,89262,,313,297
 S,0,89262,96603,1.4224,1.21181
 F,0,89262,101390,1
 S,0,96603,99156,1.21181,1.10752
 F,0,101390,102347,1,0
Sprite,Foreground,Centre,"SB\hotspring0.png",320,240
 S,0,89262,91815,2.5744,2.08288
 M,0,89262,99156,322,413,322,393
 S,0,91815,96284,2.08288,1.833052
 S,0,96284,97879,1.833052,1.756863
 S,0,97879,99156,1.756863,1.19968
 S,0,99156,99315,1.19968,1.13056
 F,0,101390,102347,1,0
Sprite,Foreground,Centre,"SB\tree.png",320,240
 S,0,89262,96603,1.31488,1.148141
 M,0,89262,99156,316,137,321,123
 F,0,89262,99156,1
 S,0,96603,99156,1.148141,1.0384
 F,0,99156,101390,1
 F,0,101390,102347,1,0
Sprite,Foreground,Centre,"SB\Finally.png",320,240
 F,0,101869,102347,0,1
 S,0,101869,102347,1.4224,1.33024
 F,0,102347,102826,1
 F,0,102826,103145,1,0.5430402
 F,0,103145,103464,0.5430402,0.5761623
 F,0,103464,107546,0.5761623,0.6160001
Sprite,Foreground,Centre,"SB\Album.png",320,240
 M,0,103464,,495,172
 F,0,103464,103943,0,1
 S,0,103464,103943,0.8156801,0.7696001
 F,0,103943,107546,1
Animation,Foreground,Centre,"SB\Cold.png",320,240,2,100,LoopForever
 S,0,89262,96762,2.29024,1.27648
 M,0,89262,99315,323,395,324,334
 S,0,96762,97879,1.27648,0.9980595
 S,0,97879,99315,0.9980595,0.5315198
 F,0,100432,,1
Sprite,Foreground,Centre,"SB\Frozen.png",320,240
 M,0,100432,,325,326
 S,0,100432,,0.6313599
 F,0,100432,101390,1
 F,0,101390,102188,1,0
Sprite,Foreground,Centre,"SB\cirno11a.png",320,240
 M,0,100113,100432,621,620,485,267
 M,0,100432,100472,485,267,489,282
 F,0,100752,,1
Sprite,Foreground,Centre,"SB\cirno11.png",320,240
 M,0,100752,,477,271
 F,0,101390,102188,1,0
Sprite,Foreground,Centre,"SB\Swish.png",320,240
 M,0,100752,,300,353
 F,0,100831,,1
Sprite,Foreground,Centre,"SB\Bye.png",320,240
 M,0,100752,101071,574,442,542,443
 R,0,100752,101071,0.2457593,-0.2764813
 M,0,101071,101390,542,443,571,446
 R,0,101071,101390,-0.2764813,0.3071991
 M,0,101390,101709,571,446,537,448
 R,0,101390,101709,0.3071991,-0.3532813
 F,0,101390,102148,1,0
 M,0,101709,102028,537,448,562,450
 R,0,101709,102028,-0.3532813,0.2303992
Sprite,Foreground,Centre,"SB\End4.png",320,240
 M,0,100752,,440,365
 F,0,100871,,1
Sprite,Foreground,Centre,"SB\End2.png",320,240
 M,0,100871,,442,362
 S,0,100871,,0.77728
 F,0,100871,101071,1
Sprite,Foreground,Centre,"SB\End4.png",320,240
 F,0,101310,101390,1
 M,0,101390,,440,365
 F,0,101390,101470,1
Sprite,Foreground,Centre,"SB\End3.png",320,240
 M,0,101470,,440,361
 S,0,101470,,1.23808
 F,0,101470,102188,1,0
Sprite,Foreground,Centre,"SB\End1.png",320,240
 M,0,101071,,440,365
 F,0,101071,101230,1
Sprite,Foreground,Centre,"SB\End3.png",320,240
 M,0,101230,,442,362
 F,0,101230,101310,1
Animation,Foreground,Centre,"SB\heart.png",320,240,2,70,LoopForever
 M,0,21603,21882,314,174
 S,0,21603,21882,1
 M,0,21882,21922,314,174,167,256
 S,0,21882,21922,1,0.5007999
 F,0,22241,,1
Sprite,Foreground,Centre,"SB\credits.png",320,240
 M,0,103943,,312,388
 S,0,103943,,0.7235199
 F,0,103943,104262,0,1
 F,0,104262,107546,1
Sprite,Foreground,Centre,"SB\white.PNG",320,240
 M,0,78252,,320,240
 F,0,78252,78571,0,1
 F,0,78571,78890,1,0
 F,0,80805,81124,0,1
 F,0,81124,81443,1,0
 F,0,83358,83677,0,1
 F,0,83677,83996,1,0
 F,0,85911,86230,0,1
 F,0,86230,86549,1,0
 F,0,88624,88943,0,1
 F,0,88943,89262,1
 F,0,89262,89741,1,0
 F,0,100432,100512,1,0
Sprite,Foreground,Centre,"SB\credits2.png",320,240
 M,0,103624,,185,254
 S,0,103624,,0.7926403
 F,0,103624,103943,0,1
 F,0,103943,107546,1
//Storyboard Sound Samples
