osu file format v14

[General]
AudioFilename: audio.mp3
AudioLeadIn: 0
PreviewTime: 33562
Countdown: 0
SampleSet: Soft
StackLeniency: 0.2
Mode: 0
LetterboxInBreaks: 0
WidescreenStoryboard: 0

[Editor]
DistanceSpacing: 0.2
BeatDivisor: 4
GridSize: 4
TimelineZoom: 2.1

[Metadata]
Title:Doktorspiele (Nightcore Mix)
TitleUnicode:Doktorspiele (Nightcore Mix)
Artist:Alex C. feat. Yass
ArtistUnicode:Alex C. feat. Yass
Creator:P A N
Version:D-D-D-D-D-D-D-DOKTORSPIELE!!
Source:
Tags:Christensen Trance Electro Hands Up Eurodance Euphorie german electronic dance music edm nightcore nc trance techno p_a_n doctor deutsch
BeatmapID:4357507
BeatmapSetID:2080781

[Difficulty]
HPDrainRate:5
CircleSize:5
OverallDifficulty:9.4
ApproachRate:9.3
SliderMultiplier:2
SliderTickRate:1

[Events]
//Background and Video events
0,0,"wallpaperflare.com_wallpaper.jpg",0,0
//Break Periods
2,171757,175181
//Storyboard Layer 0 (Background)
//Storyboard Layer 1 (Fail)
//Storyboard Layer 2 (Pass)
//Storyboard Layer 3 (Foreground)
//Storyboard Layer 4 (Overlay)
//Storyboard Sound Samples

[TimingPoints]
1621,348.229831688915,4,2,1,40,1,0
1621,-200,4,2,1,40,0,0
12764,-200,4,2,1,40,0,0
13199,-200,4,2,1,5,0,0
13286,-200,4,2,1,40,0,0
13547,-200,4,2,1,5,0,0
13634,-200,4,2,1,40,0,0
13896,-200,4,2,1,5,0,0
13983,-200,4,2,1,40,0,0
14244,-200,4,2,1,5,0,0
14331,-200,4,2,1,40,0,0
14592,-200,4,2,1,5,0,0
14679,-200,4,2,1,40,0,0
15811,-200,4,2,1,5,0,0
15898,-200,4,2,1,40,0,0
16333,-200,4,2,1,5,0,0
16420,-200,4,2,1,40,0,0
16681,-200,4,2,1,5,0,0
16768,-200,4,2,1,40,0,0
17030,-200,4,2,1,5,0,0
17117,-200,4,2,1,40,0,0
17378,-200,4,2,1,5,0,0
17465,-200,4,2,1,40,0,0
18771,-200,4,2,1,5,0,0
18858,-200,4,2,1,40,0,0
19119,-200,4,2,1,5,0,0
19206,-200,4,2,1,40,0,0
19467,-200,4,2,1,5,0,0
19554,-200,4,2,1,40,0,0
19816,-200,4,2,1,5,0,0
19903,-200,4,2,1,40,0,0
20164,-200,4,2,1,5,0,0
20251,-200,4,2,1,40,0,0
21557,-200,4,2,1,5,0,0
21644,-200,4,2,1,40,0,0
21905,-200,4,2,1,5,0,0
21992,-200,4,2,1,40,0,0
22253,-200,4,2,1,5,0,0
22340,-200,4,2,1,40,0,0
22601,-200,4,2,1,5,0,0
22688,-200,4,2,1,40,0,0
22950,-200,4,2,1,5,0,0
23037,-200,4,2,1,40,0,0
23907,-133.333333333333,4,1,1,50,0,0
29479,-100,4,1,1,60,0,0
36182,-100,4,1,1,5,0,0
36269,-100,4,1,1,60,0,0
36531,-100,4,1,1,5,0,0
36618,-100,4,1,1,60,0,0
37227,-100,4,1,1,5,0,0
37314,-80,4,1,1,40,0,0
37836,-80,4,1,1,70,0,0
48980,-100,4,1,1,60,0,0
78231,-133.333333333333,4,1,1,50,0,0
83803,-100,4,1,1,60,0,0
88504,-166.666666666667,4,1,1,40,0,0
89374,-166.666666666667,4,1,1,60,0,0
101911,-80,4,1,1,70,0,0
113054,-100,4,1,1,60,0,0
124197,-200,4,1,1,40,0,0
124633,-200,4,2,1,5,0,0
124720,-200,4,2,1,40,0,0
124981,-200,4,2,1,5,0,0
125068,-200,4,2,1,40,0,0
125329,-200,4,2,1,5,0,0
125416,-200,4,2,1,40,0,0
125677,-200,4,2,1,5,0,0
125764,-200,4,2,1,40,0,0
126026,-200,4,2,1,5,0,0
126113,-200,4,2,1,40,0,0
126374,-200,4,2,1,5,0,0
126461,-200,4,2,1,40,0,0
127419,-200,4,2,1,5,0,0
127506,-200,4,2,1,40,0,0
127767,-200,4,2,1,5,0,0
127854,-200,4,2,1,40,0,0
132381,-80,4,1,1,60,0,0
137952,-100,4,1,1,60,0,0
138127,-80,4,1,1,60,0,0
143437,-100,4,1,1,60,0,0
143698,-80,4,1,1,70,0,1
146484,-100,4,1,1,70,0,1
149444,-80,4,1,1,70,0,1
152317,-100,4,1,1,70,0,1
154668,-100,4,1,1,70,0,0
154842,-80,4,1,1,70,0,1
160239,-80,4,1,1,60,0,0
160413,-80,4,1,1,60,0,0
166159,-133.333333333333,4,1,1,50,0,0
171731,-133.333333333333,4,2,1,50,0,0
177999,-200,4,2,1,40,0,0


[Colours]
Combo1 : 79,101,255
Combo2 : 219,219,219
Combo3 : 163,70,255
Combo4 : 164,164,164
SliderBorder : 255,90,255
SliderTrackOverride : 0,0,0

[HitObjects]
174,56,1621,6,0,P|146:58|119:73,2,50,2|2|2,2:2|2:2|2:2,0:0:0:0:
156,278,2317,2,0,L|171:123,1,150,2|0,2:2|0:0,0:0:0:0:
174,56,3013,6,0,P|201:59|228:78,2,50,2|2|2,2:2|2:2|2:2,0:0:0:0:
66,195,3710,1,2,2:2:0:0:
338,328,4406,6,0,P|366:326|393:311,2,50,2|2|2,2:2|2:2|2:2,0:0:0:0:
356,106,5102,2,0,L|341:261,1,150,2|0,2:2|0:0,0:0:0:0:
338,328,5798,6,0,P|311:325|284:306,2,50,2|2|2,2:2|2:2|2:2,0:0:0:0:
446,189,6495,1,2,2:2:0:0:
188,47,7192,6,0,B|163:42|163:42|129:47,2,50,2|2|2,2:2|2:2|2:2,0:0:0:0:
41,221,7889,2,0,B|97:232|97:232|136:220|136:220|200:229,1,150,2|0,2:2|0:0,0:0:0:0:
260,269,8585,2,0,B|288:268|288:268|315:256,2,50,2|2|2,2:2|2:2|2:2,0:0:0:0:
117,153,9282,1,2,2:2:0:0:
324,337,9978,6,0,B|349:342|349:342|383:337,2,50,2|2|2,2:2|2:2|2:2,0:0:0:0:
471,163,10675,2,0,B|415:152|415:152|376:164|376:164|312:155,1,150,2|0,2:2|0:0,0:0:0:0:
252,115,11371,2,0,B|224:116|224:116|197:128,2,50,2|2|2,2:2|2:2|2:2,0:0:0:0:
395,231,12068,1,2,2:2:0:0:
395,231,12416,2,0,P|430:239|476:222,1,75,2|0,2:2|0:0,0:0:0:0:
492,210,12764,5,2,2:2:0:0:
488,105,12938,2,0,P|461:89|411:91,1,75,2|0,2:2|0:0,0:0:0:0:
373,19,13286,2,0,P|342:24|305:57,1,75,2|0,2:2|0:0,0:0:0:0:
284,42,13634,2,0,P|268:69|269:119,1,75,2|0,2:2|0:0,0:0:0:0:
237,195,13982,6,0,P|205:196|162:172,1,75,2|0,2:2|0:0,0:0:0:0:
140,193,14331,2,0,P|118:170|109:121,1,75,2|0,2:2|0:0,0:0:0:0:
39,82,14679,2,0,B|14:99|14:99|22:181,1,100,2|0,2:2|0:0,0:0:0:0:
152,354,15376,1,2,2:2:0:0:
152,354,15550,6,0,P|168:321|167:275,1,75,2|0,2:2|0:0,0:0:0:0:
159,252,15898,1,2,2:2:0:0:
135,143,16072,2,0,B|174:140|174:140|223:156,1,75,2|0,2:2|0:0,0:0:0:0:
211,130,16420,2,0,B|176:118|176:118|137:121,1,75,2|0,2:2|0:0,0:0:0:0:
74,168,16768,6,0,P|58:130|68:84,1,75,2|0,2:2|0:0,0:0:0:0:
44,101,17117,2,0,P|40:137|56:171,1,75,2|0,2:2|0:0,0:0:0:0:
94,242,17465,2,0,B|123:251|146:241|146:241|174:231|208:247,1,100,2|0,2:2|0:0,0:0:0:0:
398,344,18161,1,2,2:2:0:0:
457,290,18336,5,2,2:2:0:0:
383,265,18510,2,0,P|354:263|309:291,1,75,2|0,2:2|0:0,0:0:0:0:
231,312,18858,2,0,P|202:314|157:286,1,75,2|0,2:2|0:0,0:0:0:0:
142,262,19206,2,0,P|135:230|164:252,1,75,2|0,2:2|0:0,0:0:0:0:
246,208,19554,6,0,P|273:187|293:136,1,75,2|0,2:2|0:0,0:0:0:0:
315,131,19903,2,0,P|316:96|290:48,1,75,2|0,2:2|0:0,0:0:0:0:
238,14,20251,2,0,P|182:12|146:53,1,100,2|0,2:2|0:0,0:0:0:0:
38,257,20947,1,2,2:2:0:0:
67,180,21121,5,2,2:2:0:0:
121,245,21295,2,0,L|146:315,1,75,2|0,2:2|0:0,0:0:0:0:
221,355,21644,2,0,L|298:329,1,75,2|0,2:2|0:0,0:0:0:0:
314,311,21992,2,0,B|339:313|339:313|357:323|357:323|387:325,1,75,2|0,2:2|0:0,0:0:0:0:
455,379,22340,6,0,P|471:344|465:294,1,75,2|0,2:2|0:0,0:0:0:0:
488,274,22688,2,0,P|471:239|429:211,1,75,2|0,2:2|0:0,0:0:0:0:
358,195,23037,2,0,L|236:207,1,100,2|0,2:2|0:0,0:0:0:0:
249,213,23907,5,8,0:1:0:0:
193,283,24081,2,0,L|203:357,1,75.0000028610231,2|8,0:0|0:1,0:0:0:0:
110,254,24430,2,0,L|120:328,1,75.0000028610231,2|8,0:0|0:1,0:0:0:0:
24,226,24778,2,0,L|34:300,1,75.0000028610231,2|8,0:0|0:1,0:0:0:0:
12,143,25126,6,0,P|50:127|85:133,1,75.0000028610231,2|8,0:0|0:1,0:0:0:0:
114,49,25474,2,0,P|150:67|168:98,1,75.0000028610231,2|8,0:0|0:1,0:0:0:0:
249,65,25822,2,0,P|258:105|246:138,1,75.0000028610231,2|8,0:0|0:1,0:0:0:0:
206,276,26171,5,0,0:0:0:0:
174,196,26345,1,8,0:1:0:0:
93,224,26519,1,2,0:0:0:0:
146,352,26693,1,10,0:1:0:0:
206,276,26867,6,0,L|277:246,1,75.0000028610231,2|8,0:0|0:1,0:0:0:0:
292,332,27215,2,0,L|362:301,1,75.0000028610231,2|8,0:0|0:1,0:0:0:0:
383,384,27564,2,0,L|453:353,1,75.0000028610231,2|8,0:0|0:1,0:0:0:0:
501,209,27912,6,0,P|504:169|490:132,1,75.0000028610231,2|8,0:0|0:1,0:0:0:0:
375,223,28260,2,0,P|408:245|447:251,1,75.0000028610231,2|8,0:0|0:1,0:0:0:0:
420,104,28608,2,0,P|386:119|361:147,1,75.0000028610231,2|8,0:0|0:1,0:0:0:0:
298,293,28957,5,0,0:0:0:0:
278,202,29131,1,8,0:1:0:0:
187,219,29305,1,2,0:0:0:0:
214,347,29479,1,10,0:1:0:0:
129,363,29653,1,2,0:0:0:0:
84,119,29827,5,8,0:2:0:0:
30,206,30001,2,0,L|50:311,1,100,2|8,0:0|0:1,0:0:0:0:
129,363,30349,1,2,0:0:0:0:
257,117,30524,5,8,0:2:0:0:
311,204,30698,2,0,L|291:309,1,100,2|8,0:0|0:1,0:0:0:0:
212,361,31046,1,2,0:0:0:0:
84,119,31220,5,8,0:2:0:0:
30,206,31394,2,0,L|50:311,1,100,2|8,0:0|0:1,0:0:0:0:
129,363,31742,1,2,0:0:0:0:
257,117,31916,5,8,0:2:0:0:
275,208,32091,1,2,0:0:0:0:
351,97,32265,1,10,0:1:0:0:
369,191,32440,1,2,0:0:0:0:
240,29,32613,5,8,0:2:0:0:
185,130,32787,2,0,P|177:178|205:229,1,100,2|8,0:0|0:1,0:0:0:0:
296,309,33135,1,2,0:0:0:0:
351,97,33309,5,8,0:2:0:0:
458,347,33658,5,10,0:1:0:0:
433,91,34006,5,10,0:2:0:0:
458,347,34354,5,10,0:1:0:0:
458,347,34702,5,10,0:2:0:0:
433,91,34876,5,2,0:0:0:0:
433,91,35225,5,2,2:0:0:0:
444,212,35399,5,2,2:0:0:0:
433,91,35573,5,2,2:0:0:0:
150,237,37314,5,8,3:0:0:0:
137,156,37488,1,8,3:0:0:0:
133,131,37575,1,8,3:0:0:0:
129,106,37662,1,8,3:0:0:0:
86,328,37836,5,14,0:1:0:0:
25,167,38011,1,10,0:3:0:0:
246,301,38185,1,10,0:2:0:0:
247,126,38359,1,8,0:3:0:0:
445,351,38533,6,0,L|487:73,1,250,10|8,0:1|0:2,0:0:0:0:
497,1,39055,1,8,0:3:0:0:
161,47,39229,5,10,0:1:0:0:
205,274,39403,1,10,0:3:0:0:
436,231,39578,1,10,0:2:0:0:
393,6,39752,1,8,0:3:0:0:
237,144,39926,5,10,0:1:0:0:
359,124,40100,1,8,0:3:0:0:
237,144,40275,1,8,0:2:0:0:
359,124,40449,1,8,0:3:0:0:
404,255,40622,5,10,0:1:0:0:
425,65,40796,1,10,0:3:0:0:
252,286,40970,1,10,0:2:0:0:
154,118,41145,1,8,0:3:0:0:
52,361,41319,6,0,L|21:108,1,250,10|8,0:1|0:2,0:0:0:0:
8,9,41841,1,8,0:3:0:0:
225,276,42015,5,10,0:1:0:0:
269,47,42189,1,10,0:3:0:0:
494,90,42364,1,10,0:2:0:0:
454,313,42538,1,8,0:3:0:0:
301,168,42712,5,10,0:1:0:0:
421,190,42886,1,8,0:3:0:0:
301,168,43061,1,8,0:2:0:0:
421,190,43235,1,8,0:3:0:0:
472,46,43408,5,10,0:1:0:0:
492,236,43582,1,10,0:3:0:0:
318,19,43756,1,10,0:2:0:0:
227,189,43931,1,8,0:3:0:0:
20,16,44105,6,0,L|50:264,1,250,10|8,0:1|0:2,0:0:0:0:
64,375,44627,1,8,0:3:0:0:
222,56,44801,5,10,0:1:0:0:
268,288,44975,1,10,0:3:0:0:
501,245,45150,1,10,0:2:0:0:
460,14,45324,1,8,0:3:0:0:
293,159,45498,5,10,0:1:0:0:
426,139,45672,1,8,0:3:0:0:
293,159,45847,1,8,0:2:0:0:
426,139,46021,1,8,0:3:0:0:
317,292,46194,5,10,0:1:0:0:
224,115,46368,1,10,0:3:0:0:
454,269,46542,1,10,0:2:0:0:
476,76,46717,1,8,0:3:0:0:
188,372,46890,6,0,L|157:119,1,250,10|8,0:1|0:2,0:0:0:0:
143,19,47412,1,8,0:3:0:0:
319,214,47587,5,10,0:1:0:0:
295,68,47761,1,10,0:3:0:0:
464,219,47935,1,10,0:2:0:0:
489,77,48109,1,8,0:3:0:0:
306,140,48283,1,10,0:1:0:0:
277,143,48370,1,8,0:3:0:0:
478,146,48544,1,8,0:3:0:0:
508,147,48632,1,8,0:2:0:0:
392,9,48806,1,8,0:3:0:0:
390,260,48980,5,12,0:1:0:0:
265,337,49154,2,0,P|216:340|174:312,1,100,2|8,0:0|0:2,0:0:0:0:
183,95,49502,2,0,P|141:121|124:168,1,100,2|8,0:0|0:1,0:0:0:0:
233,269,49850,2,0,P|199:233|193:183,1,100,2|8,0:0|0:2,0:0:0:0:
300,53,50199,6,0,L|289:157,1,100,2|8,0:0|0:1,0:0:0:0:
395,31,50547,2,0,L|384:135,1,100,2|8,0:0|0:2,0:0:0:0:
494,0,50895,2,0,L|483:104,1,100,2|8,0:0|0:1,0:0:0:0:
474,196,51243,1,2,0:0:0:0:
395,31,51417,1,8,0:2:0:0:
300,53,51591,1,0,0:0:0:0:
299,233,51766,5,8,0:1:0:0:
186,171,51940,2,0,P|137:172|93:206,1,100,2|8,0:0|0:2,0:0:0:0:
151,359,52288,2,0,P|200:358|244:324,1,100,2|8,0:0|0:1,0:0:0:0:
179,152,52636,2,0,P|130:153|86:187,1,100,2|8,0:0|0:2,0:0:0:0:
31,354,52984,6,0,L|15:252,1,100,2|8,0:0|0:1,0:0:0:0:
139,369,53333,2,0,L|123:267,1,100,2|8,0:0|0:2,0:0:0:0:
247,384,53681,2,0,L|231:282,1,100,2|8,0:0|0:1,0:0:0:0:
233,156,54029,1,2,0:0:0:0:
139,369,54203,1,8,0:2:0:0:
31,354,54377,1,0,0:0:0:0:
11,139,54551,5,8,0:1:0:0:
89,227,54726,2,0,B|143:227|143:227|189:201,1,100,2|8,0:0|0:2,0:0:0:0:
327,33,55074,2,0,B|318:78|318:78|283:119,1,100,2|8,0:0|0:1,0:0:0:0:
62,86,55422,2,0,B|98:126|98:126|148:142,1,100,2|8,0:0|0:2,0:0:0:0:
258,296,55770,6,0,L|275:185,1,100,2|8,0:0|0:1,0:0:0:0:
363,334,56118,2,0,L|380:223,1,100,2|8,0:0|0:2,0:0:0:0:
464,369,56467,2,0,L|481:258,1,100,2|8,0:0|0:1,0:0:0:0:
494,168,56815,1,2,0:0:0:0:
363,334,56989,1,8,0:2:0:0:
258,296,57163,1,0,0:0:0:0:
276,96,57337,5,8,0:1:0:0:
202,188,57511,2,0,P|151:194|102:165,1,100,2|8,0:0|0:2,0:0:0:0:
0,279,57860,2,0,P|51:285|100:256,1,100,2|8,0:0|0:1,0:0:0:0:
205,371,58208,2,0,P|154:377|105:348,1,100,2|8,0:0|0:2,0:0:0:0:
202,188,58556,6,0,L|224:292,1,100,2|8,0:0|0:1,0:0:0:0:
289,130,58904,2,0,L|311:234,1,100,2|8,0:0|0:2,0:0:0:0:
380,73,59253,2,0,L|402:177,1,100,2|8,0:0|0:1,0:0:0:0:
422,268,59601,1,2,0:0:0:0:
289,130,59775,1,8,0:2:0:0:
202,188,59949,1,0,0:0:0:0:
265,365,60123,5,12,0:1:0:0:
252,240,60297,2,0,L|269:345,1,100,2|8,0:0|0:2,0:0:0:0:
217,125,60645,2,0,L|234:230,1,100,2|8,0:0|0:1,0:0:0:0:
184,10,60994,2,0,L|201:115,1,100,2|8,0:0|0:2,0:0:0:0:
88,280,61342,6,0,L|192:267,1,100,2|8,0:0|0:1,0:0:0:0:
424,280,61690,2,0,L|320:267,1,100,2|8,0:0|0:2,0:0:0:0:
100,203,62038,2,0,L|204:190,1,100,2|8,0:0|0:1,0:0:0:0:
305,178,62387,1,2,0:0:0:0:
81,87,62561,1,8,0:2:0:0:
100,203,62735,1,0,0:0:0:0:
292,64,62909,5,8,0:1:0:0:
328,176,63083,2,0,L|309:70,1,100,2|8,0:0|0:2,0:0:0:0:
362,279,63431,2,0,L|343:173,1,100,2|8,0:0|0:1,0:0:0:0:
400,384,63780,2,0,L|381:278,1,100,2|8,0:0|0:2,0:0:0:0:
435,155,64128,1,0,0:0:0:0:
219,186,64302,5,12,0:1:0:0:
373,199,64650,5,2,2:0:0:0:
219,186,64998,5,2,2:0:0:0:
219,186,65347,5,2,2:0:0:0:
373,199,65521,5,2,2:0:0:0:
373,199,65869,5,2,2:0:0:0:
219,186,66043,5,2,2:0:0:0:
373,199,66217,5,2,2:0:0:0:
49,26,66914,6,0,L|55:91,1,50,2|2,0:0|0:0,0:0:0:0:
61,151,67088,5,14,0:1:0:0:
179,255,67262,1,2,0:0:0:0:
243,248,67349,1,2,0:0:0:0:
369,315,67523,1,2,0:0:0:0:
433,308,67610,1,2,0:0:0:0:
512,175,67784,5,10,0:1:0:0:
387,64,67958,1,2,0:0:0:0:
323,57,68045,1,2,0:0:0:0:
197,124,68219,1,2,0:0:0:0:
133,117,68306,1,2,0:0:0:0:
4,220,68481,5,10,0:1:0:0:
122,324,68655,1,2,0:0:0:0:
186,317,68742,1,2,0:0:0:0:
312,384,68916,1,2,0:0:0:0:
376,377,69003,1,2,0:0:0:0:
512,240,69177,5,10,0:1:0:0:
387,129,69351,1,2,0:0:0:0:
323,122,69438,1,2,0:0:0:0:
197,189,69612,1,2,0:0:0:0:
133,182,69699,1,2,0:0:0:0:
68,179,69786,1,2,0:0:0:0:
2,175,69874,5,10,0:1:0:0:
45,297,70048,1,2,0:0:0:0:
42,326,70135,1,2,0:0:0:0:
141,306,70309,1,2,0:0:0:0:
138,335,70396,1,2,0:0:0:0:
282,197,70570,5,10,0:1:0:0:
325,319,70744,1,2,0:0:0:0:
322,348,70831,1,2,0:0:0:0:
421,328,71005,1,2,0:0:0:0:
418,357,71092,1,2,0:0:0:0:
493,214,71266,5,10,0:1:0:0:
450,92,71440,1,2,0:0:0:0:
453,63,71527,1,2,0:0:0:0:
354,83,71701,1,2,0:0:0:0:
357,54,71788,1,2,0:0:0:0:
209,189,71963,5,10,0:1:0:0:
166,67,72137,1,2,0:0:0:0:
169,38,72224,1,2,0:0:0:0:
56,31,72398,1,2,0:0:0:0:
53,60,72485,1,2,0:0:0:0:
50,90,72572,1,2,0:0:0:0:
43,160,72659,5,10,0:1:0:0:
179,255,72833,1,2,0:0:0:0:
243,248,72920,1,2,0:0:0:0:
369,315,73094,1,2,0:0:0:0:
433,308,73181,1,2,0:0:0:0:
512,175,73355,5,10,0:1:0:0:
387,64,73529,1,2,0:0:0:0:
323,57,73616,1,2,0:0:0:0:
197,124,73790,1,2,0:0:0:0:
133,117,73877,1,2,0:0:0:0:
4,220,74052,5,10,0:1:0:0:
122,324,74226,1,2,0:0:0:0:
186,317,74313,1,2,0:0:0:0:
312,384,74487,1,2,0:0:0:0:
376,377,74574,1,2,0:0:0:0:
512,240,74748,5,10,0:1:0:0:
387,129,74922,1,2,0:0:0:0:
323,122,75009,1,2,0:0:0:0:
197,189,75183,1,2,0:0:0:0:
133,182,75270,1,2,0:0:0:0:
68,179,75357,1,2,0:0:0:0:
2,175,75445,5,10,0:1:0:0:
45,297,75619,1,2,0:0:0:0:
42,326,75706,1,2,0:0:0:0:
141,306,75880,1,2,0:0:0:0:
138,335,75967,1,2,0:0:0:0:
282,197,76141,5,10,0:1:0:0:
325,319,76315,1,2,0:0:0:0:
322,348,76402,1,2,0:0:0:0:
421,328,76576,1,2,0:0:0:0:
418,357,76663,1,2,0:0:0:0:
493,214,76837,5,14,0:1:0:0:
501,124,77011,1,2,0:0:0:0:
504,95,77098,1,2,0:0:0:0:
418,112,77272,1,2,0:0:0:0:
421,83,77359,1,2,0:0:0:0:
304,19,77534,5,10,0:1:0:0:
243,96,77708,1,2,0:0:0:0:
246,125,77795,1,2,0:0:0:0:
157,105,77969,1,2,0:0:0:0:
160,134,78056,2,0,L|167:191,1,50,2|0,0:0|0:0,0:0:0:0:
111,253,78231,6,0,L|121:344,1,75.0000028610231,14|0,0:1|0:0,0:0:0:0:
225,358,78579,1,8,0:1:0:0:
225,358,78753,2,0,L|216:283,1,75.0000028610231,2|8,0:0|0:1,0:0:0:0:
322,302,79102,2,0,L|332:393,1,75.0000028610231,2|8,0:0|0:1,0:0:0:0:
450,181,79450,6,0,B|487:165|487:165|510:135,1,75.0000028610231,2|8,0:0|0:1,0:0:0:0:
415,256,79798,2,0,B|410:296|410:296|424:330,1,75.0000028610231,2|8,0:0|0:1,0:0:0:0:
367,190,80146,2,0,B|334:165|334:165|297:161,1,75.0000028610231,2|8,0:0|0:1,0:0:0:0:
166,110,80495,5,0,0:0:0:0:
271,93,80669,1,8,0:1:0:0:
166,110,80843,1,2,0:0:0:0:
202,250,81017,6,0,L|223:339,1,75.0000028610231,10|2,0:1|0:0,0:0:0:0:
224,180,81365,1,10,0:1:0:0:
224,180,81539,2,0,P|184:177|145:202,1,75.0000028610231,2|8,0:0|0:1,0:0:0:0:
71,257,81887,2,0,P|31:260|-8:235,1,75.0000028610231,2|8,0:0|0:1,0:0:0:0:
26,74,82236,6,0,L|13:168,1,75.0000028610231,2|8,0:0|0:1,0:0:0:0:
117,51,82584,2,0,L|104:145,1,75.0000028610231,2|8,0:0|0:1,0:0:0:0:
208,26,82932,2,0,L|195:120,1,75.0000028610231,2|8,0:0|0:1,0:0:0:0:
186,237,83280,5,0,0:0:0:0:
290,228,83455,1,8,0:1:0:0:
186,237,83629,1,0,0:0:0:0:
359,154,83803,6,0,P|391:220|366:298,1,150,10|0,0:1|0:0,0:0:0:0:
319,334,84151,1,8,0:2:0:0:
221,376,84325,2,0,P|182:359|151:306,1,100,2|8,0:0|0:1,0:0:0:0:
95,228,84673,1,2,0:0:0:0:
319,65,84847,5,8,0:2:0:0:
359,154,85022,2,0,B|375:202|375:202|364:256,1,100,2|8,0:0|0:1,0:0:0:0:
319,334,85370,1,2,0:0:0:0:
95,228,85544,5,8,0:2:0:0:
162,141,85718,2,0,P|203:112|255:118,1,100,2|8,0:0|0:1,0:0:0:0:
359,154,86066,1,0,0:0:0:0:
247,367,86240,5,8,0:2:0:0:
199,263,86414,1,2,0:0:0:0:
199,263,86502,1,0,0:0:0:0:
199,263,86589,2,0,L|91:274,1,100,8|2,0:1|0:0,0:0:0:0:
88,203,86850,2,0,L|139:198,1,50,0|8,0:0|0:2,0:0:0:0:
326,196,87111,2,0,L|425:185,1,100,2|8,0:0|0:1,0:0:0:0:
487,93,87459,1,2,0:0:0:0:
512,333,87633,5,8,0:2:0:0:
436,252,87807,2,0,L|336:262,1,100,2|8,0:0|0:1,0:0:0:0:
275,355,88155,1,2,0:0:0:0:
250,115,88330,5,8,0:2:0:0:
176,183,88504,2,0,P|122:191|104:144,1,89.9999972534181,2|0,0:0|0:0,0:0:0:0:
97,141,88852,1,0,0:0:0:0:
301,33,89026,1,8,0:2:0:0:
324,133,89200,1,2,0:0:0:0:
275,355,89374,5,12,0:1:0:0:
275,355,89549,1,2,0:0:0:0:
30,285,89723,5,8,0:2:0:0:
62,203,89897,1,2,0:0:0:0:
62,203,90071,1,8,0:1:0:0:
119,273,90245,1,2,0:0:0:0:
89,30,90419,5,8,0:2:0:0:
150,92,90593,1,2,0:0:0:0:
150,92,90767,1,8,0:1:0:0:
231,58,90941,1,2,0:0:0:0:
199,308,91116,5,8,0:2:0:0:
268,254,91290,1,2,0:0:0:0:
268,254,91464,1,8,0:1:0:0:
188,220,91638,1,8,0:3:0:0:
438,195,91812,5,8,0:2:0:0:
378,130,91986,1,8,0:3:0:0:
378,130,92160,1,8,0:1:0:0:
348,209,92334,1,2,0:0:0:0:
323,0,92508,5,8,0:2:0:0:
271,68,92683,1,2,0:0:0:0:
271,68,92857,1,8,0:1:0:0:
201,15,93031,1,2,0:0:0:0:
230,256,93205,5,8,0:2:0:0:
220,170,93379,1,2,0:0:0:0:
220,170,93553,1,8,0:1:0:0:
300,203,93727,1,2,0:0:0:0:
51,238,93901,5,8,0:2:0:0:
39,154,94076,1,2,0:0:0:0:
39,154,94250,1,8,0:1:0:0:
28,70,94424,1,8,0:3:0:0:
67,328,94598,5,8,0:2:0:0:
67,328,94772,1,8,0:3:0:0:
131,270,94946,1,8,0:1:0:0:
51,238,95120,1,2,0:0:0:0:
300,203,95294,5,8,0:2:0:0:
237,143,95468,1,2,0:0:0:0:
237,143,95643,1,8,0:1:0:0:
201,218,95817,1,2,0:0:0:0:
449,187,95991,5,8,0:2:0:0:
384,131,96165,1,2,0:0:0:0:
384,131,96339,1,8,0:1:0:0:
437,61,96513,1,2,0:0:0:0:
195,81,96687,5,8,0:2:0:0:
135,143,96861,1,2,0:0:0:0:
135,143,97035,1,8,0:1:0:0:
61,93,97210,1,2,0:0:0:0:
89,340,97384,5,8,0:2:0:0:
149,278,97558,1,8,0:3:0:0:
149,278,97732,1,8,0:1:0:0:
223,328,97907,1,2,0:0:0:0:
195,81,98080,5,8,0:2:0:0:
283,70,98254,1,2,0:0:0:0:
283,70,98428,1,8,0:1:0:0:
371,57,98603,1,2,0:0:0:0:
116,92,98777,5,8,0:2:0:0:
159,20,98951,1,8,0:3:0:0:
182,262,99125,5,10,0:1:0:0:
255,276,99473,1,10,0:2:0:0:
331,293,99821,1,10,0:1:0:0:
476,124,100170,5,10,0:2:0:0:
476,124,100344,1,2,0:0:0:0:
441,48,100518,1,8,3:3:0:0:
441,48,100692,1,10,3:3:0:0:
359,59,100866,1,10,0:2:0:0:
359,59,101040,1,10,3:3:0:0:
343,137,101214,1,8,3:3:0:0:
343,137,101388,1,10,3:3:0:0:
410,176,101562,1,8,0:2:0:0:
410,176,101736,1,2,2:0:0:0:
359,59,101911,5,14,0:1:0:0:
512,141,102085,1,10,0:3:0:0:
512,308,102259,1,10,0:2:0:0:
364,384,102433,1,8,0:3:0:0:
160,340,102607,6,0,B|107:288|133:219|133:219|157:147|102:93,1,250,10|8,0:1|0:2,0:0:0:0:
60,22,103129,1,8,0:3:0:0:
47,237,103304,5,10,0:1:0:0:
194,56,103478,1,10,0:3:0:0:
424,103,103652,1,10,0:2:0:0:
460,338,103826,1,8,0:3:0:0:
165,223,104000,5,10,0:1:0:0:
238,132,104174,1,8,0:3:0:0:
353,156,104348,1,8,0:2:0:0:
371,273,104522,1,8,0:3:0:0:
134,136,104697,5,10,0:1:0:0:
304,73,104871,1,10,0:3:0:0:
430,200,105045,1,10,0:2:0:0:
358,364,105219,1,8,0:3:0:0:
97,362,105393,6,0,B|44:310|70:241|70:241|94:169|39:115,1,250,10|8,0:1|0:2,0:0:0:0:
0,42,105915,1,8,0:3:0:0:
130,297,106089,5,10,0:1:0:0:
345,366,106264,1,10,0:3:0:0:
511,219,106438,1,10,0:2:0:0:
474,0,106612,1,8,0:3:0:0:
207,221,106786,5,10,0:1:0:0:
319,257,106961,1,8,0:3:0:0:
409,181,107135,1,8,0:2:0:0:
389,63,107309,1,8,0:3:0:0:
245,302,107482,5,10,0:1:0:0:
417,277,107656,1,10,0:3:0:0:
470,109,107831,1,10,0:2:0:0:
334,0,108005,1,8,0:3:0:0:
120,46,108179,6,0,B|98:109|98:109|118:168|143:219|143:219|112:288,1,250,10|8,0:1|0:2,0:0:0:0:
58,373,108701,1,8,0:3:0:0:
323,384,108875,5,10,0:1:0:0:
512,275,109049,1,10,0:3:0:0:
499,55,109224,1,10,0:2:0:0:
286,5,109398,1,8,0:3:0:0:
312,292,109572,5,10,0:1:0:0:
413,234,109746,1,8,0:3:0:0:
406,117,109921,1,8,0:2:0:0:
293,90,110095,1,8,0:3:0:0:
398,329,110268,5,10,0:1:0:0:
487,176,110442,1,10,0:3:0:0:
367,33,110617,1,10,0:2:0:0:
202,58,110791,1,8,0:3:0:0:
117,342,110965,6,0,B|95:279|95:279|115:220|140:169|140:169|109:100,1,250,10|8,0:1|0:2,0:0:0:0:
59,16,111487,1,8,0:3:0:0:
40,200,111661,5,10,0:1:0:0:
177,271,111835,1,10,0:3:0:0:
317,214,112009,1,10,0:2:0:0:
339,62,112183,1,8,0:3:0:0:
188,7,112358,1,10,0:1:0:0:
160,21,112445,1,8,0:3:0:0:
99,161,112619,1,8,0:3:0:0:
127,147,112706,1,8,0:2:0:0:
59,16,112880,1,8,0:3:0:0:
17,191,113054,5,12,0:1:0:0:
85,320,113228,2,0,P|136:327|182:304,1,100,2|8,0:0|0:2,0:0:0:0:
348,224,113576,2,0,P|297:231|251:208,1,100,2|8,0:0|0:1,0:0:0:0:
86,121,113925,2,0,P|137:128|183:105,1,100,2|8,0:0|0:2,0:0:0:0:
357,139,114273,6,0,L|367:36,1,100,2|8,0:0|0:1,0:0:0:0:
189,207,114621,2,0,L|179:104,1,100,2|8,0:0|0:2,0:0:0:0:
338,323,114969,2,0,L|348:220,1,100,2|8,0:0|0:1,0:0:0:0:
428,146,115318,1,2,0:0:0:0:
244,12,115492,1,8,0:2:0:0:
263,128,115666,1,0,0:0:0:0:
49,40,115840,5,8,0:1:0:0:
68,154,116014,2,0,L|87:264,1,100,2|8,0:0|0:2,0:0:0:0:
216,384,116362,2,0,L|233:285,1,100,2|8,0:0|0:1,0:0:0:0:
363,149,116710,2,0,L|382:259,1,100,2|8,0:0|0:2,0:0:0:0:
394,67,117059,6,0,P|341:61|298:86,1,100,2|8,0:0|0:1,0:0:0:0:
256,241,117407,2,0,P|274:286|315:313,1,100,2|8,0:0|0:2,0:0:0:0:
476,271,117755,2,0,P|506:232|508:182,1,100,2|8,0:0|0:1,0:0:0:0:
394,67,118103,1,2,0:0:0:0:
394,67,118190,1,0,0:0:0:0:
394,67,118277,2,0,B|341:59|341:59|282:79,1,100,8|0,0:2|0:0,0:0:0:0:
256,241,118626,5,8,0:1:0:0:
117,143,118800,2,0,B|63:141|63:141|15:164,1,100,2|8,0:0|0:2,0:0:0:0:
46,336,119148,2,0,B|100:338|100:338|148:315,1,100,2|8,0:0|0:1,0:0:0:0:
119,157,119496,2,0,B|65:155|65:155|17:178,1,100,2|8,0:0|0:2,0:0:0:0:
206,229,119845,6,0,L|220:120,1,100,2|8,0:0|0:1,0:0:0:0:
305,286,120193,2,0,L|319:177,1,100,2|8,0:0|0:2,0:0:0:0:
412,352,120541,2,0,L|426:243,1,100,2|8,0:0|0:1,0:0:0:0:
499,175,120889,1,2,0:0:0:0:
305,286,121063,1,8,0:2:0:0:
317,186,121237,1,0,0:0:0:0:
113,264,121412,5,8,0:1:0:0:
123,162,121586,2,0,L|133:53,1,100,2|8,0:0|0:2,0:0:0:0:
276,83,121934,2,0,L|365:20,1,100,2|8,0:0|0:1,0:0:0:0:
415,160,122282,2,0,L|520:188,1,100,2|8,0:0|0:2,0:0:0:0:
320,384,122630,6,0,P|302:342|312:275,1,100,2|8,0:0|0:1,0:0:0:0:
428,93,122979,2,0,P|376:100|340:144,1,100,2|8,0:0|0:2,0:0:0:0:
236,275,123327,2,0,P|263:229|317:213,1,100,2|8,0:0|0:1,0:0:0:0:
432,237,123675,1,2,0:0:0:0:
235,355,123849,2,0,P|188:342|156:290,1,100,8|0,0:2|0:0,0:0:0:0:
111,143,124197,5,12,0:1:0:0:
157,57,124372,2,0,P|194:44|234:51,1,75,2|0,2:0|0:0,0:0:0:0:
256,33,124720,2,0,P|289:52|310:88,1,75,2|0,2:0|0:0,0:0:0:0:
307,179,125068,2,0,P|275:184|281:152,1,75,2|0,2:0|0:0,0:0:0:0:
366,227,125416,6,0,P|339:249|293:258,1,75,2|0,2:0|0:0,0:0:0:0:
278,286,125764,2,0,P|243:280|207:250,1,75,2|0,2:0|0:0,0:0:0:0:
172,189,126113,2,0,P|134:184|98:208,1,75,2|0,2:0|0:0,0:0:0:0:
84,234,126461,1,2,2:0:0:0:
84,234,126983,5,2,2:0:0:0:
34,156,127157,2,0,P|26:115|36:76,1,75,2|0,2:0|0:0,0:0:0:0:
19,56,127506,2,0,P|45:23|81:6,1,75,2|0,2:0|0:0,0:0:0:0:
104,3,127854,2,0,B|147:-2|157:17|175:39|219:26,1,100,2|0,2:0|0:0,0:0:0:0:
328,8,128376,5,2,2:0:0:0:
317,121,128724,1,2,2:0:0:0:
306,233,129073,1,2,2:0:0:0:
145,355,129421,5,2,2:0:0:0:
132,269,129595,1,2,2:0:0:0:
145,355,129943,1,2,2:0:0:0:
132,269,130117,1,2,2:0:0:0:
121,184,130291,1,2,2:0:0:0:
256,192,130640,12,0,132207,0:0:0:0:
256,360,132381,6,0,L|256:292,1,62.5,2|2,0:0|0:0,0:0:0:0:
256,224,132555,5,14,0:1:0:0:
176,96,132729,1,2,0:0:0:0:
144,36,132816,1,2,0:0:0:0:
336,96,132990,1,2,0:0:0:0:
368,36,133077,1,2,0:0:0:0:
256,224,133251,5,10,0:1:0:0:
176,96,133426,1,2,0:0:0:0:
108,108,133513,1,2,0:0:0:0:
336,96,133687,1,2,0:0:0:0:
404,108,133774,1,2,0:0:0:0:
256,224,133948,5,10,0:1:0:0:
176,96,134122,1,2,0:0:0:0:
144,36,134209,1,2,0:0:0:0:
336,96,134383,1,2,0:0:0:0:
368,36,134470,1,2,0:0:0:0:
256,224,134644,5,10,0:1:0:0:
176,96,134818,1,2,0:0:0:0:
108,108,134905,1,2,0:0:0:0:
336,96,135079,1,2,0:0:0:0:
404,108,135166,1,2,0:0:0:0:
456,156,135254,1,2,0:0:0:0:
464,224,135341,5,10,0:1:0:0:
424,326,135515,1,2,0:0:0:0:
421,357,135602,1,2,0:0:0:0:
327,319,135776,1,2,0:0:0:0:
324,350,135863,1,2,0:0:0:0:
256,224,136037,5,10,0:1:0:0:
208,119,136211,1,2,0:0:0:0:
205,88,136298,1,2,0:0:0:0:
112,130,136472,1,2,0:0:0:0:
109,99,136559,1,2,0:0:0:0:
23,208,136734,5,10,0:1:0:0:
68,316,136908,1,2,0:0:0:0:
71,347,136995,1,2,0:0:0:0:
164,306,137169,1,2,0:0:0:0:
167,337,137256,1,2,0:0:0:0:
252,190,137430,5,10,0:1:0:0:
344,305,137604,1,2,0:0:0:0:
347,336,137691,1,2,0:0:0:0:
438,326,137865,1,2,0:0:0:0:
435,295,137952,1,2,0:0:0:0:
433,264,138040,1,2,0:0:0:0:
426,192,138127,5,10,0:1:0:0:
279,108,138301,1,2,0:0:0:0:
218,73,138388,1,2,0:0:0:0:
279,276,138562,1,2,0:0:0:0:
218,311,138649,1,2,0:0:0:0:
426,192,138823,5,10,0:1:0:0:
279,108,138997,1,2,0:0:0:0:
278,35,139084,1,2,0:0:0:0:
279,276,139258,1,2,0:0:0:0:
278,349,139345,1,2,0:0:0:0:
426,192,139520,5,10,0:1:0:0:
279,108,139694,1,2,0:0:0:0:
218,73,139781,1,2,0:0:0:0:
279,276,139955,1,2,0:0:0:0:
218,311,140042,1,2,0:0:0:0:
426,192,140216,5,10,0:1:0:0:
279,108,140390,1,2,0:0:0:0:
278,35,140477,1,2,0:0:0:0:
279,276,140651,1,2,0:0:0:0:
278,349,140738,1,2,0:0:0:0:
213,377,140825,1,2,0:0:0:0:
154,343,140912,5,10,0:1:0:0:
130,242,141087,1,2,0:0:0:0:
123,210,141174,1,2,0:0:0:0:
100,113,141348,1,2,0:0:0:0:
93,81,141435,1,2,0:0:0:0:
191,26,141609,5,10,0:1:0:0:
215,127,141784,1,2,0:0:0:0:
222,159,141871,1,2,0:0:0:0:
245,256,142045,1,2,0:0:0:0:
252,288,142132,1,2,0:0:0:0:
373,307,142305,5,10,0:1:0:0:
349,206,142480,1,2,0:0:0:0:
342,174,142567,1,2,0:0:0:0:
319,77,142741,1,2,0:0:0:0:
312,45,142828,1,2,0:0:0:0:
423,9,143002,5,10,0:1:0:0:
447,110,143177,1,2,0:0:0:0:
454,142,143264,1,2,0:0:0:0:
477,239,143438,1,2,0:0:0:0:
485,270,143524,1,2,0:0:0:0:
493,300,143611,1,2,0:0:0:0:
512,372,143698,5,14,0:1:0:0:
297,339,143872,1,2,0:0:0:0:
230,321,143959,2,0,L|163:301,1,62.5,2|8,0:0|0:2,0:0:0:0:
126,175,144134,1,2,0:0:0:0:
59,157,144221,2,0,L|-8:137,1,62.5,2|0,0:0|0:0,0:0:0:0:
135,28,144395,5,10,0:1:0:0:
135,28,144569,1,2,0:0:0:0:
202,46,144656,2,0,L|269:66,1,62.5,2|8,0:0|0:2,0:0:0:0:
306,192,144831,1,2,0:0:0:0:
373,210,144918,2,0,L|440:230,1,62.5,2|0,0:0|0:0,0:0:0:0:
297,339,145092,5,14,0:1:0:0:
297,339,145265,1,2,0:0:0:0:
230,321,145352,2,0,L|163:301,1,62.5,2|8,0:0|0:2,0:0:0:0:
126,175,145527,1,2,0:0:0:0:
59,157,145614,2,0,L|-8:137,1,62.5,2|0,0:0|0:0,0:0:0:0:
135,28,145788,5,10,0:1:0:0:
135,28,145962,1,2,0:0:0:0:
202,46,146049,2,0,L|269:66,1,62.5,2|8,0:0|0:2,0:0:0:0:
306,192,146224,1,2,0:0:0:0:
373,210,146310,1,2,0:0:0:0:
441,227,146397,1,2,0:0:0:0:
511,245,146485,5,14,0:1:0:0:
511,245,146658,1,2,0:0:0:0:
509,275,146745,2,0,L|505:331,1,50,2|8,0:0|0:2,0:0:0:0:
416,304,146919,1,2,0:0:0:0:
414,334,147006,2,0,L|410:390,1,50,2|0,0:0|0:0,0:0:0:0:
319,354,147181,5,10,0:1:0:0:
319,354,147355,1,2,0:0:0:0:
317,324,147442,2,0,L|313:268,1,50,2|8,0:0|0:2,0:0:0:0:
221,263,147616,1,2,0:0:0:0:
219,233,147703,2,0,L|215:177,1,50,2|0,0:0|0:0,0:0:0:0:
126,154,147878,5,14,0:1:0:0:
126,154,148051,1,2,0:0:0:0:
130,126,148138,2,0,L|137:68,1,50,2|8,0:0|0:2,0:0:0:0:
227,101,148312,1,2,0:0:0:0:
231,73,148399,2,0,L|238:15,1,50,2|0,0:0|0:0,0:0:0:0:
317,86,148573,5,10,0:1:0:0:
317,86,148748,1,2,0:0:0:0:
319,116,148835,2,0,L|323:172,1,50,2|8,0:0|0:2,0:0:0:0:
228,173,149009,1,2,0:0:0:0:
230,203,149096,2,0,L|234:259,1,50,2|2,0:0|0:0,0:0:0:0:
136,242,149271,5,14,0:1:0:0:
136,242,149444,1,2,0:0:0:0:
67,250,149531,2,0,L|5:257,1,62.5,2|8,0:0|0:2,0:0:0:0:
188,112,149705,1,2,0:0:0:0:
257,104,149792,2,0,L|319:97,1,62.5,2|0,0:0|0:0,0:0:0:0:
108,0,149966,5,10,0:1:0:0:
136,242,150141,1,2,0:0:0:0:
68,225,150228,2,0,L|7:210,1,62.5,2|8,0:0|0:2,0:0:0:0:
229,137,150402,1,2,0:0:0:0:
296,153,150489,2,0,L|356:167,1,62.5,2|0,0:0|0:0,0:0:0:0:
192,5,150663,5,14,0:1:0:0:
136,242,150837,1,2,0:0:0:0:
77,202,150924,2,0,L|25:167,1,62.5,2|8,0:0|0:2,0:0:0:0:
259,175,151098,1,2,0:0:0:0:
316,213,151185,2,0,L|367:247,1,62.5,2|0,0:0|0:0,0:0:0:0:
269,38,151359,5,10,0:1:0:0:
136,242,151533,1,2,0:0:0:0:
94,185,151620,2,0,L|56:134,1,62.5,2|8,0:0|0:2,0:0:0:0:
275,222,151794,1,2,0:0:0:0:
313,277,151882,1,2,0:0:0:0:
351,332,151969,1,2,0:0:0:0:
393,384,152055,5,14,0:1:0:0:
393,384,152230,1,2,0:0:0:0:
398,355,152317,2,0,L|406:301,1,50,2|8,0:0|0:2,0:0:0:0:
419,218,152491,1,2,0:0:0:0:
424,189,152578,2,0,L|432:135,1,50,2|0,0:0|0:0,0:0:0:0:
443,58,152752,5,10,0:1:0:0:
443,58,152926,1,2,0:0:0:0:
438,87,153013,2,0,L|430:141,1,50,2|8,0:0|0:2,0:0:0:0:
419,218,153187,1,2,0:0:0:0:
414,247,153274,2,0,L|406:301,1,50,2|0,0:0|0:0,0:0:0:0:
393,384,153448,5,14,0:1:0:0:
393,384,153623,1,2,0:0:0:0:
398,355,153710,2,0,L|406:301,1,50,2|8,0:0|0:2,0:0:0:0:
419,218,153884,1,2,0:0:0:0:
424,189,153971,2,0,L|432:135,1,50,2|0,0:0|0:0,0:0:0:0:
443,58,154145,5,10,0:1:0:0:
443,58,154319,1,2,0:0:0:0:
438,87,154406,2,0,L|430:141,1,50,2|8,0:0|0:2,0:0:0:0:
419,218,154580,1,2,0:0:0:0:
414,247,154667,2,0,L|406:305,1,50,2|0,0:0|0:0,0:0:0:0:
393,384,154841,5,14,0:1:0:0:
505,242,155016,1,10,0:3:0:0:
266,318,155190,1,10,0:2:0:0:
312,151,155364,1,8,0:3:0:0:
137,324,155538,5,10,0:1:0:0:
119,221,155712,1,8,0:3:0:0:
100,119,155886,1,8,0:2:0:0:
81,18,156060,1,8,0:3:0:0:
233,223,156235,5,14,0:1:0:0:
285,3,156409,1,10,0:3:0:0:
512,46,156583,1,10,0:2:0:0:
462,271,156757,1,8,0:3:0:0:
312,117,156931,5,10,0:1:0:0:
439,144,157105,1,8,0:3:0:0:
312,117,157279,1,8,0:2:0:0:
439,144,157453,1,8,0:3:0:0:
422,275,157627,5,14,0:1:0:0:
509,116,157802,1,10,0:3:0:0:
272,244,157976,1,10,0:2:0:0:
259,65,158150,1,8,0:3:0:0:
385,281,158324,5,10,0:1:0:0:
257,311,158498,1,8,0:3:0:0:
129,335,158672,1,8,0:2:0:0:
4,365,158846,1,8,0:3:0:0:
0,67,159020,5,14,0:1:0:0:
63,284,159194,1,10,0:3:0:0:
284,227,159369,1,10,0:2:0:0:
227,10,159543,1,8,0:3:0:0:
84,155,159717,5,10,0:1:0:0:
129,75,159891,1,8,0:3:0:0:
125,63,159978,1,0,0:0:0:0:
121,51,160065,1,8,0:2:0:0:
212,122,160239,1,8,0:3:0:0:
0,67,160413,5,14,0:1:0:0:
149,161,160587,1,2,0:2:0:0:
227,10,160762,1,10,0:2:0:0:
376,114,160936,1,0,0:0:0:0:
227,10,161110,6,0,L|190:257,1,250,10|8,0:1|0:2,0:0:0:0:
173,371,161632,1,0,0:0:0:0:
91,162,161806,5,14,0:1:0:0:
313,194,161980,1,2,0:2:0:0:
91,162,162155,1,10,0:2:0:0:
313,194,162329,1,0,0:0:0:0:
213,97,162503,5,10,0:1:0:0:
189,257,162677,1,0,0:0:0:0:
213,97,162851,1,8,0:2:0:0:
189,257,163025,1,0,0:0:0:0:
65,11,163199,5,14,0:1:0:0:
213,97,163373,1,2,0:2:0:0:
355,9,163547,1,10,0:2:0:0:
478,128,163721,1,0,0:0:0:0:
355,9,163896,6,0,L|317:256,1,250,10|8,0:1|0:2,0:0:0:0:
299,372,164418,1,0,0:0:0:0:
224,187,164592,5,14,0:1:0:0:
193,320,164766,1,2,0:2:0:0:
58,295,164940,1,10,0:2:0:0:
90,159,165114,1,0,0:0:0:0:
152,235,165289,5,10,0:1:0:0:
148,252,165463,1,0,0:0:0:0:
131,249,165637,1,8,0:2:0:0:
135,232,165811,1,0,0:0:0:0:
58,295,165985,5,14,0:1:0:0:
193,320,166159,2,0,L|277:307,1,75.0000028610231,2|8,0:0|0:1,0:0:0:0:
280,214,166507,2,0,L|364:201,1,75.0000028610231,2|8,0:0|0:1,0:0:0:0:
415,286,166856,2,0,L|499:273,1,75.0000028610231,2|8,0:0|0:1,0:0:0:0:
435,119,167204,6,0,P|392:115|360:130,1,75.0000028610231,2|8,0:0|0:1,0:0:0:0:
285,82,167552,2,0,P|255:113|246:147,1,75.0000028610231,2|8,0:0|0:1,0:0:0:0:
157,157,167900,2,0,P|161:201|181:229,1,75.0000028610231,2|8,0:0|0:1,0:0:0:0:
312,203,168248,5,2,0:0:0:0:
297,291,168423,1,8,0:1:0:0:
383,306,168597,1,0,0:0:0:0:
399,220,168771,1,10,0:1:0:0:
312,203,168945,6,0,L|233:187,1,75.0000028610231,2|8,0:0|0:1,0:0:0:0:
164,274,169293,2,0,L|85:258,1,75.0000028610231,2|8,0:0|0:1,0:0:0:0:
75,156,169641,2,0,L|-4:140,1,75.0000028610231,2|8,0:0|0:1,0:0:0:0:
152,23,169990,6,0,P|198:19|228:34,1,75.0000028610231,2|8,0:0|0:1,0:0:0:0:
318,3,170338,2,0,P|351:36|359:68,1,75.0000028610231,2|8,0:0|0:1,0:0:0:0:
440,118,170686,2,0,P|436:164|416:191,1,75.0000028610231,2|8,0:0|0:1,0:0:0:0:
342,259,171034,1,2,0:0:0:0:
263,189,171208,1,8,0:1:0:0:
83,345,171557,5,14,0:1:0:0:
243,250,175735,5,2,2:0:0:0:
258,92,176084,5,2,2:0:0:0:
243,250,176432,5,2,2:0:0:0:
243,250,176780,5,2,2:0:0:0:
258,92,176954,5,2,2:0:0:0:
258,92,177302,5,2,2:0:0:0:
243,250,177476,5,2,2:0:0:0:
251,167,177651,5,2,2:0:0:0:
341,177,177999,2,0,L|427:186,1,75,2|0,2:0|0:0,0:0:0:0:
444,169,178347,2,0,L|430:280,1,100,2|2,2:0|2:0,0:0:0:0:
