osu file format v14

[General]
AudioFilename: audio.mp3
AudioLeadIn: 0
PreviewTime: -1
Countdown: 0
SampleSet: Normal
StackLeniency: 0.7
Mode: 0
LetterboxInBreaks: 0
WidescreenStoryboard: 1

[Editor]
DistanceSpacing: 1.5
BeatDivisor: 4
GridSize: 8
TimelineZoom: 1.1

[Metadata]
Title:Anubis
TitleUnicode:Anubis
Artist:EnV
ArtistUnicode:EnV
Creator:RyuuST
Version:Anubis God Of Egypt [Aspaier]
Source:
Tags:
BeatmapID:2467649
BeatmapSetID:1182841

[Difficulty]
HPDrainRate:3
CircleSize:4.2
OverallDifficulty:7
ApproachRate:9.5
SliderMultiplier:2
SliderTickRate:1

[Events]
//Background and Video events
0,0,"FL7nQc.jpg",0,0
//Break Periods
//Storyboard Layer 0 (Background)
//Storyboard Layer 1 (Fail)
//Storyboard Layer 2 (Pass)
//Storyboard Layer 3 (Foreground)
//Storyboard Layer 4 (Overlay)
//Storyboard Sound Samples

[TimingPoints]
117,468.75,4,1,0,60,1,0
30117,-100,4,2,0,60,0,1
39726,-125,4,2,0,60,0,1
40077,-100,4,2,0,60,0,1
45000,-47.6190476190476,4,1,0,60,0,0
53085,-100,4,1,0,60,0,0
55722,-50,4,1,0,60,0,0
55781,-50,4,1,0,60,0,1
56367,-33.3333333333333,4,1,0,60,0,1
56601,-66.6666666666667,4,1,0,60,0,1
101829,-33.3333333333333,4,1,0,60,0,1
102070,-66.6666666666667,4,1,0,60,0,1
116250,-100,4,1,0,60,0,0
131250,-40,4,1,0,60,0,0
146367,-100,4,2,0,60,0,1
161250,-25,4,3,1,60,0,0
169101,-33.3333333333333,4,3,1,60,0,0
176835,-100,4,3,1,60,0,0
179509,-50,4,3,1,60,0,0
180117,-50,4,2,1,60,0,1
180585,-100,4,2,1,60,0,1
236835,-66.6666666666667,4,2,1,60,0,1
240058,-100,4,1,1,60,0,0


[HitObjects]
77,221,117,6,0,L|175:293,1,100
157,280,351,2,0,L|249:197,1,100
283,94,820,2,8,L|373:141,1,100
385,285,1289,1,0,0:0:0:0:
385,285,1523,2,8,P|368:249|308:230,1,100
228,73,1992,6,0,L|212:177,1,100
213,172,2226,2,0,L|315:220,1,100
156,226,2695,2,8,P|201:259|241:288,1,100
236,284,3164,1,0,0:0:0:0:
236,284,3398,2,8,P|208:232|210:182,1,100
388,192,3867,6,0,P|387:112|351:101,1,100
379,107,4101,2,0,P|322:96|288:124,1,100
291,118,4570,2,8,L|208:194,1,100
91,309,5039,1,0,0:0:0:0:
91,309,5273,2,0,L|94:182,1,100
322,211,5742,6,0,P|247:209|218:243,1,100
230,222,5976,2,0,P|158:283|124:266,1,100
70,138,6445,2,8,P|119:124|190:162,1,100
300,302,6914,5,0,0:0:0:0:
300,302,7148,2,8,L|173:305,1,100
171,192,7617,2,0,L|246:118,1,100
245,127,7851,2,0,L|160:33,1,100
224,247,8320,2,8,P|223:303|247:348,1,100
399,304,8789,5,0,0:0:0:0:
399,304,9023,2,8,P|365:254|319:246,1,100
291,186,9492,6,0,P|221:174|229:135,1,100
219,161,9726,2,0,P|228:88|273:81,1,100
413,170,10195,6,8,P|357:169|312:193,1,100
318,187,10664,1,0,0:0:0:0:
122,230,10898,2,8,P|164:179|210:178,1,100
397,265,11367,2,0,P|304:292|289:288,1,100
304,292,11601,2,0,P|236:275|195:294,1,100
108,284,12070,6,8,P|109:228|85:183,1,100
90,189,12539,1,0,0:0:0:0:
238,152,12773,2,8,P|190:100|215:51,1,100
355,117,13242,2,0,P|349:180|306:197,1,100
321,195,13476,2,0,P|308:264|352:272,1,100
154,261,13945,6,0,L|226:164,1,100
213,180,14179,2,0,L|301:237,1,100
297,234,14413,2,0,L|248:324,1,100
249,321,14648,2,0,L|151:257,1,100
355,146,15117,6,0,L|224:148,1,100
255,147,15351,2,0,L|259:264,1,100
418,214,15820,2,8,P|349:238|326:205,1,100
336,226,16289,1,0,0:0:0:0:
299,85,16523,2,8,P|364:96|390:122,1,100
425,232,16992,6,0,P|387:291|351:291,1,100
363,293,17226,2,0,P|265:312|258:337,1,100
277,200,17695,2,8,P|271:150|219:129,1,100
230,128,18164,1,0,0:0:0:0:
118,209,18398,2,8,P|176:245|174:293,1,100
270,308,18867,6,0,P|299:257|287:207,1,100
293,218,19101,2,0,P|291:153|327:132,1,100
461,130,19570,2,8,P|432:186|385:205,1,100
400,202,20039,1,0,0:0:0:0:
246,286,20273,2,8,P|314:291|337:319,1,100
357,233,20742,6,0,P|324:189|270:166,1,100
284,169,20976,2,0,P|221:163|177:187,1,100
139,296,21445,2,8,P|229:311|232:321,1,100
224,303,21914,1,0,0:0:0:0:
224,303,22148,2,8,P|301:300|319:279,1,100
413,259,22617,6,0,P|407:201|379:152,1,100
388,164,22851,2,0,P|312:121|270:127,1,100
279,327,23320,2,8,P|224:314|161:321,1,100
175,319,23789,1,0,0:0:0:0:
258,128,24023,2,8,P|223:196|197:204,1,100
245,294,24492,6,0,P|317:295|339:258,1,100
331,278,24726,2,0,P|304:217|266:208,1,100
276,112,25195,2,8,P|316:49|309:30,1,100
309,31,25664,1,0,0:0:0:0:
184,177,25898,2,8,P|116:149|99:112,1,100
207,110,26367,6,0,P|313:170|314:171,1,100
295,154,26601,2,0,P|338:80|351:40,1,100
208,106,27070,2,8,P|135:161|113:158,1,100
132,160,27539,1,0,0:0:0:0:
228,294,27773,2,8,P|228:260|265:195,1,100
321,259,28242,6,0,P|310:194|280:178,1,100
284,179,28476,2,0,P|238:123|256:89,1,100
182,206,28945,2,8,P|98:172|98:163,1,100
100,183,29414,1,0,0:0:0:0:
320,174,29648,2,8,P|311:243|281:255,1,100
140,120,30117,6,0,L|245:119,1,100
239,119,30351,2,0,L|363:122,1,100
339,121,30585,2,0,L|446:119,1,100
439,119,30820,1,0,0:0:0:0:
416,196,31054,6,0,L|311:197,1,100
316,196,31288,2,0,L|192:193,1,100
216,194,31522,2,0,L|109:196,1,100
116,196,31757,1,0,0:0:0:0:
118,273,31992,6,0,L|223:272,1,100
217,272,32226,2,0,L|340:274,1,100
317,274,32460,2,0,L|423:271,1,100
417,272,32695,1,0,0:0:0:0:
394,349,32929,6,0,L|289:350,1,100
294,349,33163,2,0,L|170:346,1,100
194,347,33397,2,0,L|87:349,1,100
94,349,33632,1,0,0:0:0:0:
78,275,33867,6,0,L|79:152,1,100
78,175,34101,2,0,L|136:88,1,100
133,91,34335,2,0,L|213:167,1,100
206,160,34570,1,0,0:0:0:0:
353,135,34804,6,0,L|352:258,1,100
352,234,35038,2,0,L|294:321,1,100
297,318,35272,2,0,L|217:242,1,100
224,249,35507,1,0,0:0:0:0:
164,189,35742,6,0,L|231:108,1,100
227,111,35976,2,0,L|324:174,1,100
311,166,36210,2,0,L|242:248,1,100
246,242,36445,1,0,0:0:0:0:
102,100,36679,6,0,L|173:185,1,100
166,176,36913,2,0,L|241:265,1,100
230,252,37148,2,0,L|149:158,1,100
165,177,37382,1,0,0:0:0:0:
266,328,37617,6,0,L|346:248,1,100
336,257,37851,2,0,L|248:173,1,100
264,188,38085,2,0,L|339:262,1,100
336,257,38320,2,0,L|417:335,1,100
417,335,38554,2,0,L|320:244,1,100
349,271,38788,6,0,L|467:204,1,100
435,221,39023,2,0,L|368:130,1,100
376,141,39257,2,8,P|417:93|451:87,1,100
413,83,39726,2,0,L|468:120,1,40
413,83,39843,2,0,P|366:53|361:50,1,40
315,112,40195,6,0,L|245:200,1,100
252,190,40429,2,0,L|334:254,1,100
331,251,40663,2,0,L|256:334,1,100
264,325,40898,2,0,L|179:253,1,100
191,265,41132,2,0,L|260:186,1,100
256,189,41367,2,0,L|180:108,1,100
187,116,41601,6,0,L|100:206,1,100
187,116,41835,2,0,L|72:89,1,100
195,125,42070,2,0,L|134:30,1,100
200,129,42304,2,0,L|256:29,1,100
249,41,42538,2,0,L|344:83,1,100
345,88,42773,2,0,L|298:206,1,100
316,177,43007,6,0,L|451:187,1,100
419,193,43242,2,0,L|305:288,1,100
350,261,43476,2,8,P|412:292|441:310,1,100
430,304,43710,2,0,L|353:390,1,100
354,379,43945,2,8,L|262:329,1,100
266,331,44179,2,0,L|211:225,1,100
215,240,44413,2,0,L|145:159,1,100
143,167,44648,1,0,0:0:0:0:
144,232,45117,6,0,B|146:127|146:127|143:243|143:243,1,200
405,222,46054,6,0,B|406:103|406:103|405:235,1,200
216,80,46992,6,0,B|321:82|321:82|205:79|205:79,1,200
226,341,47929,6,0,B|345:342|345:342|213:341,1,200
186,230,48867,6,0,B|261:158|261:158|182:233,1,200
170,141,49804,2,0,B|280:216|280:216|168:140,1,200
292,117,50742,2,0,B|211:203|211:203|295:115,1,200
312,239,51679,2,0,B|231:169|231:169|315:243,1,200
250,384,52617,2,0,B|247:275|247:275|253:388,1,209.999993591309
251,379,53085,6,0,B|253:210|253:210|147:210|147:210|370:208|370:208|236:213|227:177|227:179|162:120|139:18|219:7|248:14|261:9|265:19|278:14|348:31|392:61|360:119|270:189|225:184|254:217|255:215|253:279|253:393|253:350,1,1200
276,282,56367,6,0,P|160:101|288:68,1,300.000011444092
275,82,56835,6,0,L|411:229,1,150.000005722046
275,82,57070,6,0,L|332:254,1,150.000005722046
275,82,57304,6,0,L|221:235,1,150.000005722046
225,223,57538,2,0,L|59:224,1,150.000005722046
75,223,57773,1,0,0:0:0:0:
423,323,58007,5,0,0:0:0:0:
248,127,58242,1,0,0:0:0:0:
128,323,58476,6,0,L|223:323,1,75.0000028610231
128,323,58593,2,0,L|182:270,1,75.0000028610231
326,338,58945,5,0,0:0:0:0:
176,103,59179,1,0,0:0:0:0:
366,105,59413,2,0,L|221:232,1,150.000005722046
84,348,59882,5,0,0:0:0:0:
274,343,60117,6,0,L|439:343,1,150.000005722046
424,343,60351,2,0,L|337:204,1,150.000005722046
349,220,60585,2,0,L|251:357,1,150.000005722046
261,341,60820,5,0,0:0:0:0:
44,254,61054,1,0,0:0:0:0:
72,83,61288,2,0,L|244:84,1,150.000005722046
227,82,61523,2,0,L|230:238,1,150.000005722046
231,237,61757,2,0,L|388:228,1,150.000005722046
380,228,61992,1,0,0:0:0:0:
439,68,62226,5,0,0:0:0:0:
365,343,62460,1,0,0:0:0:0:
333,340,62695,6,0,L|161:345,1,150.000005722046
183,344,62929,2,0,L|178:188,1,150.000005722046
178,188,63163,2,0,L|374:188,1,150.000005722046
328,188,63398,1,0,0:0:0:0:
210,96,63632,1,0,0:0:0:0:
303,259,63867,5,0,0:0:0:0:
441,104,64101,2,0,L|351:173,1,75.0000028610231
441,104,64218,2,0,L|346:92,1,75.0000028610231
249,257,64570,6,0,L|457:255,1,150.000005722046
398,255,64804,2,0,L|392:69,1,150.000005722046
393,105,65038,2,0,L|225:101,1,150.000005722046
243,101,65273,1,0,0:0:0:0:
73,88,65507,5,0,0:0:0:0:
138,343,65742,1,0,0:0:0:0:
150,117,65976,2,0,L|168:216,1,75.0000028610231
150,117,66093,2,0,L|85:178,1,75.0000028610231
141,285,66445,2,0,L|315:276,1,150.000005722046
290,277,66679,2,0,L|291:117,1,150.000005722046
290,127,66913,1,0,0:0:0:0:
442,258,67148,1,0,0:0:0:0:
232,281,67382,5,0,0:0:0:0:
437,126,67617,6,0,P|339:72|277:53,1,150.000005722046
303,59,67851,1,0,0:0:0:0:
195,84,68085,6,0,L|198:247,1,150.000005722046
347,224,68554,2,0,L|351:378,1,150.000005722046
350,374,68788,1,0,0:0:0:0:
94,320,69023,1,0,0:0:0:0:
114,199,69257,6,0,L|114:48,1,150.000005722046
116,57,69492,2,0,L|271:65,1,150.000005722046
265,64,69726,1,0,0:0:0:0:
224,257,69960,1,0,0:0:0:0:
412,98,70194,6,0,L|301:95,1,75.0000028610231
412,98,70312,2,0,L|506:101,1,75.0000028610231
412,98,70429,2,0,L|412:191,1,75.0000028610231
412,98,70546,2,0,L|411:-9,1,75.0000028610231
412,98,70663,2,0,L|324:155,1,75.0000028610231
412,98,70781,2,0,L|490:42,1,75.0000028610231
412,98,70898,2,0,L|347:41,1,75.0000028610231
412,98,71015,1,0,0:0:0:0:
412,98,71132,5,0,0:0:0:0:
325,324,71367,1,0,0:0:0:0:
114,244,71601,1,0,0:0:0:0:
90,336,71835,6,0,L|88:156,1,150.000005722046
88,186,72070,2,0,L|264:181,1,150.000005722046
238,181,72304,2,0,L|352:322,1,150.000005722046
332,298,72538,2,0,L|455:186,1,150.000005722046
443,196,72773,1,0,0:0:0:0:
184,343,73007,5,0,0:0:0:0:
260,68,73242,1,0,0:0:0:0:
123,189,73476,6,0,L|19:128,1,75.0000028610231
123,189,73593,2,0,L|5:203,1,75.0000028610231
273,320,73945,1,0,0:0:0:0:
391,235,74179,2,0,L|268:116,1,150.000005722046
283,130,74413,1,0,0:0:0:0:
126,290,74648,1,0,0:0:0:0:
314,70,74882,1,0,0:0:0:0:
405,322,75117,6,0,L|397:149,1,150.000005722046
398,172,75351,2,0,L|210:167,1,150.000005722046
248,168,75585,2,0,L|249:326,1,150.000005722046
248,323,75820,2,0,L|93:273,1,150.000005722046
105,276,76054,1,0,0:0:0:0:
217,155,76288,1,0,0:0:0:0:
75,69,76523,1,0,0:0:0:0:
271,314,76757,1,0,0:0:0:0:
415,87,76992,6,0,L|273:236,1,150.000005722046
311,195,77226,1,0,0:0:0:0:
415,87,77460,2,0,L|462:258,1,150.000005722046
454,231,77695,2,0,L|291:288,1,150.000005722046
312,280,77929,2,0,L|306:113,1,150.000005722046
313,131,78163,2,0,L|140:255,1,150.000005722046
191,218,78398,1,0,0:0:0:0:
92,322,78632,5,0,0:0:0:0:
420,336,78867,6,0,L|416:164,1,150.000005722046
416,186,79101,2,0,L|226:191,1,150.000005722046
266,189,79335,2,0,L|263:36,1,150.000005722046
263,39,79570,1,0,0:0:0:0:
67,174,79804,1,0,0:0:0:0:
156,296,80038,6,0,L|273:173,1,150.000005722046
264,189,80273,2,0,L|382:307,1,150.000005722046
369,300,80507,2,0,L|176:304,1,150.000005722046
219,303,80742,1,0,0:0:0:0:
315,73,80976,2,0,L|321:197,1,75.0000028610231
315,73,81093,2,0,L|386:147,1,75.0000028610231
409,214,81445,5,0,0:0:0:0:
91,323,81679,1,0,0:0:0:0:
90,202,81913,2,0,L|91:39,1,150.000005722046
97,61,82148,2,0,L|258:53,1,150.000005722046
246,53,82382,2,0,L|244:217,1,150.000005722046
244,203,82617,1,0,0:0:0:0:
422,330,82851,1,0,0:0:0:0:
421,81,83085,5,0,0:0:0:0:
247,316,83320,1,0,0:0:0:0:
111,301,83554,2,0,L|111:141,1,150.000005722046
111,151,83788,1,0,0:0:0:0:
155,78,84023,2,0,L|328:151,1,150.000005722046
293,136,84257,1,0,0:0:0:0:
432,336,84492,5,0,0:0:0:0:
406,150,84726,6,0,L|297:217,1,75.0000028610231
343,190,84843,2,0,L|247:197,1,75.0000028610231
268,196,84960,2,0,L|262:30,1,150.000005722046
262,46,85195,2,0,L|75:46,1,150.000005722046
112,46,85429,2,0,L|226:183,1,150.000005722046
208,161,85663,2,0,L|410:177,1,150.000005722046
357,173,85898,1,0,0:0:0:0:
444,228,86132,6,0,L|297:331,1,150.000005722046
316,312,86367,2,0,L|179:218,1,150.000005722046
192,227,86601,1,0,0:0:0:0:
74,73,86835,6,0,L|77:246,1,150.000005722046
77,215,87070,2,0,L|252:227,1,150.000005722046
226,225,87304,2,0,L|231:53,1,150.000005722046
230,75,87538,2,0,L|416:89,1,150.000005722046
380,86,87773,1,0,0:0:0:0:
431,240,88007,5,0,0:0:0:0:
149,333,88242,1,0,0:0:0:0:
139,196,88476,6,0,L|209:124,1,75.0000028610231
139,196,88593,2,0,L|235:186,1,75.0000028610231
395,231,88945,6,0,L|304:102,1,150.000005722046
308,108,89179,2,0,L|191:255,1,150.000005722046
214,225,89413,2,0,L|102:80,1,150.000005722046
122,106,89648,1,0,0:0:0:0:
259,291,89882,1,0,0:0:0:0:
425,95,90117,6,0,L|426:261,1,150.000005722046
431,244,90351,1,0,0:0:0:0:
336,349,90585,1,0,0:0:0:0:
88,83,90820,2,0,L|253:77,1,150.000005722046
237,77,91054,2,0,L|241:232,1,150.000005722046
240,227,91288,2,0,L|81:232,1,150.000005722046
90,231,91523,2,0,L|91:382,1,150.000005722046
90,376,91757,1,0,0:0:0:0:
384,296,91992,5,0,0:0:0:0:
290,156,92226,6,0,L|215:58,1,75.0000028610231
290,156,92343,2,0,L|356:67,1,75.0000028610231
80,134,92695,2,0,L|86:291,1,150.000005722046
85,283,92929,2,0,L|250:281,1,150.000005722046
242,282,93163,2,0,L|373:153,1,150.000005722046
343,178,93398,1,0,0:0:0:0:
131,73,93632,5,0,0:0:0:0:
436,159,93867,1,0,0:0:0:0:
304,73,94101,6,0,L|250:218,1,150.000005722046
251,213,94335,2,0,L|129:93,1,150.000005722046
144,108,94570,2,0,L|335:32,1,150.000005722046
283,52,94804,2,0,L|419:168,1,150.000005722046
398,150,95038,2,0,L|270:244,1,150.000005722046
277,238,95273,1,0,0:0:0:0:
96,131,95507,5,0,0:0:0:0:
204,302,95742,1,0,0:0:0:0:
145,195,95976,6,0,L|96:128,1,75.0000028610231
145,195,96093,2,0,L|191:120,1,75.0000028610231
116,303,96445,2,0,L|278:303,1,150.000005722046
266,303,96679,2,0,L|268:142,1,150.000005722046
267,153,96913,1,0,0:0:0:0:
359,81,97148,1,0,0:0:0:0:
444,205,97382,5,0,0:0:0:0:
438,320,97617,2,0,L|269:326,1,150.000005722046
288,325,97851,1,0,0:0:0:0:
94,273,98085,1,0,0:0:0:0:
90,101,98320,6,0,L|258:100,1,150.000005722046
239,100,98554,2,0,L|237:260,1,150.000005722046
237,250,98788,2,0,L|397:253,1,150.000005722046
387,252,99023,2,0,L|390:83,1,150.000005722046
389,102,99257,1,0,0:0:0:0:
149,75,99492,5,0,0:0:0:0:
288,242,99726,1,0,0:0:0:0:
95,255,99960,2,0,L|94:83,1,150.000005722046
96,111,100195,2,0,L|261:110,1,150.000005722046
245,110,100429,2,0,L|386:242,1,150.000005722046
355,212,100663,2,0,L|176:281,1,150.000005722046
214,266,100898,1,0,0:0:0:0:
326,332,101132,6,0,L|471:239,1,150.000005722046
428,142,101835,2,0,P|263:57|95:79,1,300.000011444092
152,60,102070,1,0,0:0:0:0:
100,168,102304,1,0,0:0:0:0:
105,271,102538,6,0,L|256:311,1,150.000005722046
249,309,102773,2,0,L|286:153,1,150.000005722046
283,163,103007,2,0,L|446:211,1,150.000005722046
427,205,103242,1,0,0:0:0:0:
153,79,103476,6,0,L|82:167,1,75.0000028610231
153,79,103593,2,0,L|216:167,1,75.0000028610231
106,306,103945,2,0,L|259:303,1,150.000005722046
255,303,104179,1,0,0:0:0:0:
390,234,104413,6,0,L|265:121,1,150.000005722046
278,133,104648,1,0,0:0:0:0:
204,192,104882,1,0,0:0:0:0:
402,96,105117,2,0,L|215:62,1,150.000005722046
254,69,105351,1,0,0:0:0:0:
64,171,105585,6,0,L|84:337,1,150.000005722046
81,319,105820,2,0,L|226:181,1,150.000005722046
189,215,106054,2,0,L|371:217,1,150.000005722046
339,216,106288,2,0,L|347:44,1,150.000005722046
346,66,106523,2,0,L|154:60,1,150.000005722046
196,61,106757,1,0,0:0:0:0:
159,140,106992,6,0,L|278:263,1,150.000005722046
263,247,107226,2,0,L|436:232,1,150.000005722046
412,234,107460,1,0,0:0:0:0:
424,43,107695,6,0,L|238:142,1,150.000005722046
244,197,108163,1,0,0:0:0:0:
41,347,108398,2,0,L|158:251,1,150.000005722046
403,331,108867,6,0,L|326:176,1,150.000005722046
336,196,109101,1,0,0:0:0:0:
426,71,109335,6,0,L|236:65,1,150.000005722046
276,66,109570,2,0,L|266:231,1,150.000005722046
266,215,109804,2,0,L|90:217,1,150.000005722046
116,216,110038,2,0,L|122:376,1,150.000005722046
122,361,110273,1,0,0:0:0:0:
356,358,110507,5,0,0:0:0:0:
189,159,110742,1,0,0:0:0:0:
406,135,110976,2,0,L|454:221,1,75.0000028610231
406,135,111093,2,0,L|337:205,1,75.0000028610231
390,308,111445,1,0,0:0:0:0:
244,299,111679,2,0,L|137:176,1,150.000005722046
151,186,111913,1,0,0:0:0:0:
184,71,112148,6,0,L|369:133,1,150.000005722046
326,118,112382,1,0,0:0:0:0:
424,257,112617,1,0,0:0:0:0:
227,151,112851,1,0,0:0:0:0:
83,339,113085,6,0,P|87:220|163:190,1,150.000005722046
106,201,113554,2,0,P|135:116|217:87,1,150.000005722046
184,88,114023,2,0,P|238:20|344:53,1,150.000005722046
400,100,114726,6,0,L|321:172,1,75.0000028610231
396,104,114843,2,0,L|441:174,1,75.0000028610231
421,303,115195,2,0,L|236:305,1,150.000005722046
271,304,115430,2,0,L|273:149,1,150.000005722046
272,154,115664,2,0,L|118:154,1,150.000005722046
118,149,115899,2,0,L|111:328,1,150.000005722046
112,298,116132,1,0,0:0:0:0:
276,300,116367,6,0,L|277:219,1,50
273,223,116601,2,0,L|192:222,1,50
205,223,116835,2,0,L|206:170,1,50
209,137,117070,2,0,L|272:138,1,50
263,110,117304,2,0,L|265:52,1,50
291,53,117538,2,0,L|348:53,1,50
373,80,117773,2,0,L|375:157,1,50
367,168,118007,2,0,L|282:166,1,50
294,190,118242,2,0,L|292:258,1,50
291,276,118476,6,0,L|230:275,1,50
234,243,118710,2,0,L|234:186,1,50
229,166,118945,2,0,L|150:166,1,50
175,144,119179,2,0,L|179:90,1,50
199,84,119413,2,0,L|263:85,1,50
281,108,119648,6,0,L|284:172,1,50
316,169,119882,2,0,L|371:167,1,50
372,191,120117,2,0,L|373:248,1,50
372,278,120351,2,0,L|301:277,1,50
319,249,120585,2,0,L|318:180,1,50
319,164,120820,2,0,L|240:165,1,50
265,195,121054,2,0,L|264:254,1,50
237,248,121288,6,0,L|173:248,1,50
182,217,121523,2,0,L|184:144,1,50
182,127,121757,6,0,L|241:121,1,50
244,155,121992,2,0,L|244:223,1,50
281,209,122226,2,0,L|348:211,1,50
336,164,122460,2,0,L|338:114,1,50
332,74,122695,2,0,L|253:73,1,50
269,103,122929,2,0,L|269:173,1,50
268,192,123163,2,0,L|184:190,1,50
214,156,123398,2,0,L|214:81,1,50
209,71,123632,6,0,L|133:72,1,50
147,108,123867,2,0,L|147:193,1,50
175,167,124101,2,0,L|237:165,1,50
231,195,124335,2,0,L|230:271,1,50
262,254,124570,2,0,L|318:253,1,50
322,291,124804,6,0,L|323:352,1,50
366,344,125038,2,0,L|428:343,1,50
421,308,125273,2,0,L|421:244,1,50
367,243,125507,2,0,L|285:243,1,50
304,182,125742,2,0,L|305:103,1,50
371,117,125976,2,0,L|450:120,1,50
431,69,126210,2,0,L|430:11,1,50
370,12,126445,2,0,L|293:12,1,50
307,69,126679,2,0,L|310:142,1,50
304,198,126913,6,0,L|216:197,1,50
159,201,127148,2,0,L|161:115,1,50
163,47,127382,2,0,L|228:47,1,50
341,57,127617,2,0,L|342:126,1,50
344,233,127851,2,0,L|257:239,1,50
146,242,128085,2,0,L|143:173,1,50
143,70,128320,2,0,L|201:67,1,50
369,80,128554,6,0,L|374:168,1,50
365,289,128788,2,0,L|267:288,1,50
133,293,129023,2,0,L|133:197,1,50
133,92,129257,2,0,L|211:94,1,50
398,103,129492,6,0,L|321:102,1,50
112,103,129726,2,0,L|112:172,1,50
106,313,129960,2,0,L|169:313,1,50
378,319,130195,2,0,L|374:235,1,50
401,93,130429,2,0,L|320:93,1,50
68,71,130663,2,0,L|68:158,1,50
93,322,130898,2,0,L|163:320,1,50
432,336,131132,6,0,L|430:254,1,50
461,167,131367,6,0,B|376:71|198:42|103:58|3:185,1,500
17,167,132070,2,0,B|100:273|221:280|339:266|443:226|461:169,1,500
246,64,132773,6,0,L|255:327,1,250
99,237,133242,6,0,L|310:46,1,250
284,69,133710,6,0,L|438:287,1,250
428,273,134179,6,0,L|75:268,1,250
107,278,134648,6,0,L|113:11,1,250
441,50,135117,6,0,L|176:347,1,375
88,40,135820,6,0,L|419:357,1,375
129,334,136523,6,0,L|358:160,1,250
94,282,136992,6,0,L|257:64,1,250
299,50,137460,2,0,L|475:328,1,250
445,297,137929,2,0,L|115:289,1,250
111,283,138398,2,0,L|352:62,1,250
76,59,138867,6,0,L|419:336,1,375
71,314,139570,6,0,L|447:78,1,375
191,30,140273,6,0,L|448:361,1,375
377,92,140976,1,0,0:0:0:0:
106,61,141210,6,0,L|112:351,1,250
432,326,141679,6,0,L|375:21,1,250
183,344,142148,6,0,L|333:66,1,250
106,92,142617,6,0,L|325:316,1,250
436,64,143202,6,0,B|276:315|276:315|151:230,1,375
94,269,144023,2,0,B|245:49|245:49|371:114,1,375
206,321,144726,1,0,0:0:0:0:
451,273,144960,2,0,B|370:163|370:163|279:294,1,250
69,88,145429,6,0,B|128:217|128:216|127:215|126:215|126:215|209:72,1,250
379,67,145898,6,0,B|248:125|248:125|398:226,1,250
48,352,146367,6,0,P|48:224|48:224,1,100
48,252,146601,2,0,L|46:127,1,100
46,152,146835,2,0,L|47:32,1,100
46,52,147070,2,0,L|154:53,1,100
154,53,147304,2,0,L|280:52,1,100
253,52,147538,2,0,L|380:51,1,100
353,51,147773,2,0,L|461:50,1,100
453,50,148007,5,0,0:0:0:0:
166,217,148242,1,0,0:0:0:0:
416,283,148476,6,0,L|369:217,1,50
407,282,148593,2,0,L|354:330,1,50
112,334,148945,6,0,L|111:207,1,100
111,234,149179,2,0,L|228:230,1,100
211,230,149413,2,0,L|301:338,1,100
275,307,149648,1,0,0:0:0:0:
424,341,149882,5,0,0:0:0:0:
324,105,150117,1,0,0:0:0:0:
120,90,150351,6,0,L|113:224,1,100
114,189,150585,2,0,L|237:192,1,100
214,191,150820,2,0,L|218:306,1,100
217,291,151054,2,0,L|337:288,1,100
317,288,151288,2,0,L|393:184,1,100
376,207,151523,1,0,0:0:0:0:
434,60,151757,5,0,0:0:0:0:
76,69,151992,1,0,0:0:0:0:
132,124,152226,6,0,L|181:164,1,50
132,124,152343,2,0,L|119:189,1,50
98,302,152695,6,0,L|230:309,1,100
197,307,152929,2,0,L|305:226,1,100
277,246,153163,2,0,L|401:243,1,100
377,243,153398,1,0,0:0:0:0:
182,221,153632,5,0,0:0:0:0:
441,113,153867,6,0,L|302:110,1,100
341,110,154101,2,0,L|235:24,1,100
263,47,154335,2,0,L|139:45,1,100
163,45,154570,2,0,L|108:144,1,100
114,132,154804,2,0,L|220:182,1,100
205,174,155038,2,0,L|262:279,1,100
253,262,155273,1,0,0:0:0:0:
436,338,155507,5,0,0:0:0:0:
332,44,155742,1,0,0:0:0:0:
427,127,155976,6,0,L|416:203,1,50
427,127,156093,2,0,L|349:143,1,50
231,102,156445,6,0,L|241:220,1,100
239,201,156679,1,0,0:0:0:0:
350,223,156913,6,0,L|227:293,1,100
263,272,157148,1,0,0:0:0:0:
164,328,157382,5,0,0:0:0:0:
81,75,157617,1,0,0:0:0:0:
201,65,157851,6,0,L|199:170,1,100
199,173,158085,2,0,L|338:175,1,100
297,168,158320,2,0,L|296:291,1,100
296,267,158554,2,0,L|191:347,1,100
216,328,158788,2,0,L|106:324,1,100
108,323,159023,1,0,0:0:0:0:
396,334,159257,5,0,0:0:0:0:
384,85,159492,1,0,0:0:0:0:
153,66,159726,6,0,L|211:113,1,50
153,66,159843,2,0,L|145:120,1,50
115,198,160195,6,0,L|227:203,1,100
214,202,160429,2,0,L|301:293,1,100
283,274,160663,2,0,L|391:227,1,100
375,234,160898,1,0,0:0:0:0:
283,94,161367,5,0,0:0:0:0:
148,305,161835,6,0,B|148:74|148:74|148:320,1,400
148,305,162304,1,0,0:0:0:0:
432,299,162773,6,0,B|431:80|431:80|432:303,1,400
432,299,163242,1,0,0:0:0:0:
142,43,163710,6,0,B|373:43|373:43|127:43,1,400
142,43,164179,1,0,0:0:0:0:
148,327,164648,6,0,B|367:326|367:326|144:327,1,400
148,327,165117,1,0,0:0:0:0:
53,251,165585,6,0,B|190:82|190:82|51:252,1,400
53,251,166054,1,0,0:0:0:0:
437,194,166523,6,0,B|288:363|288:363|438:194,1,400
437,194,166992,1,0,0:0:0:0:
208,352,167460,6,0,B|64:187|64:187|209:353,1,400
208,352,167929,1,0,0:0:0:0:
464,193,168398,6,0,B|301:37|301:37|469:196,1,400
464,193,168867,1,0,0:0:0:0:
405,55,169335,6,0,L|111:132,1,300.000011444092
114,131,169804,2,0,L|420:256,1,300.000011444092
392,244,170273,2,0,L|93:345,1,300.000011444092
418,340,170742,6,0,L|341:46,1,300.000011444092
341,49,171211,2,0,L|216:354,1,300.000011444092
228,327,171680,2,0,L|127:27,1,300.000011444092
107,329,172148,6,0,L|401:252,1,300.000011444092
397,252,172617,2,0,L|92:128,1,300.000011444092
119,139,173086,2,0,L|419:39,1,300.000011444092
119,43,173554,6,0,L|196:337,1,300.000011444092
195,333,174023,2,0,L|320:28,1,300.000011444092
308,55,174492,2,0,L|409:355,1,300.000011444092
403,340,174960,6,0,L|114:142,1,300.000011444092
156,170,175429,2,0,L|433:19,1,300.000011444092
419,26,175898,2,0,L|264:317,1,300.000011444092
271,293,176367,2,0,L|16:49,1,300.000011444092
251,379,176835,6,0,B|253:210|253:210|147:210|147:210|370:208|370:208|236:213|227:177|227:179|162:120|139:18|219:7|248:14|261:9|265:19|278:14|348:31|392:61|360:119|270:189|225:184|254:217|255:215|253:279|253:393|253:350,1,1200
449,286,180117,6,0,P|350:73|199:57,1,400
206,55,180585,1,0,0:0:0:0:
56,127,180820,5,0,0:0:0:0:
163,331,181054,1,0,0:0:0:0:
316,136,181288,1,0,0:0:0:0:
161,179,181523,1,0,0:0:0:0:
241,285,181757,6,0,L|285:156,1,100
273,190,181992,1,0,0:0:0:0:
410,280,182226,2,0,L|372:210,1,50
410,280,182343,2,0,L|423:226,1,50
356,346,182695,6,0,L|218:352,1,100
256,350,182929,2,0,L|255:220,1,100
255,250,183163,2,0,L|136:251,1,100
155,250,183398,2,0,L|158:122,1,100
157,150,183632,1,0,0:0:0:0:
438,55,183867,6,0,L|316:111,1,100
347,96,184101,1,0,0:0:0:0:
424,326,184335,6,0,L|286:328,1,100
324,327,184570,2,0,L|326:207,1,100
325,227,184804,2,0,L|206:225,1,100
225,225,185038,2,0,L|225:106,1,100
225,125,185273,1,0,0:0:0:0:
452,64,185507,5,0,0:0:0:0:
61,52,185742,1,0,0:0:0:0:
51,337,185976,6,0,L|52:216,1,100
51,237,186210,2,0,L|165:230,1,100
151,230,186445,2,0,L|153:344,1,100
152,330,186679,2,0,L|268:334,1,100
252,333,186913,2,0,L|352:231,1,100
322,261,187148,1,0,0:0:0:0:
442,52,187382,5,0,0:0:0:0:
67,151,187617,1,0,0:0:0:0:
77,44,187851,5,0,0:0:0:0:
246,106,187968,1,0,0:0:0:0:
434,160,188085,1,0,0:0:0:0:
409,333,188320,5,0,0:0:0:0:
341,258,188554,6,0,L|211:265,1,100
77,98,189023,1,0,0:0:0:0:
407,81,189257,6,0,L|404:204,1,100
404,180,189492,1,0,0:0:0:0:
351,318,189726,6,0,L|299:278,1,50
351,318,189843,2,0,L|351:248,1,50
422,158,190195,6,0,L|290:161,1,100
322,160,190429,2,0,L|220:229,1,100
239,216,190663,1,0,0:0:0:0:
117,322,190898,5,0,0:0:0:0:
99,75,191132,5,0,0:0:0:0:
199,58,191367,6,0,L|310:54,1,100
298,54,191601,2,0,L|300:197,1,100
299,154,191835,2,0,L|161:192,1,100
203,180,192070,2,0,L|248:289,1,100
241,273,192304,2,0,L|369:231,1,100
336,241,192538,2,0,L|431:328,1,100
410,309,192773,1,0,0:0:0:0:
107,329,193007,5,0,0:0:0:0:
450,169,193242,1,0,0:0:0:0:
448,62,193476,6,0,L|324:61,1,100
202,145,193945,6,0,L|158:181,1,50
202,145,194062,2,0,L|202:215,1,50
202,145,194179,2,0,L|256:192,1,50
202,139,194296,2,0,L|272:128,1,50
201,138,194413,2,0,L|223:72,1,50
202,145,194531,2,0,L|156:92,1,50
201,149,194648,2,0,L|132:158,1,50
200,147,194765,1,0,0:0:0:0:
202,145,194882,1,0,0:0:0:0:
88,285,194999,6,0,P|208:327|261:312,1,150
360,266,195585,1,0,0:0:0:0:
434,212,195820,6,0,L|425:109,1,100
425,112,196054,2,0,L|305:112,1,100
329,115,196288,2,0,L|260:209,1,100
269,195,196523,2,0,L|145:196,1,100
169,195,196757,2,0,L|96:87,1,100
113,112,196992,1,0,0:0:0:0:
223,48,197226,5,0,0:0:0:0:
333,155,197343,1,0,0:0:0:0:
428,251,197460,1,0,0:0:0:0:
414,346,197695,6,0,L|283:336,1,100
314,338,197929,2,0,L|249:243,1,100
257,255,198163,2,0,L|138:248,1,100
156,254,198398,1,0,0:0:0:0:
75,59,198632,5,0,0:0:0:0:
437,193,198867,1,0,0:0:0:0:
381,59,199101,6,0,L|266:127,1,100
294,109,199335,2,0,L|155:114,1,100
194,112,199570,2,0,L|105:176,1,100
113,170,199804,2,0,L|201:251,1,100
186,237,200038,2,0,L|286:234,1,100
286,233,200273,1,0,0:0:0:0:
417,354,200507,5,0,0:0:0:0:
327,65,200742,1,0,0:0:0:0:
317,343,200976,6,0,L|391:238,1,100
374,261,201210,1,0,0:0:0:0:
447,126,201445,1,0,0:0:0:0:
363,80,201679,6,0,L|273:182,1,100
296,154,201913,2,0,L|191:152,1,100
196,152,202148,2,0,L|199:270,1,100
198,252,202382,1,0,0:0:0:0:
44,343,202617,5,0,0:0:0:0:
441,284,202851,1,0,0:0:0:0:
355,348,203085,6,0,L|263:273,1,100
277,284,203320,2,0,L|169:282,1,100
177,282,203554,2,0,L|181:162,1,100
180,182,203788,2,0,L|271:120,1,100
262,125,204023,2,0,L|396:130,1,100
362,128,204257,1,0,0:0:0:0:
421,341,204492,5,0,0:0:0:0:
101,321,204726,6,0,L|69:259,1,50
101,321,204843,2,0,L|127:266,1,50
87,151,205195,6,0,L|205:152,1,100
186,151,205429,2,0,L|282:222,1,100
267,211,205663,2,0,L|346:139,1,100
337,147,205898,1,0,0:0:0:0:
437,47,206132,5,0,0:0:0:0:
58,159,206367,1,0,0:0:0:0:
247,88,206601,1,0,0:0:0:0:
364,160,206835,2,0,L|269:242,1,100
288,225,207070,2,0,L|181:227,1,100
188,226,207304,2,0,L|113:308,1,100
120,300,207538,2,0,L|248:318,1,100
219,314,207773,2,0,L|321:244,1,100
301,257,208007,5,0,0:0:0:0:
461,47,208242,1,0,0:0:0:0:
368,50,208476,6,0,L|241:75,1,100
273,73,208710,2,0,L|207:163,1,100
213,153,208945,1,0,0:0:0:0:
66,197,209179,6,0,L|168:278,1,100
58,186,209648,2,0,L|166:192,1,100
157,191,209882,2,0,L|274:206,1,100
257,203,210117,2,0,L|352:272,1,100
338,262,210351,1,0,0:0:0:0:
440,341,210585,5,0,0:0:0:0:
71,275,210820,1,0,0:0:0:0:
138,343,211054,6,0,L|218:258,1,100
206,270,211288,2,0,L|321:272,1,100
313,275,211522,2,0,L|341:172,1,100
339,178,211757,1,0,0:0:0:0:
461,52,211992,1,0,0:0:0:0:
57,81,212226,5,0,0:0:0:0:
111,185,212343,1,0,0:0:0:0:
184,288,212460,1,0,0:0:0:0:
283,321,212695,6,0,L|377:258,1,100
359,267,212929,2,0,L|312:154,1,100
315,182,213163,2,0,L|422:98,1,100
393,120,213398,1,0,0:0:0:0:
428,40,213632,5,0,0:0:0:0:
260,46,213867,6,0,L|142:112,1,100
178,93,214101,2,0,L|273:192,1,100
247,164,214335,2,0,L|365:186,1,100
346,182,214570,2,0,L|301:285,1,100
305,273,214804,2,0,L|164:303,1,100
201,294,215038,2,0,L|108:233,1,100
117,239,215273,1,0,0:0:0:0:
79,57,215507,5,0,0:0:0:0:
305,159,215742,1,0,0:0:0:0:
196,75,215976,6,0,L|313:74,1,100
295,74,216210,2,0,L|400:152,1,100
376,134,216445,2,0,L|389:247,1,100
387,233,216679,2,0,L|275:232,1,100
287,232,216913,2,0,L|237:124,1,100
245,141,217148,1,0,0:0:0:0:
78,112,217382,5,0,0:0:0:0:
165,323,217617,5,0,0:0:0:0:
247,329,217851,6,0,L|242:218,1,100
242,229,218085,2,0,L|344:220,1,100
342,220,218320,2,0,L|328:103,1,100
326,116,218554,2,0,L|210:98,1,100
227,100,218788,2,0,L|150:186,1,100
160,174,219023,2,0,L|244:232,1,100
242,231,219257,1,0,0:0:0:0:
381,121,219492,1,0,0:0:0:0:
432,246,219726,5,0,0:0:0:0:
337,315,219843,1,0,0:0:0:0:
205,329,219960,1,0,0:0:0:0:
86,330,220195,6,0,L|85:216,1,100
85,230,220429,2,0,L|198:223,1,100
184,223,220663,1,0,0:0:0:0:
398,232,220898,1,0,0:0:0:0:
428,66,221132,1,0,0:0:0:0:
184,168,221367,1,0,0:0:0:0:
101,58,221601,6,0,L|233:60,1,100
200,59,221835,2,0,L|305:128,1,100
284,114,222070,2,0,L|306:248,1,100
300,212,222304,2,0,L|419:171,1,100
389,175,222538,2,0,L|409:78,1,100
409,77,222773,2,0,L|311:37,1,100
316,39,223007,1,0,0:0:0:0:
77,50,223242,5,0,0:0:0:0:
234,282,223476,1,0,0:0:0:0:
65,298,223710,6,0,L|90:185,1,100
86,200,223945,2,0,L|196:168,1,100
182,171,224179,2,0,L|316:229,1,100
274,211,224413,2,0,L|331:111,1,100
323,124,224648,1,0,0:0:0:0:
469,79,224882,5,0,0:0:0:0:
321,334,225117,1,0,0:0:0:0:
333,253,225585,2,0,L|327:136,1,100
327,154,225820,2,0,L|212:154,1,100
227,154,226054,2,0,L|218:42,1,100
212,52,226288,2,0,L|66:65,1,100
112,60,226523,2,0,L|87:197,1,100
94,159,226757,1,0,0:0:0:0:
69,348,226992,5,0,0:0:0:0:
445,294,227226,2,0,L|370:261,1,50
445,294,227343,2,0,L|421:230,1,50
456,168,227695,6,0,L|312:164,1,100
356,165,227929,2,0,L|244:96,1,100
270,112,228163,2,0,L|137:119,1,100
168,112,228398,1,0,0:0:0:0:
71,151,228632,5,0,0:0:0:0:
99,330,228867,6,0,L|223:342,1,100
204,338,229101,1,0,0:0:0:0:
351,356,229335,6,0,L|352:214,1,100
351,256,229570,2,0,L|240:253,1,100
251,253,229804,2,0,L|255:135,1,100
262,159,230038,2,0,L|364:66,1,100
335,91,230273,2,0,L|252:19,1,100
260,26,230507,1,0,0:0:0:0:
59,51,230742,5,0,0:0:0:0:
70,201,230976,6,0,L|184:294,1,100
147,264,231210,1,0,0:0:0:0:
246,325,231445,2,0,L|343:243,1,100
322,260,231679,2,0,L|299:143,1,100
302,162,231913,2,0,L|405:121,1,100
395,124,232148,1,0,0:0:0:0:
345,36,232382,5,0,0:0:0:0:
54,189,232617,1,0,0:0:0:0:
77,62,232851,6,0,L|185:61,1,100
178,66,233085,2,0,L|187:178,1,100
181,161,233320,2,0,L|314:158,1,100
280,158,233554,2,0,L|287:258,1,100
287,258,233788,2,0,L|416:258,1,100
387,258,234023,1,0,0:0:0:0:
434,80,234257,5,0,0:0:0:0:
258,177,234492,1,0,0:0:0:0:
211,49,234726,5,0,0:0:0:0:
132,125,234843,1,0,0:0:0:0:
139,254,234960,1,0,0:0:0:0:
79,318,235195,6,0,L|207:322,1,100
178,321,235429,2,0,L|182:207,1,100
181,221,235663,2,0,L|298:224,1,100
281,223,235898,1,0,0:0:0:0:
447,136,236367,1,0,0:0:0:0:
323,39,236601,1,0,0:0:0:0:
86,77,236835,6,0,L|222:207,1,150.000005722046
348,119,237304,2,0,L|223:257,1,150.000005722046
132,243,237773,2,0,L|279:351,1,150.000005722046
229,182,238242,5,0,0:0:0:0:
429,291,238476,1,0,0:0:0:0:
363,146,238593,1,0,0:0:0:0:
260,86,238710,1,0,0:0:0:0:
80,113,238945,6,0,L|109:289,1,150.000005722046
212,297,239413,2,0,L|304:130,1,150.000005722046
284,165,239648,2,0,L|452:178,1,150.000005722046
