osu file format v14

[General]
AudioFilename: audio.mp3
AudioLeadIn: 0
PreviewTime: 19219
Countdown: 0
SampleSet: Soft
StackLeniency: 1
Mode: 0
LetterboxInBreaks: 0
WidescreenStoryboard: 0

[Editor]
DistanceSpacing: 0.8
BeatDivisor: 4
GridSize: 16
TimelineZoom: 0.9

[Metadata]
Title:Heart 111
TitleUnicode:ハート111
Artist:Yuri
ArtistUnicode:ゆーり
Creator:Shushhs
Version:Insane
Source:
Tags:Japanese ゆーり Heart111
BeatmapID:4606514
BeatmapSetID:2180675

[Difficulty]
HPDrainRate:5
CircleSize:4
OverallDifficulty:6
ApproachRate:9
SliderMultiplier:1.4
SliderTickRate:1

[Events]
//Background and Video events
0,0,"Heart111.png",0,0
Video,0,"Heart 111 - Yuri.mp4"
//Break Periods
2,48954,50247
2,51977,53233
2,55698,56453
//Storyboard Layer 0 (Background)
//Storyboard Layer 1 (Fail)
//Storyboard Layer 2 (Pass)
//Storyboard Layer 3 (Foreground)
//Storyboard Layer 4 (Overlay)
//Storyboard Sound Samples

[TimingPoints]
615,465.116279069767,4,2,0,60,1,0


[Colours]
Combo1 : 217,217,217
Combo2 : 255,57,57

[HitObjects]
162,67,615,5,0,0:0:0:0:
162,67,731,2,0,L|208:64,1,35
352,74,1080,1,0,0:0:0:0:
352,83,1196,2,0,L|352:128,1,35
352,256,1545,1,0,0:0:0:0:
347,257,1661,2,0,L|304:256,1,35
176,256,2010,1,0,0:0:0:0:
177,250,2126,2,0,L|176:208,1,35
256,32,2475,2,0,P|256:192|256:192,1,140
256,352,3405,2,0,P|257:207|257:207,1,140
256,172,4103,1,0,0:0:0:0:
192,128,4801,5,0,0:0:0:0:
256,208,5033,1,0,0:0:0:0:
320,128,5266,1,0,0:0:0:0:
256,64,5498,1,0,0:0:0:0:
256,288,5731,2,0,L|256:208,2,70,8|0|0,0:0|0:0|0:0,0:0:0:0:
256,28,6661,1,0,0:0:0:0:
256,291,6894,1,0,0:0:0:0:
394,141,7126,1,0,0:0:0:0:
102,141,7359,1,0,0:0:0:0:
256,28,7591,2,0,L|255:108,1,70,8|0,0:0|0:0,0:0:0:0:
256,189,8056,1,0,0:0:0:0:
128,48,8521,5,0,0:0:0:0:
352,144,8754,1,0,0:0:0:0:
128,224,8987,1,0,0:0:0:0:
352,288,9219,1,0,0:0:0:0:
256,304,9452,2,0,L|256:160,1,140,8|0,0:0|0:0,0:0:0:0:
192,192,10382,2,0,P|336:192|336:192,2,140
255,189,11777,5,0,0:0:0:0:
416,48,12242,1,0,0:0:0:0:
304,208,12475,1,0,0:0:0:0:
96,48,12708,1,0,0:0:0:0:
208,208,12940,1,0,0:0:0:0:
192,144,13173,1,0,0:0:0:0:
256,208,13405,1,0,0:0:0:0:
320,144,13638,1,0,0:0:0:0:
384,288,14103,1,0,0:0:0:0:
128,128,14335,1,0,0:0:0:0:
384,128,14568,1,0,0:0:0:0:
128,288,14801,1,0,0:0:0:0:
256,32,15033,1,0,0:0:0:0:
384,288,15266,1,0,0:0:0:0:
128,128,15498,1,0,0:0:0:0:
160,80,15963,5,0,0:0:0:0:
160,256,16196,1,0,0:0:0:0:
336,80,16428,1,0,0:0:0:0:
336,256,16661,1,0,0:0:0:0:
256,80,16894,1,0,0:0:0:0:
256,256,17126,1,0,0:0:0:0:
256,160,17359,1,0,0:0:0:0:
128,64,17824,2,0,P|128:144|128:144,1,70
384,128,18289,2,0,L|384:48,1,70
256,192,18754,12,0,19219,0:0:0:0:
256,128,19684,5,0,0:0:0:0:
256,240,19917,1,0,0:0:0:0:
352,96,20149,1,0,0:0:0:0:
160,272,20382,1,0,0:0:0:0:
416,192,20615,1,0,0:0:0:0:
96,192,20847,1,0,0:0:0:0:
144,192,21080,2,0,L|224:192,1,70
368,192,21545,2,0,L|288:192,1,70
256,48,22010,2,0,L|256:208,1,140
368,288,23405,5,0,0:0:0:0:
128,112,23638,1,0,0:0:0:0:
368,112,23870,1,0,0:0:0:0:
128,288,24103,1,0,0:0:0:0:
256,32,24335,1,0,0:0:0:0:
256,320,24568,1,0,0:0:0:0:
48,192,24801,1,0,0:0:0:0:
160,48,25033,1,0,0:0:0:0:
256,192,25266,1,0,0:0:0:0:
336,48,25498,1,0,0:0:0:0:
464,192,25731,1,0,0:0:0:0:
211,85,25956,2,0,B|270:47|368:97|326:139|216:158|245:179|256:208,1,210
160,80,27126,5,0,0:0:0:0:
336,80,27359,1,0,0:0:0:0:
336,272,27591,1,0,0:0:0:0:
160,272,27824,1,0,0:0:0:0:
256,64,28056,1,0,0:0:0:0:
352,192,28289,1,0,0:0:0:0:
256,320,28521,1,0,0:0:0:0:
144,192,28754,1,0,0:0:0:0:
320,128,28987,1,0,0:0:0:0:
320,272,29219,1,0,0:0:0:0:
176,272,29452,1,0,0:0:0:0:
176,128,29684,1,0,0:0:0:0:
256,192,29917,1,0,0:0:0:0:
96,48,30382,5,0,0:0:0:0:
112,48,30847,2,0,L|112:128,1,70
192,48,31312,2,0,L|192:128,1,70
272,48,31777,2,0,L|272:128,1,70
368,48,32242,1,0,0:0:0:0:
368,112,32475,1,0,0:0:0:0:
368,176,32708,1,0,0:0:0:0:
368,240,32940,1,0,0:0:0:0:
368,304,33173,1,0,0:0:0:0:
256,192,33405,1,0,0:0:0:0:
256,96,33638,1,0,0:0:0:0:
256,288,33870,1,0,0:0:0:0:
144,64,34568,6,0,B|112:112|112:112|128:128|128:128,1,70
384,80,35033,6,0,B|336:48|336:48|320:64|320:64,1,70
368,320,35498,6,0,B|400:272|400:272|384:256|384:256,1,70
224,304,35963,1,0,0:0:0:0:
48,240,36196,1,0,0:0:0:0:
224,192,36428,1,0,0:0:0:0:
80,336,36661,1,0,0:0:0:0:
112,144,36894,1,0,0:0:0:0:
256,192,37126,1,0,0:0:0:0:
256,192,37824,5,0,0:0:0:0:
400,304,38289,1,0,0:0:0:0:
112,64,38521,1,0,0:0:0:0:
432,224,38754,1,0,0:0:0:0:
80,160,38987,1,0,0:0:0:0:
464,192,39219,1,0,0:0:0:0:
48,192,39452,1,0,0:0:0:0:
416,304,39684,2,0,L|368:256,1,61.25
112,64,40149,2,0,L|176:128,1,70
256,192,40614,1,0,0:0:0:0:
256,192,40847,1,0,0:0:0:0:
256,192,41533,5,0,0:0:0:0:
224,144,42010,1,0,0:0:0:0:
144,64,42242,1,0,0:0:0:0:
288,144,42475,1,0,0:0:0:0:
368,64,42708,1,0,0:0:0:0:
208,224,42940,1,0,0:0:0:0:
128,304,43173,1,0,0:0:0:0:
400,64,43405,1,0,0:0:0:0:
304,160,43638,1,0,0:0:0:0:
112,320,43870,1,0,0:0:0:0:
208,224,44103,1,0,0:0:0:0:
336,192,44335,2,0,L|192:192,1,140
256,192,45266,5,0,0:0:0:0:
160,288,45731,1,0,0:0:0:0:
352,96,45963,1,0,0:0:0:0:
208,224,46196,1,0,0:0:0:0:
288,160,46428,1,0,0:0:0:0:
256,192,46661,1,0,0:0:0:0:
256,192,46894,1,0,0:0:0:0:
128,64,47126,1,0,0:0:0:0:
384,64,47359,1,0,0:0:0:0:
384,288,47591,1,0,0:0:0:0:
128,288,47824,1,0,0:0:0:0:
256,192,48056,1,0,0:0:0:0:
192,112,48289,1,0,0:0:0:0:
240,160,48521,1,0,0:0:0:0:
288,208,48754,1,0,0:0:0:0:
208,128,50847,5,0,0:0:0:0:
304,128,51080,1,0,0:0:0:0:
304,240,51312,1,0,0:0:0:0:
208,240,51545,1,0,0:0:0:0:
256,176,51777,1,0,0:0:0:0:
176,192,55033,6,0,L|320:192,1,140
160,64,58289,5,0,0:0:0:0:
352,64,58521,1,0,0:0:0:0:
304,272,58754,1,0,0:0:0:0:
208,272,58987,1,0,0:0:0:0:
208,80,59219,2,0,B|267:42|365:92|323:134|213:153|242:174|237:251,1,280
256,192,61545,12,0,62940,0:0:0:0:
256,192,63405,5,0,0:0:0:0:
256,192,64335,1,0,0:0:0:0:
112,304,64568,1,0,0:0:0:0:
416,96,64801,1,0,0:0:0:0:
192,304,65033,1,0,0:0:0:0:
320,80,65266,1,0,0:0:0:0:
336,256,65498,1,0,0:0:0:0:
192,144,65731,1,0,0:0:0:0:
112,80,65963,1,0,0:0:0:0:
224,80,66196,1,0,0:0:0:0:
400,304,66428,1,0,0:0:0:0:
288,304,66661,1,0,0:0:0:0:
256,192,66894,1,0,0:0:0:0:
256,192,67591,5,0,0:0:0:0:
304,144,68056,1,0,0:0:0:0:
192,240,68289,1,0,0:0:0:0:
384,80,68521,1,0,0:0:0:0:
112,304,68754,1,0,0:0:0:0:
320,160,68987,1,0,0:0:0:0:
192,240,69219,1,0,0:0:0:0:
224,288,69452,1,0,0:0:0:0:
288,96,69684,1,0,0:0:0:0:
256,288,69917,1,0,0:0:0:0:
256,96,70149,1,0,0:0:0:0:
256,256,70382,1,0,0:0:0:0:
224,48,70614,2,0,B|283:10|381:60|339:102|229:121|258:142|272:176,1,210
192,336,71777,5,0,0:0:0:0:
320,336,72010,1,0,0:0:0:0:
112,256,72242,1,0,0:0:0:0:
416,256,72475,1,0,0:0:0:0:
192,192,72708,1,0,0:0:0:0:
320,192,72940,1,0,0:0:0:0:
224,96,73173,1,0,0:0:0:0:
288,144,73405,1,0,0:0:0:0:
224,192,73638,1,0,0:0:0:0:
288,240,73870,1,0,0:0:0:0:
256,320,74103,1,0,0:0:0:0:
256,80,74335,1,0,0:0:0:0:
256,48,74568,1,0,0:0:0:0:
256,304,75033,5,0,0:0:0:0:
176,80,75498,2,0,L|256:80,1,70
144,288,75963,2,0,L|144:192,1,70
336,304,76428,2,0,L|256:304,1,70
256,128,76894,2,0,L|256:208,4,70
208,128,78056,1,0,0:0:0:0:
256,224,78289,1,0,0:0:0:0:
304,128,78521,1,0,0:0:0:0:
256,192,78754,5,0,0:0:0:0:
176,288,79219,1,0,0:0:0:0:
336,80,79452,1,0,0:0:0:0:
256,288,79684,1,0,0:0:0:0:
272,80,80149,1,0,0:0:0:0:
336,288,80382,1,0,0:0:0:0:
176,80,80614,1,0,0:0:0:0:
240,80,80847,1,0,0:0:0:0:
336,304,81080,1,0,0:0:0:0:
272,304,81312,1,0,0:0:0:0:
256,192,81545,1,0,0:0:0:0:
112,192,82033,1,0,0:0:0:0:
256,192,82264,1,0,0:0:0:0:
384,192,82495,1,0,0:0:0:0:
384,48,82956,1,0,0:0:0:0:
112,304,83187,1,0,0:0:0:0:
256,192,83418,1,0,0:0:0:0:
128,192,83870,1,0,0:0:0:0:
256,192,84103,1,0,0:0:0:0:
256,192,84219,1,0,0:0:0:0:
256,192,84335,1,0,0:0:0:0:
368,192,84568,1,0,0:0:0:0:
192,96,84801,2,0,L|192:192,1,70
320,96,85266,2,0,L|320:176,1,70
256,192,85963,5,0,0:0:0:0:
256,192,86080,1,0,0:0:0:0:
256,192,86196,1,0,0:0:0:0:
112,288,86661,1,0,0:0:0:0:
256,64,86894,1,0,0:0:0:0:
400,288,87126,1,0,0:0:0:0:
400,304,87591,2,0,L|352:240,1,70
352,96,88056,2,0,L|304:32,1,70
96,128,88521,2,0,L|144:192,1,70
208,272,88987,1,0,0:0:0:0:
256,64,89452,1,0,0:0:0:0:
256,160,89684,1,0,0:0:0:0:
256,240,89917,1,0,0:0:0:0:
112,192,90382,1,0,0:0:0:0:
256,304,90614,1,0,0:0:0:0:
416,192,90847,1,0,0:0:0:0:
368,64,91312,1,0,0:0:0:0:
128,192,91545,1,0,0:0:0:0:
128,192,91661,1,0,0:0:0:0:
128,192,91777,1,0,0:0:0:0:
368,304,92010,1,0,0:0:0:0:
256,64,92242,1,0,0:0:0:0:
160,320,92475,1,0,0:0:0:0:
416,192,92708,1,0,0:0:0:0:
80,192,92940,1,0,0:0:0:0:
256,192,93173,2,0,L|256:32,1,140
400,48,94103,5,0,0:0:0:0:
96,320,94335,1,0,0:0:0:0:
400,320,94568,1,0,0:0:0:0:
96,48,94801,1,0,0:0:0:0:
256,48,95033,1,0,0:0:0:0:
256,320,95266,1,0,0:0:0:0:
80,192,95498,1,0,0:0:0:0:
256,192,95731,1,0,0:0:0:0:
416,192,95963,1,0,0:0:0:0:
448,48,96196,1,0,0:0:0:0:
256,192,96428,1,0,0:0:0:0:
80,336,96661,2,0,L|240:192,1,210
432,304,97824,6,0,L|368:256,1,70
80,48,98289,2,0,L|144:96,1,70
432,48,98754,2,0,L|378:103,1,70
80,336,99219,1,0,0:0:0:0:
80,240,99452,1,0,0:0:0:0:
224,112,99684,1,0,0:0:0:0:
224,208,99917,1,0,0:0:0:0:
384,288,100149,1,0,0:0:0:0:
352,80,100382,2,0,B|411:42|509:92|467:134|357:153|386:174|400:208,1,210
64,192,101545,5,0,0:0:0:0:
64,192,101777,1,0,0:0:0:0:
448,192,102010,1,0,0:0:0:0:
448,192,102242,1,0,0:0:0:0:
256,192,102475,1,0,0:0:0:0:
256,192,102708,1,0,0:0:0:0:
160,96,102940,1,0,0:0:0:0:
352,288,103173,1,0,0:0:0:0:
64,192,103405,1,0,0:0:0:0:
448,192,103638,1,0,0:0:0:0:
256,32,103870,1,0,0:0:0:0:
256,320,104103,1,0,0:0:0:0:
64,271,105266,5,0,0:0:0:0:
64,63,105498,1,0,0:0:0:0:
64,271,105731,1,0,0:0:0:0:
192,111,105963,1,0,0:0:0:0:
64,271,106196,1,0,0:0:0:0:
256,191,106428,1,0,0:0:0:0:
448,31,106661,1,0,0:0:0:0:
64,31,106894,1,0,0:0:0:0:
160,255,107126,1,0,0:0:0:0:
352,255,107359,1,0,0:0:0:0:
256,191,107591,1,0,0:0:0:0:
256,95,107824,1,0,0:0:0:0:
256,287,108056,1,0,0:0:0:0:
256,191,108289,1,0,0:0:0:0:
