osu file format v14

[General]
AudioFilename: audio.mp3
AudioLeadIn: 0
PreviewTime: -1
Countdown: 1
SampleSet: Normal
StackLeniency: 0.7
Mode: 0
LetterboxInBreaks: 0
WidescreenStoryboard: 0

[Editor]
DistanceSpacing: 0.8
BeatDivisor: 4
GridSize: 4
TimelineZoom: 2.2

[Metadata]
Title:YA KAK PAROVOZIK TOMAS
TitleUnicode:YA KAK PAROVOZIK TOMAS
Artist:ALLEY GANG
ArtistUnicode:ALLEY GANG
Creator:Death Rice
Version:Insane
Source:
Tags:Jump training
BeatmapID:1951881
BeatmapSetID:934951

[Difficulty]
HPDrainRate:6
CircleSize:4
OverallDifficulty:8
ApproachRate:9.5
SliderMultiplier:1.9
SliderTickRate:1

[Events]
//Background and Video events
0,0,"maxresdefault.jpg",0,0
//Break Periods
//Storyboard Layer 0 (Background)
//Storyboard Layer 1 (Fail)
//Storyboard Layer 2 (Pass)
//Storyboard Layer 3 (Foreground)
//Storyboard Layer 4 (Overlay)
//Storyboard Sound Samples

[TimingPoints]
74.611252040996,480,4,1,0,100,1,0
15435,-100,4,1,0,100,0,1
90436,-100,4,1,0,100,0,0


[Colours]
Combo1 : 128,128,64
Combo2 : 0,0,64
Combo3 : 0,128,64
Combo4 : 255,0,0
Combo5 : 64,128,128

[HitObjects]
245,257,74,5,8,0:0:0:0:
74,116,314,1,0,0:0:0:0:
244,37,554,2,0,P|284:37|325:87,1,95
180,248,1034,5,8,0:0:0:0:
460,305,1274,2,0,P|389:245|349:253,1,95
438,112,1754,1,0,0:0:0:0:
166,276,1994,1,8,0:0:0:0:
227,125,2234,1,0,0:0:0:0:
400,165,2474,5,0,0:0:0:0:
332,325,2714,1,0,0:0:0:0:
162,227,2954,1,8,0:0:0:0:
280,81,3194,1,0,0:0:0:0:
452,170,3434,2,0,P|463:236|440:259,1,95
99,301,3914,2,0,P|81:247|101:209,1,95,8|0,0:0|0:0,0:0:0:0:
237,71,4394,6,0,P|262:141|249:163,1,95
373,252,4874,1,8,0:0:0:0:
266,192,5114,1,0,0:0:0:0:
208,308,5354,2,0,P|176:254|137:235,1,95
211,118,5834,1,8,0:0:0:0:
56,38,6074,1,0,0:0:0:0:
158,189,6314,1,0,0:0:0:0:
231,19,6554,5,0,0:0:0:0:
327,176,6794,1,8,0:0:0:0:
414,23,7034,1,0,0:0:0:0:
490,270,7274,1,0,0:0:0:0:
384,334,7514,2,0,P|353:305|288:297,1,95,0|8,0:0|0:0,0:0:0:0:
177,243,7994,1,0,0:0:0:0:
306,95,8234,1,0,0:0:0:0:
104,197,8474,1,0,0:0:0:0:
387,134,8714,1,8,0:0:0:0:
38,172,8954,5,0,0:0:0:0:
312,19,9194,1,0,0:0:0:0:
89,191,9434,2,0,P|133:157|141:108,1,95,0|8,0:0|0:0,0:0:0:0:
252,32,9914,2,0,P|231:81|278:133,1,95
82,224,10394,1,0,0:0:0:0:
302,319,10634,1,8,0:0:0:0:
368,191,10874,6,0,P|322:146|282:142,1,95
90,108,11354,1,0,0:0:0:0:
304,290,11594,1,8,0:0:0:0:
159,54,11834,1,0,0:0:0:0:
360,225,12074,2,0,P|426:247|447:280,1,95
403,146,12554,5,8,0:0:0:0:
310,126,12794,2,0,P|258:82|227:83,1,95
346,29,13274,1,0,0:0:0:0:
191,86,13514,5,8,0:0:0:0:
376,156,13754,1,2,0:0:0:0:
345,184,13874,1,2,0:0:0:0:
310,220,13994,1,2,0:0:0:0:
437,289,14234,5,0,0:0:0:0:
229,315,14474,1,0,0:0:0:0:
430,213,14714,1,0,0:0:0:0:
224,232,14954,1,4,0:0:0:0:
275,56,15194,1,4,0:0:0:0:
87,43,15434,6,0,P|71:121|80:144,1,95
177,134,15914,1,8,0:0:0:0:
284,278,16154,1,0,0:0:0:0:
442,194,16394,1,0,0:0:0:0:
330,60,16634,1,0,0:0:0:0:
284,278,16874,1,8,0:0:0:0:
123,88,17114,5,0,0:0:0:0:
374,17,17354,1,0,0:0:0:0:
464,209,17594,1,0,0:0:0:0:
322,323,17834,6,0,P|284:267|284:234,1,95,8|0,0:0|0:0,0:0:0:0:
153,180,18314,1,0,0:0:0:0:
301,21,18554,1,0,0:0:0:0:
340,239,18794,1,8,0:0:0:0:
79,47,19274,6,0,P|66:115|103:160,1,95
192,269,19754,2,0,P|192:206|192:159,1,95,8|0,0:0|0:0,0:0:0:0:
285,39,20234,2,0,P|313:102|282:144,1,95
309,193,20714,5,8,0:0:0:0:
143,305,20954,1,0,0:0:0:0:
364,258,21194,1,0,0:0:0:0:
143,305,21434,1,0,0:0:0:0:
340,124,21674,1,8,0:0:0:0:
143,305,21914,5,0,0:0:0:0:
421,227,22154,1,0,0:0:0:0:
143,305,22394,1,0,0:0:0:0:
388,83,22634,1,8,0:0:0:0:
143,212,22874,2,0,P|89:173|84:146,1,95
78,308,23354,5,0,0:0:0:0:
239,213,23594,1,8,0:0:0:0:
303,341,23834,1,0,0:0:0:0:
456,235,24074,1,0,0:0:0:0:
374,42,24314,5,0,0:0:0:0:
118,129,24554,1,8,0:0:0:0:
329,138,24794,1,0,0:0:0:0:
168,289,25034,1,0,0:0:0:0:
382,224,25274,1,0,0:0:0:0:
215,59,25514,5,8,0:0:0:0:
174,216,25754,1,0,0:0:0:0:
419,73,26234,2,0,P|429:150|397:168,1,95,0|8,0:0|0:0,0:0:0:0:
287,265,26714,1,0,0:0:0:0:
108,139,26954,1,0,0:0:0:0:
328,199,27194,1,0,0:0:0:0:
146,68,27434,1,8,0:0:0:0:
364,120,27674,1,0,0:0:0:0:
199,15,27914,5,0,0:0:0:0:
342,203,28154,2,0,P|408:185|409:155,1,95,0|8,0:0|0:0,0:0:0:0:
454,341,28634,1,0,0:0:0:0:
293,136,28874,1,0,0:0:0:0:
88,71,29114,1,2,0:0:0:0:
102,82,29234,1,2,0:0:0:0:
126,100,29354,5,2,0:0:0:0:
141,240,29594,1,0,0:0:0:0:
269,92,29834,1,0,0:0:0:0:
313,247,30074,1,0,0:0:0:0:
427,176,30314,6,4,P|453:118|432:90,1,95
301,47,30794,6,0,P|265:90|292:137,1,95,8|0,0:0|0:0,0:0:0:0:
211,283,31274,6,0,P|269:249|278:215,1,95
442,214,31754,6,0,P|383:193|315:209,1,95,8|0,0:0|0:0,0:0:0:0:
120,207,32234,6,0,P|181:189|230:191,1,95
112,49,32714,1,8,0:0:0:0:
292,147,32954,1,0,0:0:0:0:
435,34,33194,1,0,0:0:0:0:
481,188,33434,1,0,0:0:0:0:
325,329,33674,5,8,0:0:0:0:
66,242,33914,1,0,0:0:0:0:
323,230,34154,1,0,0:0:0:0:
436,44,34394,2,0,P|474:104|461:137,1,95,0|8,0:0|0:0,0:0:0:0:
441,290,34874,2,0,P|476:233|455:195,1,95
268,314,35354,1,0,0:0:0:0:
417,113,35594,5,8,0:0:0:0:
201,59,35834,1,0,0:0:0:0:
55,256,36074,1,0,0:0:0:0:
451,32,36554,2,0,P|386:92|393:104,1,95,8|0,0:0|0:0,0:0:0:0:
462,231,37034,5,0,0:0:0:0:
310,65,37274,1,0,0:0:0:0:
450,309,37514,1,8,0:0:0:0:
381,108,37754,5,0,0:0:0:0:
329,339,37994,1,0,0:0:0:0:
287,333,38114,1,0,0:0:0:0:
253,310,38234,1,0,0:0:0:0:
224,274,38354,1,0,0:0:0:0:
170,210,38474,6,0,B|194:167|225:143|225:143|253:134,1,95,8|0,0:0|0:0,0:0:0:0:
419,244,38954,1,0,0:0:0:0:
273,62,39194,1,0,0:0:0:0:
485,320,39434,1,8,0:0:0:0:
209,22,39674,1,0,0:0:0:0:
410,325,39914,1,0,0:0:0:0:
360,77,40154,5,0,0:0:0:0:
471,261,40394,1,8,0:0:0:0:
234,177,40634,1,0,0:0:0:0:
478,168,40874,1,0,0:0:0:0:
227,296,41114,1,0,0:0:0:0:
456,74,41354,1,8,0:0:0:0:
254,26,41594,1,0,0:0:0:0:
480,251,41834,5,0,0:0:0:0:
247,299,42074,1,0,0:0:0:0:
456,56,42314,1,8,0:0:0:0:
229,238,42554,2,0,P|289:210|309:167,1,95
461,313,43034,1,0,0:0:0:0:
211,95,43274,1,8,0:0:0:0:
490,248,43514,1,0,0:0:0:0:
171,162,43754,5,0,0:0:0:0:
495,177,43994,1,0,0:0:0:0:
168,240,44234,1,8,0:0:0:0:
378,102,44474,1,4,0:0:0:0:
351,59,44594,1,4,0:0:0:0:
305,40,44714,1,4,0:0:0:0:
154,130,44954,1,0,0:0:0:0:
292,228,45194,5,0,0:0:0:0:
129,315,45434,1,0,0:0:0:0:
40,173,45674,2,0,P|46:110|73:120,1,95
232,43,46154,5,0,0:0:0:0:
405,273,46394,1,0,0:0:0:0:
165,95,46634,1,8,0:0:0:0:
451,203,46874,1,0,0:0:0:0:
134,183,47114,5,0,0:0:0:0:
464,114,47354,1,0,0:0:0:0:
134,274,47594,1,8,0:0:0:0:
425,45,47834,1,0,0:0:0:0:
213,314,48074,1,0,0:0:0:0:
350,34,48314,1,0,0:0:0:0:
316,321,48554,5,8,0:0:0:0:
258,41,48794,1,0,0:0:0:0:
431,317,49034,1,0,0:0:0:0:
185,70,49274,5,0,0:0:0:0:
483,238,49514,1,8,0:0:0:0:
146,143,49754,1,0,0:0:0:0:
261,216,49994,1,0,0:0:0:0:
296,51,50234,1,0,0:0:0:0:
469,80,50474,5,8,0:0:0:0:
434,240,50714,1,0,0:0:0:0:
239,171,50954,1,0,0:0:0:0:
320,25,51194,1,0,0:0:0:0:
498,96,51434,1,8,0:0:0:0:
413,262,51674,5,0,0:0:0:0:
121,106,52154,2,0,B|82:55|82:55|144:36,1,95,0|8,0:0|0:0,0:0:0:0:
229,23,52634,1,0,0:0:0:0:
118,228,52874,5,0,0:0:0:0:
288,35,53114,1,0,0:0:0:0:
187,240,53354,2,8,B|214:295|214:295|277:314,1,95,8|0,0:0|0:0,0:0:0:0:
130,60,53834,1,0,0:0:0:0:
370,247,54074,1,0,0:0:0:0:
190,25,54314,1,8,0:0:0:0:
314,284,54554,5,0,0:0:0:0:
278,24,54794,1,0,0:0:0:0:
215,256,55034,1,0,0:0:0:0:
352,78,55274,1,8,0:0:0:0:
160,172,55514,5,0,0:0:0:0:
362,167,55754,1,0,0:0:0:0:
172,109,55994,1,0,0:0:0:0:
324,160,56234,1,8,0:0:0:0:
218,120,56474,1,0,0:0:0:0:
301,153,56714,1,0,0:0:0:0:
253,136,56954,5,0,0:0:0:0:
285,149,57194,1,8,0:0:0:0:
253,136,57434,1,0,0:0:0:0:
378,161,57674,1,0,0:0:0:0:
327,77,57914,2,0,P|357:28|394:23,1,95,0|8,0:0|0:0,0:0:0:0:
475,93,58394,2,0,P|480:165|463:207,1,95
419,258,58874,1,0,0:0:0:0:
210,315,59114,1,8,0:0:0:0:
342,103,59354,1,0,0:0:0:0:
171,152,59594,5,0,0:0:0:0:
235,313,59834,1,4,0:0:0:0:
273,294,59954,1,4,0:0:0:0:
306,258,60074,1,4,0:0:0:0:
413,99,60314,1,0,0:0:0:0:
232,150,60554,5,0,0:0:0:0:
130,35,60794,1,0,0:0:0:0:
87,210,61034,1,2,0:0:0:0:
329,255,61274,2,0,P|379:225|375:173,1,95,2|0,0:0|0:0,0:0:0:0:
414,69,61754,5,0,0:0:0:0:
466,295,61994,2,0,P|442:223|400:195,1,95
247,317,62474,1,0,0:0:0:0:
97,156,62714,5,0,0:0:0:0:
328,270,62954,1,8,0:0:0:0:
163,106,63194,1,0,0:0:0:0:
122,311,63434,2,0,P|153:246|199:228,1,95
224,53,63914,1,8,0:0:0:0:
302,192,64154,5,0,0:0:0:0:
70,220,64394,1,0,0:0:0:0:
256,50,64634,1,0,0:0:0:0:
453,218,64874,1,8,0:0:0:0:
130,338,65354,2,0,P|200:310|227:275,1,95
88,172,65834,5,8,0:0:0:0:
294,42,66074,1,0,0:0:0:0:
127,245,66314,5,0,0:0:0:0:
382,122,66554,1,0,0:0:0:0:
453,286,66794,1,8,0:0:0:0:
282,326,67034,1,0,0:0:0:0:
223,156,67274,1,0,0:0:0:0:
419,104,67514,5,0,0:0:0:0:
453,286,67754,1,8,0:0:0:0:
281,304,67994,1,0,0:0:0:0:
263,122,68234,5,0,0:0:0:0:
80,115,68474,2,0,P|127:54|172:42,1,95,0|8,0:0|0:0,0:0:0:0:
448,334,69194,2,0,P|405:279|356:261,1,95
262,341,69674,1,8,0:0:0:0:
138,235,69914,1,0,0:0:0:0:
271,122,70154,1,0,0:0:0:0:
391,239,70394,1,0,0:0:0:0:
221,353,70634,5,8,0:0:0:0:
132,193,70874,1,0,0:0:0:0:
321,106,71114,1,0,0:0:0:0:
388,295,71354,1,0,0:0:0:0:
478,222,71594,6,0,P|461:164|413:129,1,95,8|0,0:0|0:0,0:0:0:0:
103,48,72314,2,0,P|63:133|79:162,1,95,0|8,0:0|0:0,0:0:0:0:
250,29,72794,1,0,0:0:0:0:
122,281,73034,1,0,0:0:0:0:
387,43,73274,1,0,0:0:0:0:
50,238,73514,1,8,0:0:0:0:
431,128,73754,1,0,0:0:0:0:
83,44,73994,5,0,0:0:0:0:
367,308,74234,1,0,0:0:0:0:
255,190,74474,2,0,P|293:146|302:90,1,95,8|0,0:0|0:0,0:0:0:0:
464,26,74954,1,0,0:0:0:0:
72,104,75194,5,4,0:0:0:0:
115,88,75314,1,4,0:0:0:0:
155,82,75434,1,4,0:0:0:0:
269,217,75674,1,0,0:0:0:0:
75,285,75914,1,0,0:0:0:0:
364,332,76154,1,0,0:0:0:0:
435,178,76394,2,4,P|424:95|380:71,1,95
262,56,76874,5,0,0:0:0:0:
62,301,77114,1,0,0:0:0:0:
418,51,77354,1,8,0:0:0:0:
234,260,77594,1,0,0:0:0:0:
483,139,77834,1,0,0:0:0:0:
108,213,78074,1,0,0:0:0:0:
318,15,78314,1,8,0:0:0:0:
164,276,78554,5,0,0:0:0:0:
176,21,78794,1,0,0:0:0:0:
280,280,79034,1,0,0:0:0:0:
78,65,79274,1,8,0:0:0:0:
399,203,79514,1,0,0:0:0:0:
94,318,79754,2,0,P|139:259|180:243,1,95
45,50,80234,1,8,0:0:0:0:
371,324,80474,1,0,0:0:0:0:
180,123,80714,5,0,0:0:0:0:
457,228,80954,1,0,0:0:0:0:
123,266,81194,1,8,0:0:0:0:
460,63,81434,1,0,0:0:0:0:
248,334,81674,1,0,0:0:0:0:
63,79,81914,1,0,0:0:0:0:
317,220,82154,1,8,0:0:0:0:
63,301,82394,5,0,0:0:0:0:
263,85,82634,1,0,0:0:0:0:
217,338,82874,1,0,0:0:0:0:
432,132,83114,1,8,0:0:0:0:
434,347,83354,1,0,0:0:0:0:
105,85,83594,2,0,P|54:162|57:202,1,95
179,310,84074,1,8,0:0:0:0:
352,79,84314,5,0,0:0:0:0:
318,334,84554,1,0,0:0:0:0:
106,37,84794,2,0,P|75:111|81:160,1,95,0|8,0:0|0:0,0:0:0:0:
258,132,85274,5,0,0:0:0:0:
193,310,85514,1,0,0:0:0:0:
392,335,85754,1,0,0:0:0:0:
453,154,85994,1,8,0:0:0:0:
269,102,86234,1,0,0:0:0:0:
207,251,86474,1,0,0:0:0:0:
397,301,86714,1,0,0:0:0:0:
466,111,86954,5,8,0:0:0:0:
288,52,87194,1,0,0:0:0:0:
235,220,87434,1,0,0:0:0:0:
433,251,87674,1,0,0:0:0:0:
458,62,87914,1,8,0:0:0:0:
280,33,88154,5,0,0:0:0:0:
235,179,88394,1,0,0:0:0:0:
432,207,88634,1,0,0:0:0:0:
463,26,88874,1,8,0:0:0:0:
291,4,89114,5,0,0:0:0:0:
85,139,89354,2,0,P|131:187|130:214,1,95
310,112,89834,1,8,0:0:0:0:
158,320,90074,1,0,0:0:0:0:
436,189,90314,1,0,0:0:0:0:
