osu file format v14

[General]
AudioFilename: audio.mp3
AudioLeadIn: 0
PreviewTime: -1
Countdown: 0
SampleSet: None
StackLeniency: 0.7
Mode: 0
LetterboxInBreaks: 0
WidescreenStoryboard: 1

[Editor]
DistanceSpacing: 1.7
BeatDivisor: 8
GridSize: 8
TimelineZoom: 1.1

[Metadata]
Title:Anubis
TitleUnicode:Anubis
Artist:EnV
ArtistUnicode:EnV
Creator:RyuuST
Version:Normal Anubis
Source:
Tags:
BeatmapID:2468587
BeatmapSetID:1182841

[Difficulty]
HPDrainRate:4.6
CircleSize:3.7
OverallDifficulty:5
ApproachRate:7.5
SliderMultiplier:2
SliderTickRate:1

[Events]
//Background and Video events
0,0,"FL7nQc.jpg",0,0
//Break Periods
//Storyboard Layer 0 (Background)
//Storyboard Layer 1 (Fail)
//Storyboard Layer 2 (Pass)
//Storyboard Layer 3 (Foreground)
//Storyboard Layer 4 (Overlay)
//Storyboard Sound Samples

[TimingPoints]
0,468.75,4,1,0,100,1,0
30117,-100,4,2,0,100,0,1
45000,-100,4,1,0,100,0,0
45000,-66.6666666666667,4,1,0,100,0,0
55722,-50,4,1,0,100,0,0
56308,-100,4,2,0,100,0,1
116250,-100,4,1,0,100,0,0
131250,-100,4,1,0,100,0,0
146367,-100,4,2,0,100,0,1
161250,-66.6666666666667,4,3,1,100,0,0
179509,-50,4,3,1,100,0,0
180117,-100,4,2,1,100,0,1
240058,-100,4,1,1,100,0,0


[HitObjects]
134,149,117,5,0,0:0:0:0:
123,208,351,1,0,0:0:0:0:
138,268,585,1,0,0:0:0:0:
202,305,820,2,0,L|292:258,1,100
301,188,1289,1,0,0:0:0:0:
217,170,1523,2,0,P|200:206|140:225,1,100
95,262,1992,1,0,0:0:0:0:
149,318,2226,1,0,0:0:0:0:
216,324,2460,5,0,0:0:0:0:
272,301,2695,2,0,P|317:268|357:239,1,100
373,182,3164,1,0,0:0:0:0:
317,140,3398,2,0,P|289:192|291:242,1,100
285,226,3867,1,0,0:0:0:0:
215,265,4101,1,0,0:0:0:0:
135,266,4335,5,0,0:0:0:0:
132,194,4570,2,0,L|49:118,1,100
111,85,5039,1,0,0:0:0:0:
162,87,5273,1,0,0:0:0:0:
217,105,5508,1,0,0:0:0:0:
276,130,5742,5,0,0:0:0:0:
322,239,5976,1,0,0:0:0:0:
228,198,6210,1,0,0:0:0:0:
287,114,6445,2,0,P|336:128|367:164,1,100
407,245,6914,5,0,0:0:0:0:
330,260,7148,2,0,L|359:360,1,100
266,359,7617,5,0,0:0:0:0:
182,322,7851,1,0,0:0:0:0:
167,231,8085,1,0,0:0:0:0:
173,142,8320,2,0,P|172:86|196:41,1,100
275,41,8789,5,0,0:0:0:0:
351,107,9023,2,0,P|317:157|271:165,1,100
265,248,9492,5,0,0:0:0:0:
204,316,9726,1,0,0:0:0:0:
290,328,9960,1,0,0:0:0:0:
377,322,10195,6,0,P|321:323|276:299,1,100
208,226,10664,1,0,0:0:0:0:
252,138,10898,2,0,P|294:189|340:190,1,100
415,161,11366,5,0,0:0:0:0:
360,112,11601,1,0,0:0:0:0:
296,83,11835,1,0,0:0:0:0:
331,142,12070,6,0,P|332:198|308:243,1,100
251,264,12539,1,0,0:0:0:0:
189,261,12773,2,0,P|190:317|166:362,1,100
113,328,13242,5,0,0:0:0:0:
97,254,13476,1,0,0:0:0:0:
103,190,13710,6,0,P|102:134|126:89,1,100
186,96,14179,1,0,0:0:0:0:
172,174,14413,2,0,P|114:171|71:151,1,100
59,239,14882,1,0,0:0:0:0:
103,302,15117,5,0,0:0:0:0:
173,299,15351,1,0,0:0:0:0:
217,249,15586,1,0,0:0:0:0:
214,181,15820,2,0,P|137:173|122:190,1,100
106,220,16289,1,0,0:0:0:0:
171,295,16523,2,0,P|236:284|262:258,1,100
242,189,16992,5,0,0:0:0:0:
221,124,17226,1,0,0:0:0:0:
155,125,17460,1,0,0:0:0:0:
157,202,17695,2,0,P|151:252|99:273,1,100
95,319,18164,1,0,0:0:0:0:
181,319,18398,2,0,P|239:283|237:235,1,100
252,175,18867,5,0,0:0:0:0:
332,200,19101,1,0,0:0:0:0:
341,290,19335,1,0,0:0:0:0:
265,225,19570,2,0,P|236:169|189:150,1,100
141,173,20039,1,0,0:0:0:0:
133,258,20273,2,0,P|199:245|224:225,1,100
287,180,20742,5,0,0:0:0:0:
231,133,20976,1,0,0:0:0:0:
144,127,21210,1,0,0:0:0:0:
141,223,21445,2,0,P|231:208|234:198,1,100
279,171,21914,1,0,0:0:0:0:
287,93,22148,2,0,P|364:96|382:117,1,100
408,174,22617,5,0,0:0:0:0:
403,239,22851,1,0,0:0:0:0:
332,242,23085,1,0,0:0:0:0:
282,308,23320,2,0,P|229:314|164:314,1,100
137,246,23789,1,0,0:0:0:0:
209,203,24023,2,0,P|174:135|148:127,1,100
83,128,24492,5,0,0:0:0:0:
120,194,24726,1,0,0:0:0:0:
186,228,24960,1,0,0:0:0:0:
258,220,25195,2,0,P|298:283|291:302,1,100
282,328,25664,1,0,0:0:0:0:
227,242,25898,2,0,P|199:174|162:157,1,100
100,172,26367,5,0,0:0:0:0:
62,245,26601,1,0,0:0:0:0:
118,307,26835,1,0,0:0:0:0:
214,272,27070,2,0,P|141:217|119:220,1,100
78,158,27539,1,0,0:0:0:0:
139,68,27773,2,0,P|139:102|176:167,1,100
216,205,28242,5,0,0:0:0:0:
284,205,28476,1,0,0:0:0:0:
328,164,28710,1,0,0:0:0:0:
308,108,28945,2,0,P|224:142|224:151,1,100
216,211,29414,1,0,0:0:0:0:
320,210,29648,2,0,P|311:141|281:129,1,100
151,201,30117,5,0,0:0:0:0:
184,259,30351,1,0,0:0:0:0:
218,202,30586,1,0,0:0:0:0:
246,257,30820,1,0,0:0:0:0:
283,205,31055,1,0,0:0:0:0:
308,262,31289,1,0,0:0:0:0:
340,209,31523,1,0,0:0:0:0:
383,265,31758,1,0,0:0:0:0:
406,205,31992,1,0,0:0:0:0:
356,159,32226,5,0,0:0:0:0:
330,215,32461,1,0,0:0:0:0:
289,161,32695,1,0,0:0:0:0:
264,224,32930,1,0,0:0:0:0:
224,164,33164,1,0,0:0:0:0:
193,224,33398,1,0,0:0:0:0:
147,170,33633,1,0,0:0:0:0:
116,231,33867,1,0,0:0:0:0:
148,294,34101,5,0,0:0:0:0:
181,227,34336,1,0,0:0:0:0:
215,290,34570,1,0,0:0:0:0:
241,232,34805,1,0,0:0:0:0:
283,289,35039,1,0,0:0:0:0:
307,227,35273,1,0,0:0:0:0:
346,283,35508,1,0,0:0:0:0:
357,212,35742,1,0,0:0:0:0:
405,270,35976,5,0,0:0:0:0:
417,202,36211,1,0,0:0:0:0:
371,149,36445,1,0,0:0:0:0:
436,129,36680,1,0,0:0:0:0:
375,101,36914,1,0,0:0:0:0:
315,102,37148,1,0,0:0:0:0:
254,104,37383,1,0,0:0:0:0:
199,115,37617,1,0,0:0:0:0:
149,145,37851,6,0,P|154:183|208:203,3,100
364,141,38789,1,0,0:0:0:0:
373,213,39023,1,0,0:0:0:0:
310,264,39257,2,0,P|351:312|385:318,1,100
451,285,39726,2,0,L|453:227,2,50
375,288,40195,5,0,0:0:0:0:
302,266,40430,1,0,0:0:0:0:
250,206,40664,1,0,0:0:0:0:
319,159,40898,1,0,0:0:0:0:
385,119,41133,1,0,0:0:0:0:
315,78,41367,1,0,0:0:0:0:
251,115,41601,1,0,0:0:0:0:
278,191,41836,6,0,P|327:187|360:152,3,100
379,82,42773,1,0,0:0:0:0:
298,63,43008,1,0,0:0:0:0:
254,125,43242,1,0,0:0:0:0:
260,194,43476,2,0,P|322:163|351:145,1,100
349,121,43945,2,0,L|441:71,1,100
388,34,44414,1,0,0:0:0:0:
326,47,44648,1,0,0:0:0:0:
304,115,44882,1,0,0:0:0:0:
367,165,45117,6,0,L|333:284,1,100
196,271,46054,6,0,P|157:179|148:151,1,100
243,80,46991,6,0,L|362:114,1,100
338,273,47929,6,0,P|235:277|200:296,1,100
165,191,48867,6,0,L|233:106,1,100
362,112,49746,6,0,P|448:206|453:220,1,100
152,220,50683,6,0,L|254:287,1,100
388,211,51621,6,0,P|296:250|268:259,1,100
173,114,52617,6,0,P|208:175|261:224,1,100
256,192,53144,12,0,55605,0:0:0:0:
285,113,55839,6,0,P|325:126|287:128,1,100
285,220,56308,1,0,0:0:0:0:
256,288,56835,2,0,P|323:242|334:219,3,100
327,153,57773,5,0,0:0:0:0:
246,146,58007,1,0,0:0:0:0:
207,86,58242,1,0,0:0:0:0:
152,133,58476,2,0,L|147:194,2,50
176,241,58945,2,0,P|239:241|281:224,1,100
317,186,59414,1,0,0:0:0:0:
331,119,59648,5,0,0:0:0:0:
345,59,59882,1,0,0:0:0:0:
289,75,60117,2,0,L|179:106,1,100
155,148,60585,1,0,0:0:0:0:
168,212,60820,1,0,0:0:0:0:
205,252,61054,1,0,0:0:0:0:
268,231,61289,1,0,0:0:0:0:
308,277,61523,1,0,0:0:0:0:
350,229,61757,1,0,0:0:0:0:
405,176,61992,5,0,0:0:0:0:
358,129,62226,2,0,P|288:170|286:197,3,100
268,236,63164,1,0,0:0:0:0:
211,271,63398,1,0,0:0:0:0:
202,213,63632,1,0,0:0:0:0:
258,174,63867,5,0,0:0:0:0:
324,179,64101,2,0,L|334:248,2,50
314,122,64570,2,0,L|206:128,1,100
163,135,65039,1,0,0:0:0:0:
120,204,65273,2,0,P|151:259|183:270,2,100
86,128,65976,2,0,L|111:80,2,50
142,190,66445,5,0,0:0:0:0:
217,215,66679,1,0,0:0:0:0:
301,212,66913,1,0,0:0:0:0:
348,154,67148,1,0,0:0:0:0:
300,102,67382,2,0,L|297:216,1,100
257,238,67851,5,0,0:0:0:0:
192,238,68085,1,0,0:0:0:0:
131,204,68320,2,0,L|215:133,2,100
107,261,69023,1,0,0:0:0:0:
162,288,69257,1,0,0:0:0:0:
192,233,69492,1,0,0:0:0:0:
222,175,69726,6,0,L|115:115,1,100
140,75,70136,1,0,0:0:0:0:
215,61,70312,2,0,L|164:51,3,50
279,74,70781,2,0,L|333:26,1,50
311,133,71015,2,0,L|344:250,1,100
343,234,71367,2,0,L|439:186,1,100
383,238,71835,5,0,0:0:0:0:
332,298,72070,1,0,0:0:0:0:
259,306,72304,1,0,0:0:0:0:
197,258,72539,1,0,0:0:0:0:
245,207,72773,2,0,L|334:137,1,100
344,92,73242,1,0,0:0:0:0:
276,77,73476,2,0,L|258:137,2,50
202,65,73945,6,0,L|159:169,1,100
178,238,74414,1,0,0:0:0:0:
251,201,74648,2,0,L|302:292,1,100
364,292,75117,1,0,0:0:0:0:
397,230,75351,1,0,0:0:0:0:
392,161,75585,1,0,0:0:0:0:
345,119,75820,2,0,L|260:44,1,100
212,74,76289,1,0,0:0:0:0:
164,118,76523,1,0,0:0:0:0:
152,187,76757,5,0,0:0:0:0:
166,260,76992,1,0,0:0:0:0:
229,285,77226,1,0,0:0:0:0:
293,258,77460,1,0,0:0:0:0:
334,204,77695,2,0,P|254:148|237:145,2,100
372,249,78398,1,0,0:0:0:0:
359,309,78632,2,0,L|250:257,1,100
216,229,79101,1,0,0:0:0:0:
236,172,79335,5,0,0:0:0:0:
285,133,79570,1,0,0:0:0:0:
350,149,79804,1,0,0:0:0:0:
402,186,80039,2,0,L|431:287,1,100
397,314,80507,1,0,0:0:0:0:
325,318,80742,1,0,0:0:0:0:
264,293,80976,2,0,L|246:353,2,50
233,234,81445,6,0,L|145:174,1,100
148,120,81914,1,0,0:0:0:0:
210,108,82148,1,0,0:0:0:0:
276,121,82382,1,0,0:0:0:0:
337,156,82617,2,0,L|436:216,1,100
417,274,83085,1,0,0:0:0:0:
365,320,83320,1,0,0:0:0:0:
301,326,83554,1,0,0:0:0:0:
240,293,83789,6,0,L|261:181,1,100
281,137,84257,1,0,0:0:0:0:
324,97,84492,1,0,0:0:0:0:
260,76,84726,2,0,L|242:136,2,50
181,96,85195,2,0,L|187:200,1,100
184,265,85664,6,0,L|277:328,1,100
349,314,86133,1,0,0:0:0:0:
412,285,86367,1,0,0:0:0:0:
441,225,86601,1,0,0:0:0:0:
432,149,86835,2,0,L|328:96,1,100
282,91,87304,1,0,0:0:0:0:
232,140,87539,1,0,0:0:0:0:
179,184,87773,1,0,0:0:0:0:
211,241,88007,1,0,0:0:0:0:
273,202,88242,5,0,0:0:0:0:
336,229,88476,2,0,L|318:289,2,50
268,307,88945,2,0,L|249:199,1,100
201,174,89414,1,0,0:0:0:0:
204,103,89648,1,0,0:0:0:0:
260,71,89882,1,0,0:0:0:0:
318,99,90117,1,0,0:0:0:0:
337,165,90351,6,0,L|221:171,2,100
191,223,91054,1,0,0:0:0:0:
235,280,91289,1,0,0:0:0:0:
305,280,91523,1,0,0:0:0:0:
363,245,91757,1,0,0:0:0:0:
396,192,91992,1,0,0:0:0:0:
363,132,92226,2,0,P|430:177|440:211,1,100
423,257,92695,2,0,P|351:250|311:267,1,100
268,237,93164,2,0,L|237:171,2,50
316,263,93632,5,0,0:0:0:0:
330,199,93867,1,0,0:0:0:0:
302,139,94101,1,0,0:0:0:0:
233,114,94335,2,0,L|140:179,1,100
191,203,94804,1,0,0:0:0:0:
182,276,95039,2,0,L|67:241,1,100
61,176,95507,2,0,L|69:119,2,50
122,237,95917,2,0,L|104:297,2,50
202,220,96445,5,0,0:0:0:0:
225,155,96679,2,0,L|112:156,1,100
79,184,97148,1,0,0:0:0:0:
118,235,97382,1,0,0:0:0:0:
175,261,97617,1,0,0:0:0:0:
236,247,97851,1,0,0:0:0:0:
250,188,98085,1,0,0:0:0:0:
250,120,98320,1,0,0:0:0:0:
193,89,98555,1,0,0:0:0:0:
160,150,98789,2,0,L|257:222,1,100
302,217,99258,5,0,0:0:0:0:
298,290,99492,1,0,0:0:0:0:
237,297,99726,2,0,L|244:176,1,100
183,165,100195,1,0,0:0:0:0:
135,216,100430,1,0,0:0:0:0:
150,281,100664,1,0,0:0:0:0:
207,255,100898,2,0,L|296:339,1,100
336,315,101367,5,0,0:0:0:0:
375,279,101601,1,0,0:0:0:0:
326,237,101835,2,0,L|403:144,1,100
352,113,102304,1,0,0:0:0:0:
293,86,102539,1,0,0:0:0:0:
239,125,102773,1,0,0:0:0:0:
240,191,103007,2,0,L|297:157,2,50
233,251,103476,2,0,L|267:308,2,50
179,199,103945,6,0,L|61:195,1,100
75,150,104414,1,0,0:0:0:0:
131,108,104648,1,0,0:0:0:0:
189,123,104882,2,0,L|298:123,1,100
323,176,105351,1,0,0:0:0:0:
340,234,105585,1,0,0:0:0:0:
297,284,105820,1,0,0:0:0:0:
233,298,106054,1,0,0:0:0:0:
172,286,106289,1,0,0:0:0:0:
172,223,106523,6,0,L|63:217,1,100
97,176,106992,2,0,L|103:117,2,50
155,172,107460,1,0,0:0:0:0:
208,213,107695,1,0,0:0:0:0:
253,239,107929,1,0,0:0:0:0:
307,259,108164,2,0,L|423:259,1,100
406,200,108632,1,0,0:0:0:0:
356,163,108867,1,0,0:0:0:0:
288,162,109101,6,0,L|174:161,1,100
147,215,109570,1,0,0:0:0:0:
95,186,109804,1,0,0:0:0:0:
105,118,110039,1,0,0:0:0:0:
163,119,110273,2,0,L|217:145,2,50
191,57,110742,1,0,0:0:0:0:
285,132,110976,2,0,L|342:98,2,50
232,96,111445,1,0,0:0:0:0:
276,196,111679,5,0,0:0:0:0:
246,248,111914,1,0,0:0:0:0:
226,183,112148,1,0,0:0:0:0:
277,150,112382,2,0,L|300:263,1,100
281,299,112851,2,0,L|179:279,1,100
167,233,113320,2,0,L|65:188,1,100
103,147,113789,2,0,L|14:81,1,100
55,54,114257,1,0,0:0:0:0:
115,46,114492,1,0,0:0:0:0:
172,66,114667,6,0,L|154:126,2,50
225,98,115195,2,0,L|303:24,1,100
333,69,115664,2,0,L|413:145,1,100
366,186,116367,5,0,0:0:0:0:
291,126,116602,1,0,0:0:0:0:
290,192,116836,1,0,0:0:0:0:
355,120,117070,1,0,0:0:0:0:
285,116,117305,1,0,0:0:0:0:
273,181,117539,1,0,0:0:0:0:
345,185,117774,1,0,0:0:0:0:
329,257,118007,1,0,0:0:0:0:
262,256,118242,5,0,0:0:0:0:
271,186,118476,1,0,0:0:0:0:
200,181,118710,1,0,0:0:0:0:
203,114,118945,1,0,0:0:0:0:
272,114,119179,1,0,0:0:0:0:
292,182,119414,1,0,0:0:0:0:
224,116,119648,1,0,0:0:0:0:
230,185,119882,1,0,0:0:0:0:
160,116,120117,5,0,0:0:0:0:
162,177,120351,1,0,0:0:0:0:
220,178,120585,1,0,0:0:0:0:
219,240,120820,1,0,0:0:0:0:
277,245,121054,5,0,0:0:0:0:
280,179,121289,1,0,0:0:0:0:
341,180,121523,1,0,0:0:0:0:
341,245,121757,1,0,0:0:0:0:
278,246,121992,5,0,0:0:0:0:
215,246,122226,1,0,0:0:0:0:
214,187,122460,1,0,0:0:0:0:
152,183,122695,1,0,0:0:0:0:
150,246,122929,5,0,0:0:0:0:
147,180,123164,1,0,0:0:0:0:
207,182,123398,1,0,0:0:0:0:
269,182,123632,1,0,0:0:0:0:
338,185,123867,5,0,0:0:0:0:
335,122,124101,1,0,0:0:0:0:
271,120,124335,1,0,0:0:0:0:
272,186,124570,1,0,0:0:0:0:
209,193,124804,1,0,0:0:0:0:
207,130,125039,1,0,0:0:0:0:
145,131,125273,1,0,0:0:0:0:
147,189,125507,1,0,0:0:0:0:
149,253,125742,5,0,0:0:0:0:
209,255,125976,1,0,0:0:0:0:
203,186,126210,1,0,0:0:0:0:
259,181,126445,1,0,0:0:0:0:
258,247,126679,1,0,0:0:0:0:
318,245,126914,1,0,0:0:0:0:
310,175,127148,5,0,0:0:0:0:
368,172,127382,1,0,0:0:0:0:
377,236,127617,1,0,0:0:0:0:
319,244,127851,1,0,0:0:0:0:
316,175,128085,1,0,0:0:0:0:
250,177,128320,1,0,0:0:0:0:
190,184,128554,5,0,0:0:0:0:
188,251,128789,1,0,0:0:0:0:
247,251,129023,1,0,0:0:0:0:
246,181,129257,1,0,0:0:0:0:
176,184,129492,1,0,0:0:0:0:
178,252,129726,1,0,0:0:0:0:
245,258,129960,5,0,0:0:0:0:
244,188,130195,1,0,0:0:0:0:
242,125,130429,1,0,0:0:0:0:
298,128,130664,1,0,0:0:0:0:
358,130,130898,1,0,0:0:0:0:
359,191,131132,1,0,0:0:0:0:
319,247,131367,2,0,P|305:121|268:72,1,175
239,119,132011,2,0,P|114:65|29:71,1,200
59,127,132714,5,0,0:0:0:0:
84,175,132948,1,0,0:0:0:0:
148,166,133710,2,0,L|156:296,1,125
160,278,134179,2,0,L|257:186,1,125
245,181,134648,2,0,L|119:179,1,125
88,168,135117,1,0,0:0:0:0:
181,204,135761,2,0,P|275:94|441:81,1,300
432,150,137461,5,0,0:0:0:0:
392,199,137695,1,0,0:0:0:0:
340,237,137930,1,0,0:0:0:0:
305,193,138164,1,0,0:0:0:0:
302,131,138398,1,0,0:0:0:0:
329,69,138867,2,0,P|198:39|154:59,1,175
191,106,139570,2,0,P|79:139|15:136,1,175
25,201,140214,1,0,0:0:0:0:
65,250,140449,1,0,0:0:0:0:
177,287,141210,5,0,0:0:0:0:
169,215,141445,1,0,0:0:0:0:
224,240,141679,1,0,0:0:0:0:
240,179,141914,1,0,0:0:0:0:
289,219,142148,1,0,0:0:0:0:
345,242,142617,2,0,L|457:135,1,150
452,104,143320,2,0,L|295:105,1,150
269,131,144023,2,0,L|355:259,1,150
364,203,144960,5,0,0:0:0:0:
304,210,145195,1,0,0:0:0:0:
313,277,145429,1,0,0:0:0:0:
241,276,145664,1,0,0:0:0:0:
246,206,145898,1,0,0:0:0:0:
245,145,146367,5,0,0:0:0:0:
181,142,146835,2,0,P|96:156|66:157,2,100
240,145,147539,1,0,0:0:0:0:
250,198,147773,1,0,0:0:0:0:
264,260,148007,1,0,0:0:0:0:
327,241,148242,1,0,0:0:0:0:
382,268,148476,2,0,L|364:328,2,50
436,235,148945,6,0,L|368:140,1,100
316,127,149414,1,0,0:0:0:0:
291,189,149648,2,0,L|173:186,1,100
157,129,150117,1,0,0:0:0:0:
99,154,150586,2,0,L|95:263,1,100
136,300,151055,1,0,0:0:0:0:
194,321,151289,1,0,0:0:0:0:
253,291,151523,2,0,L|169:209,1,100
135,186,152226,6,0,L|117:246,2,50
184,131,152695,2,0,L|62:130,1,100
101,78,153164,1,0,0:0:0:0:
158,57,153398,2,0,L|267:66,1,100
284,113,153867,1,0,0:0:0:0:
264,165,154101,2,0,L|161:211,1,100
161,142,154570,2,0,L|196:84,2,50
170,193,155039,5,0,0:0:0:0:
204,251,155273,1,0,0:0:0:0:
236,309,155508,2,0,L|122:310,1,100
88,264,155976,2,0,L|70:324,2,50
101,206,156445,2,0,L|224:208,1,100
254,199,156914,2,0,L|250:311,1,100
303,305,157383,5,0,0:0:0:0:
350,269,157617,1,0,0:0:0:0:
359,215,157851,2,0,L|263:146,1,100
269,117,158320,2,0,L|316:78,2,50
207,124,158789,1,0,0:0:0:0:
146,136,159023,2,0,L|145:249,1,100
204,260,159492,2,0,L|186:320,2,50
235,205,159960,6,0,L|151:135,1,100
115,89,160429,1,0,0:0:0:0:
173,101,160664,1,0,0:0:0:0:
201,160,160898,2,0,L|312:161,1,100
349,159,161367,1,0,0:0:0:0:
369,214,161835,5,0,0:0:0:0:
329,262,162069,1,0,0:0:0:0:
285,223,162304,2,0,L|249:127,1,75.0000028610231
265,105,162773,5,0,0:0:0:0:
327,107,163007,1,0,0:0:0:0:
354,160,163242,2,0,L|420:93,1,75.0000028610231
387,85,163710,5,0,0:0:0:0:
316,100,163945,1,0,0:0:0:0:
264,146,164121,2,0,L|324:208,1,75.0000028610231
279,248,164648,5,0,0:0:0:0:
219,236,164882,1,0,0:0:0:0:
156,249,165117,2,0,L|217:326,1,75.0000028610231
266,302,165585,5,0,0:0:0:0:
269,239,165820,1,0,0:0:0:0:
244,186,166054,2,0,L|304:129,1,75.0000028610231
354,147,166524,5,0,0:0:0:0:
354,211,166758,1,0,0:0:0:0:
294,209,166992,2,0,L|299:115,1,75.0000028610231
252,128,167460,5,0,0:0:0:0:
194,131,167695,1,0,0:0:0:0:
192,74,167929,2,0,L|289:76,1,75.0000028610231
302,114,168398,5,0,0:0:0:0:
251,156,168632,1,0,0:0:0:0:
235,222,168867,2,0,L|339:220,1,75.0000028610231
203,294,169335,6,0,L|351:255,1,150.000005722046
197,229,169804,2,0,L|346:193,1,150.000005722046
218,158,170273,2,0,L|371:124,1,150.000005722046
247,86,170742,2,0,L|401:50,1,150.000005722046
391,130,171210,2,0,L|239:83,1,150.000005722046
240,154,171679,2,0,L|92:97,1,150.000005722046
92,171,172148,2,0,L|233:226,1,150.000005722046
221,279,172617,2,0,L|390:224,1,150.000005722046
339,171,173085,2,0,L|182:219,1,150.000005722046
186,159,173554,2,0,L|355:97,1,150.000005722046
372,102,174023,6,0,L|369:261,1,150.000005722046
372,252,174492,2,0,L|371:75,1,150.000005722046
292,97,174960,2,0,L|290:251,1,150.000005722046
211,248,175429,2,0,L|206:93,1,150.000005722046
119,93,175898,2,0,L|125:249,1,150.000005722046
125,242,176367,2,0,L|126:85,1,150.000005722046
256,192,176835,12,0,179238,0:0:0:0:
202,141,179589,6,0,P|204:150|244:116,1,100
293,104,180117,5,0,0:0:0:0:
361,111,180585,2,0,P|315:44|292:33,3,100
262,68,181523,5,0,0:0:0:0:
220,126,181757,1,0,0:0:0:0:
214,194,181992,1,0,0:0:0:0:
249,260,182226,2,0,L|292:306,2,50
308,211,182695,2,0,P|308:148|291:106,1,100
258,52,183164,1,0,0:0:0:0:
201,71,183398,5,0,0:0:0:0:
185,130,183632,1,0,0:0:0:0:
159,191,183867,2,0,L|190:301,1,100
229,320,184335,1,0,0:0:0:0:
285,289,184570,1,0,0:0:0:0:
320,238,184804,1,0,0:0:0:0:
304,179,185039,1,0,0:0:0:0:
249,152,185273,1,0,0:0:0:0:
191,131,185507,1,0,0:0:0:0:
182,194,185742,5,0,0:0:0:0:
216,246,185976,2,0,P|257:316|284:318,3,100
324,295,186914,1,0,0:0:0:0:
356,238,187148,1,0,0:0:0:0:
340,176,187382,1,0,0:0:0:0:
287,139,187617,5,0,0:0:0:0:
235,104,187851,2,0,L|180:108,2,50
137,133,188320,2,0,L|143:241,1,100
185,278,188789,1,0,0:0:0:0:
236,298,189023,2,0,P|291:267|302:235,2,100
187,304,189726,6,0,L|140:263,2,50
248,292,190195,1,0,0:0:0:0:
287,240,190429,1,0,0:0:0:0:
341,197,190663,1,0,0:0:0:0:
334,141,190898,1,0,0:0:0:0:
316,85,191132,2,0,L|430:88,1,100
427,135,191601,5,0,0:0:0:0:
395,188,191835,1,0,0:0:0:0:
340,215,192070,2,0,L|269:131,2,100
309,260,192773,1,0,0:0:0:0:
247,266,193007,1,0,0:0:0:0:
187,254,193242,1,0,0:0:0:0:
141,229,193476,6,0,L|81:336,1,100
163,333,193945,6,0,L|204:286,4,50
115,332,194531,2,0,L|61:288,1,50
77,301,194765,2,0,L|67:218,1,75
69,227,195117,2,0,L|165:179,1,100
222,161,195585,5,0,0:0:0:0:
292,163,195820,1,0,0:0:0:0:
310,239,196054,1,0,0:0:0:0:
253,277,196289,1,0,0:0:0:0:
191,234,196523,2,0,L|121:145,1,100
165,94,196992,1,0,0:0:0:0:
269,159,197226,6,0,L|222:118,2,50
235,229,197695,6,0,L|339:272,1,100
336,215,198164,1,0,0:0:0:0:
292,160,198398,2,0,L|383:109,1,100
417,156,198867,1,0,0:0:0:0:
411,217,199101,1,0,0:0:0:0:
354,239,199335,1,0,0:0:0:0:
292,218,199570,2,0,L|217:303,1,100
165,299,200039,1,0,0:0:0:0:
215,347,200273,1,0,0:0:0:0:
284,332,200507,5,0,0:0:0:0:
337,301,200742,1,0,0:0:0:0:
349,237,200976,1,0,0:0:0:0:
321,187,201210,1,0,0:0:0:0:
271,147,201445,2,0,P|215:227|212:244,2,100
316,109,202148,1,0,0:0:0:0:
375,145,202382,2,0,L|323:254,1,100
283,276,202851,1,0,0:0:0:0:
224,253,203085,5,0,0:0:0:0:
197,192,203320,1,0,0:0:0:0:
235,150,203554,1,0,0:0:0:0:
262,203,203789,2,0,L|363:174,1,100
402,154,204257,1,0,0:0:0:0:
420,205,204492,1,0,0:0:0:0:
379,252,204726,6,0,L|332:211,2,50
340,303,205195,6,0,L|252:243,1,100
205,242,205664,1,0,0:0:0:0:
161,200,205898,1,0,0:0:0:0:
167,150,206132,1,0,0:0:0:0:
222,148,206367,2,0,L|282:49,1,100
326,68,206835,1,0,0:0:0:0:
369,113,207070,1,0,0:0:0:0:
349,165,207304,1,0,0:0:0:0:
291,164,207539,6,0,L|179:143,1,100
146,159,208007,1,0,0:0:0:0:
141,217,208242,1,0,0:0:0:0:
187,260,208476,6,0,L|140:219,2,50
221,306,208945,2,0,L|325:300,1,100
364,308,209414,6,0,L|427:215,1,100
409,174,209883,1,0,0:0:0:0:
355,134,210117,1,0,0:0:0:0:
294,124,210351,1,0,0:0:0:0:
237,121,210585,2,0,L|184:225,1,100
162,260,211054,1,0,0:0:0:0:
207,299,211289,1,0,0:0:0:0:
262,305,211523,1,0,0:0:0:0:
308,268,211757,1,0,0:0:0:0:
288,222,211992,5,0,0:0:0:0:
253,176,212226,2,0,L|206:135,2,50
254,213,212695,2,0,L|146:232,1,100
135,282,213164,1,0,0:0:0:0:
186,311,213398,1,0,0:0:0:0:
244,290,213632,6,0,L|199:177,1,100
158,184,214101,1,0,0:0:0:0:
160,125,214335,1,0,0:0:0:0:
204,86,214570,1,0,0:0:0:0:
255,104,214804,1,0,0:0:0:0:
306,131,215039,1,0,0:0:0:0:
284,191,215273,1,0,0:0:0:0:
279,251,215507,1,0,0:0:0:0:
232,290,215742,1,0,0:0:0:0:
181,255,215976,6,0,P|226:188|260:178,1,100
289,175,216445,2,0,P|296:103|279:63,1,100
247,46,216914,2,0,L|181:77,2,50
313,72,217382,5,0,0:0:0:0:
327,124,217617,1,0,0:0:0:0:
308,179,217851,1,0,0:0:0:0:
269,226,218085,2,0,L|334:319,1,100
382,308,218554,1,0,0:0:0:0:
418,250,218789,6,0,L|303:215,1,100
290,259,219257,1,0,0:0:0:0:
235,257,219492,1,0,0:0:0:0:
201,211,219726,2,0,L|154:170,2,50
243,225,220195,5,0,0:0:0:0:
299,231,220429,2,0,L|298:118,1,100
262,108,220898,1,0,0:0:0:0:
206,117,221132,1,0,0:0:0:0:
160,144,221367,1,0,0:0:0:0:
144,197,221601,1,0,0:0:0:0:
93,216,221835,2,0,L|84:327,1,100
141,339,222305,1,0,0:0:0:0:
200,334,222539,2,0,L|272:237,1,100
280,208,223008,5,0,0:0:0:0:
341,189,223242,1,0,0:0:0:0:
362,240,223476,2,0,L|241:233,1,100
209,250,223945,1,0,0:0:0:0:
221,190,224180,1,0,0:0:0:0:
255,149,224414,1,0,0:0:0:0:
295,128,224648,2,0,L|379:39,1,100
308,28,225117,5,0,0:0:0:0:
252,29,225351,1,0,0:0:0:0:
204,78,225585,2,0,L|111:1,1,100
87,61,226054,1,0,0:0:0:0:
91,110,226289,1,0,0:0:0:0:
109,150,226523,1,0,0:0:0:0:
169,155,226757,2,0,L|144:105,2,50
202,198,227226,2,0,L|161:245,2,50
263,204,227695,6,0,L|259:322,1,100
310,306,228164,1,0,0:0:0:0:
352,265,228398,1,0,0:0:0:0:
390,233,228632,2,0,L|390:124,1,100
340,109,229101,1,0,0:0:0:0:
280,104,229335,1,0,0:0:0:0:
223,120,229570,1,0,0:0:0:0:
172,152,229804,1,0,0:0:0:0:
163,208,230039,1,0,0:0:0:0:
213,225,230273,6,0,L|207:334,1,100
265,232,230742,2,0,L|335:157,1,100
340,113,231210,1,0,0:0:0:0:
288,101,231445,1,0,0:0:0:0:
234,103,231679,1,0,0:0:0:0:
194,160,231914,2,0,L|194:276,1,100
240,285,232382,1,0,0:0:0:0:
291,280,232617,1,0,0:0:0:0:
219,279,232851,6,0,L|220:165,1,100
155,284,233320,1,0,0:0:0:0:
134,241,233554,1,0,0:0:0:0:
143,186,233789,1,0,0:0:0:0:
189,141,234023,6,0,L|86:72,1,100
82,132,234492,1,0,0:0:0:0:
103,190,234726,2,0,L|56:149,2,50
129,227,235195,1,0,0:0:0:0:
168,255,235429,5,0,0:0:0:0:
218,267,235664,1,0,0:0:0:0:
267,262,235898,1,0,0:0:0:0:
259,202,236132,2,0,L|372:179,1,100
401,182,236601,2,0,L|381:284,1,100
355,324,237070,2,0,L|253:279,1,100
218,268,237539,2,0,L|284:179,1,100
315,162,238007,1,0,0:0:0:0:
365,129,238242,1,0,0:0:0:0:
313,108,238476,6,0,L|266:67,2,50
234,86,238945,2,0,L|156:160,1,100
146,217,239414,2,0,L|226:293,1,100
