osu file format v14

[General]
AudioFilename: start again.mp3
AudioLeadIn: 0
PreviewTime: 160035
Countdown: 0
SampleSet: Soft
StackLeniency: 0.7
Mode: 0
LetterboxInBreaks: 0
WidescreenStoryboard: 1

[Editor]
DistanceSpacing: 1
BeatDivisor: 4
GridSize: 8
TimelineZoom: 1.7

[Metadata]
Title:Mizu's Jump Training #2
TitleUnicode:Mizu's Jump Training #2
Artist:Various Artists
ArtistUnicode:Various Artists
Creator:Mizu
Version:Start Again
Source:
Tags:one ok rock mizus geoxor survive said the prophet the overdressed monkeys touhou
BeatmapID:2134278
BeatmapSetID:1019966

[Difficulty]
HPDrainRate:3
CircleSize:4
OverallDifficulty:8
ApproachRate:9.3
SliderMultiplier:1.7
SliderTickRate:1

[Events]
//Background and Video events
0,0,"new.jpg",0,0
//Break Periods
2,128311,137966
//Storyboard Layer 0 (Background)
//Storyboard Layer 1 (Fail)
//Storyboard Layer 2 (Pass)
//Storyboard Layer 3 (Foreground)
//Storyboard Layer 4 (Overlay)
//Storyboard Sound Samples

[TimingPoints]
2794,344.827586206897,4,2,0,30,1,0
8311,-100,4,2,0,40,0,0
30380,-80,4,2,0,50,0,1
49690,-100,4,2,0,40,0,0
82449,-80,4,2,0,40,0,0
85552,-74.0740740740741,4,2,0,50,0,1
107621,-83.3333333333333,4,2,0,40,0,0
126931,-100,4,2,0,40,0,0
150380,-250,4,2,0,40,0,0
155897,-166.666666666667,4,2,0,40,0,0
157276,-125,4,2,0,40,0,0
158138,-166.666666666667,4,2,0,40,0,0
161414,-66.6666666666667,4,2,0,50,0,1
172449,-71.4285714285714,4,2,0,50,0,0


[HitObjects]
216,232,2794,6,0,P|264:224|304:232,1,85
384,320,3138,1,0,0:0:0:0:
416,224,3311,1,0,0:0:0:0:
384,128,3483,2,0,L|320:64,1,85
272,176,3828,2,0,L|208:112,1,85
160,224,4173,5,0,0:0:0:0:
160,224,4345,2,0,P|112:216|72:224,1,85
196,316,4690,2,0,P|228:284|236:164,1,170
128,136,5207,2,0,L|184:72,1,85
296,232,5552,6,0,P|248:224|208:232,1,85
128,320,5896,1,0,0:0:0:0:
96,224,6069,1,0,0:0:0:0:
128,128,6241,2,0,L|192:64,1,85
240,176,6586,2,0,L|304:112,1,85
352,224,6931,5,0,0:0:0:0:
352,224,7103,2,0,P|400:216|440:224,1,85
316,316,7448,2,0,P|284:284|276:164,1,170
384,136,7965,2,0,L|328:72,1,85
176,280,8311,5,0,0:0:0:0:
200,128,8483,1,0,0:0:0:0:
288,232,8656,5,0,0:0:0:0:
237,57,8828,1,0,0:0:0:0:
136,184,9000,2,0,L|152:272,1,85
192,384,9345,2,0,P|224:352|264:336,1,85
392,328,9690,6,0,L|408:240,1,85
272,288,10035,2,0,L|256:200,1,85
392,248,10380,2,0,L|408:160,1,85
256,48,10725,5,0,0:0:0:0:
192,176,10897,1,0,0:0:0:0:
192,176,11069,2,0,L|184:272,1,85
64,336,11414,2,0,L|56:240,1,85
112,120,11759,6,0,P|88:72|48:48,1,85
177,172,12104,2,0,P|193:121|182:75,1,85
185,256,12449,2,0,P|233:231|257:192,1,85
296,104,12794,5,0,0:0:0:0:
296,104,12966,2,0,L|368:168,1,85
448,240,13311,2,0,L|360:280,1,85
272,336,13656,5,0,0:0:0:0:
272,336,13828,2,0,P|232:328|184:336,1,85
48,352,14173,6,0,L|32:264,1,85
168,312,14518,2,0,L|184:224,1,85
48,272,14863,2,0,L|32:184,1,85
72,72,15207,6,0,P|112:104|144:112,1,85
264,176,15552,1,0,0:0:0:0:
264,176,15725,2,0,P|304:144|336:136,1,85
472,112,16069,2,0,L|456:200,1,85
376,336,16414,1,0,0:0:0:0:
376,336,16587,2,0,B|336:320|336:320|288:320,1,85
96,352,16931,5,0,0:0:0:0:
128,208,17104,1,0,0:0:0:0:
200,328,17276,5,0,0:0:0:0:
184,144,17449,1,0,0:0:0:0:
64,272,17621,2,0,L|80:368,1,85
240,256,17966,5,0,0:0:0:0:
240,256,18138,2,0,L|264:168,1,85
392,64,18483,2,0,L|408:152,1,85
368,304,18828,1,0,0:0:0:0:
368,304,19000,2,0,B|360:312|360:312|320:304|280:312,1,85
96,344,19345,6,0,B|72:304|72:304|72:256,1,85
176,80,19690,2,0,B|200:120|200:120|200:168,1,85
336,344,20035,2,0,B|312:304|312:304|312:256,1,85
416,80,20380,2,0,B|440:120|440:120|440:168,1,85
456,352,20725,6,0,P|408:344|368:352,1,85
328,168,21069,2,0,P|280:160|240:168,1,85
208,344,21414,2,0,P|160:336|120:344,1,85
24,360,21759,5,0,0:0:0:0:
48,224,21931,1,0,0:0:0:0:
104,320,22104,5,0,0:0:0:0:
88,136,22276,1,0,0:0:0:0:
0,256,22448,5,0,0:0:0:0:
24,64,22621,1,0,0:0:0:0:
128,176,22794,2,0,B|128:216|128:216|136:224|136:224|136:264,1,85
240,336,23138,5,0,0:0:0:0:
280,144,23311,1,0,0:0:0:0:
280,144,23483,2,0,P|264:104|232:80,1,85
360,200,23828,2,0,P|376:160|371:120,1,85
384,288,24173,2,0,P|424:272|448:240,1,85
328,368,24518,2,0,P|367:384|407:379,1,85
256,104,24862,5,0,0:0:0:0:
192,280,25035,1,0,0:0:0:0:
336,216,25207,1,0,0:0:0:0:
168,136,25380,1,0,0:0:0:0:
216,304,25552,2,0,P|256:320|315:323,1,85
456,160,25897,2,0,P|416:144|356:140,1,85
200,328,26243,5,0,0:0:0:0:
344,160,26415,1,0,0:0:0:0:
160,192,26588,1,0,0:0:0:0:
328,336,26760,5,0,0:0:0:0:
264,72,26932,1,0,0:0:0:0:
192,280,27104,5,0,0:0:0:0:
144,80,27277,1,0,0:0:0:0:
272,232,27449,1,0,0:0:0:0:
72,208,27621,5,0,0:0:0:0:
64,192,27707,1,0,0:0:0:0:
56,176,27794,2,0,L|56:120,1,42.5
152,272,27966,1,0,0:0:0:0:
160,256,28052,1,0,0:0:0:0:
168,240,28139,2,0,L|168:184,1,42.5
80,320,28311,5,0,0:0:0:0:
72,304,28397,1,0,0:0:0:0:
64,288,28484,2,0,L|64:232,1,42.5
160,384,28656,1,0,0:0:0:0:
168,368,28742,1,0,0:0:0:0:
176,352,28829,2,0,L|176:296,1,42.5
304,304,29000,5,0,0:0:0:0:
296,288,29087,1,0,0:0:0:0:
288,272,29173,1,0,0:0:0:0:
280,256,29259,1,0,0:0:0:0:
272,240,29345,1,0,0:0:0:0:
264,224,29431,1,0,0:0:0:0:
256,208,29518,1,0,0:0:0:0:
248,192,29604,1,0,0:0:0:0:
240,176,29690,6,0,L|216:128,1,42.5
112,48,29862,2,0,L|96:88,1,42.5
192,232,30035,2,0,L|168:184,1,42.5
64,104,30207,2,0,L|48:144,1,42.5
184,312,30380,5,0,0:0:0:0:
208,64,30552,1,0,0:0:0:0:
26,249,30725,2,0,B|18:289|18:289|114:265|186:313,1,212.5
376,240,31242,1,0,0:0:0:0:
376,240,31414,2,0,P|384:184|376:136,1,106.25
176,272,31759,5,0,0:0:0:0:
224,80,31931,1,0,0:0:0:0:
304,192,32104,1,0,0:0:0:0:
152,256,32276,2,0,B|104:232|104:232|72:176,1,106.25
320,216,32621,2,0,B|336:266|336:266|320:329,1,106.25
128,128,32966,2,0,B|152:80|152:80|208:48,1,106.25
424,120,33311,5,0,0:0:0:0:
424,120,33483,2,0,P|456:72|392:112,1,212.5
472,344,34000,1,0,0:0:0:0:
472,344,34173,2,0,P|424:328|368:344,1,106.25
160,344,34518,5,0,0:0:0:0:
208,144,34690,1,0,0:0:0:0:
320,272,34862,1,0,0:0:0:0:
144,320,35035,2,0,B|112:280|112:280|104:224,1,106.25
336,288,35380,2,0,B|330:338|330:338|296:384,1,106.25
216,176,35725,5,0,0:0:0:0:
216,176,35811,1,0,0:0:0:0:
216,176,35897,2,0,P|232:120|272:88,1,106.25
320,272,36242,1,0,0:0:0:0:
320,272,36414,2,0,P|272:312|216:320,1,106.25
72,344,36759,1,0,0:0:0:0:
104,176,36931,2,0,L|144:64,1,106.25
344,264,37276,5,0,0:0:0:0:
304,64,37449,1,0,0:0:0:0:
160,304,37621,5,0,0:0:0:0:
200,96,37794,2,0,L|272:0,1,106.25
384,160,38138,1,0,0:0:0:0:
384,160,38311,2,0,B|376:216|376:216|336:264,1,106.25
152,304,38656,5,0,0:0:0:0:
264,112,38828,1,0,0:0:0:0:
312,264,39000,1,0,0:0:0:0:
136,280,39173,5,0,0:0:0:0:
288,88,39345,1,0,0:0:0:0:
328,344,39518,1,0,0:0:0:0:
144,208,39690,5,0,0:0:0:0:
408,120,39862,1,0,0:0:0:0:
120,104,40035,5,0,0:0:0:0:
432,40,40207,1,0,0:0:0:0:
80,168,40380,5,0,0:0:0:0:
448,200,40552,1,0,0:0:0:0:
448,200,40638,1,0,0:0:0:0:
448,200,40725,2,0,P|482:149|495:94,1,106.25
336,24,41069,5,0,0:0:0:0:
232,248,41242,1,0,0:0:0:0:
232,248,41328,1,0,0:0:0:0:
232,248,41414,2,0,P|272:288|328:304,1,106.25
352,112,41759,6,0,B|360:72|360:72|264:96|192:48,1,212.5
16,256,42276,1,0,0:0:0:0:
168,168,42449,2,0,P|224:160|272:168,1,106.25
376,344,42794,5,0,0:0:0:0:
416,136,42966,1,0,0:0:0:0:
272,248,43138,1,0,0:0:0:0:
272,248,43311,2,0,P|288:304|336:344,1,106.25
449,139,43656,1,0,0:0:0:0:
449,139,43829,2,0,P|398:110|335:116,1,106.25
152,272,44173,5,0,0:0:0:0:
380,185,44345,1,0,0:0:0:0:
208,112,44518,2,0,B|112:112|112:112|88:128|88:128|0:128,1,212.5
62,320,45035,1,0,0:0:0:0:
62,320,45207,2,0,P|110:280|158:272,1,106.25
360,344,45552,5,0,0:0:0:0:
384,112,45725,1,0,0:0:0:0:
248,224,45897,2,0,L|240:336,1,106.25
32,352,46242,5,0,0:0:0:0:
112,104,46414,1,0,0:0:0:0:
168,272,46587,1,0,0:0:0:0:
24,208,46759,1,0,0:0:0:0:
304,128,46931,6,0,B|352:128|352:128|360:136|360:136|408:136,1,106.25
208,240,47276,2,0,B|160:240|160:240|152:248|152:248|104:248,1,106.25
328,56,47621,6,0,B|376:56|376:56|384:64|384:64|432:64,1,106.25
232,312,47966,2,0,B|184:312|184:312|176:320|176:320|128:320,1,106.25
406,163,48311,6,0,P|430:115|430:59,1,106.25
153,220,48656,2,0,P|129:268|129:324,1,106.25
382,235,49000,6,0,P|406:187|406:131,1,106.25
129,148,49345,2,0,P|105:196|105:252,1,106.25
256,192,49690,12,0,52449,0:0:0:0:
224,96,52794,5,0,0:0:0:0:
192,256,52966,1,0,0:0:0:0:
352,288,53138,1,0,0:0:0:0:
384,128,53311,1,0,0:0:0:0:
384,128,53483,2,0,P|368:88|336:56,1,85
271,270,53828,5,0,0:0:0:0:
271,270,54000,2,0,P|310:286|355:286,1,85
488,176,54345,1,0,0:0:0:0:
328,200,54518,5,0,0:0:0:0:
480,104,54690,1,0,0:0:0:0:
264,152,54862,5,0,0:0:0:0:
472,32,55035,1,0,0:0:0:0:
200,104,55207,6,0,P|187:146|191:191,1,85
304,352,55552,1,0,0:0:0:0:
352,200,55725,1,0,0:0:0:0:
168,280,55897,5,0,0:0:0:0:
144,72,56069,1,0,0:0:0:0:
144,72,56241,2,0,P|173:40|214:21,1,85
198,245,56586,5,0,0:0:0:0:
198,245,56758,2,0,P|154:246|112:230,1,85
328,136,57104,1,0,0:0:0:0:
328,136,57276,2,0,L|416:128,1,85
312,288,57621,2,0,L|224:280,1,85
168,120,57966,6,0,B|96:112|24:144|24:144|48:152,1,170
256,160,58483,1,0,0:0:0:0:
256,160,58656,2,0,P|264:112|256:72,1,85
288,272,59000,2,0,P|327:243|350:209,1,85
416,64,59345,5,0,0:0:0:0:
456,288,59518,1,0,0:0:0:0:
344,128,59690,5,0,0:0:0:0:
320,344,59863,1,0,0:0:0:0:
320,344,60035,2,0,B|320:360|320:360|360:352|392:360,1,85
464,224,60380,2,0,L|488:136,1,85
288,240,60725,6,0,B|280:200|280:200|216:232|152:216,1,170
8,336,61242,1,0,0:0:0:0:
72,96,61414,1,0,0:0:0:0:
136,240,61587,1,0,0:0:0:0:
0,176,61759,1,0,0:0:0:0:
184,80,61931,1,0,0:0:0:0:
120,328,62104,5,0,0:0:0:0:
120,328,62276,2,0,P|72:336|32:328,1,85
120,176,62621,1,0,0:0:0:0:
120,176,62794,2,0,L|216:144,1,85
360,56,63138,2,0,L|264:24,1,85
320,184,63483,6,0,L|336:280,1,85
464,352,63828,1,0,0:0:0:0:
464,352,64173,6,0,P|472:304|464:264,1,85
392,304,64518,2,0,P|363:264|329:241,1,85
311,324,64862,2,0,P|263:316|223:324,1,85
48,344,65207,6,0,L|112:280,1,85
64,194,65552,2,0,L|154:194,1,85
181,100,65897,2,0,L|245:164,1,85
344,232,66242,6,0,L|360:136,1,85
488,64,66587,1,0,0:0:0:0:
488,64,66932,6,0,P|496:112|488:152,1,85
416,112,67277,2,0,P|387:151|353:174,1,85
335,92,67621,2,0,P|287:99|247:91,1,85
72,72,67966,6,0,L|136:136,1,85
88,222,68311,2,0,L|178:222,1,85
205,316,68656,2,0,L|269:251,1,85
368,192,69000,6,0,L|384:288,1,85
512,360,69345,1,0,0:0:0:0:
512,360,69690,6,0,P|464:352|424:360,1,85
304,368,70035,2,0,P|264:339|241:305,1,85
312,208,70380,2,0,P|320:159|312:120,1,85
216,48,70725,6,0,L|192:144,1,85
117,228,71069,2,0,L|96:145,1,85
24,48,71414,2,0,L|3:130,1,85
21,243,71759,6,0,P|45:283|173:307,1,170
352,200,72276,1,0,0:0:0:0:
192,232,72449,1,0,0:0:0:0:
352,232,72621,1,0,0:0:0:0:
192,208,72794,2,0,L|96:208,1,85
64,40,73138,6,0,B|56:72|56:72|128:56|200:88,1,170
304,256,73656,1,0,0:0:0:0:
352,40,73828,1,0,0:0:0:0:
304,232,74000,1,0,0:0:0:0:
240,16,74173,1,0,0:0:0:0:
400,192,74345,1,0,0:0:0:0:
176,160,74518,6,0,P|160:112|168:64,1,85
260,109,74862,1,0,0:0:0:0:
260,109,75207,2,0,L|301:203,1,85
392,280,75552,2,0,L|433:186,1,85
264,288,75897,6,0,L|305:382,1,85
496,280,76242,1,0,0:0:0:0:
336,176,76414,1,0,0:0:0:0:
392,368,76587,5,0,0:0:0:0:
440,232,76759,1,0,0:0:0:0:
368,336,76931,5,0,0:0:0:0:
312,144,77104,1,0,0:0:0:0:
464,200,77276,6,0,P|480:248|472:288,1,85
384,248,77621,1,0,0:0:0:0:
384,248,77966,5,0,0:0:0:0:
336,128,78138,2,0,P|296:120|248:128,1,85
200,240,78483,1,0,0:0:0:0:
200,240,78656,2,0,P|160:248|112:240,1,85
56,88,79000,5,0,0:0:0:0:
272,168,79173,1,0,0:0:0:0:
80,168,79345,5,0,0:0:0:0:
296,88,79518,1,0,0:0:0:0:
32,136,79690,5,0,0:0:0:0:
320,136,79862,1,0,0:0:0:0:
128,56,80035,6,0,B|104:64|104:64|144:128|112:208,2,170
256,272,81069,1,0,0:0:0:0:
312,96,81242,1,0,0:0:0:0:
208,176,81414,5,0,0:0:0:0:
384,232,81587,1,0,0:0:0:0:
336,16,81759,1,0,0:0:0:0:
192,152,81931,5,0,0:0:0:0:
400,208,82104,1,0,0:0:0:0:
256,16,82276,1,0,0:0:0:0:
184,288,82449,2,0,P|216:320|282:334,1,106.25
408,72,82794,5,0,0:0:0:0:
264,248,82966,1,0,0:0:0:0:
496,112,83138,1,0,0:0:0:0:
176,144,83311,5,0,0:0:0:0:
448,272,83483,1,0,0:0:0:0:
312,8,83656,1,0,0:0:0:0:
208,344,83828,5,0,0:0:0:0:
392,144,84001,1,0,0:0:0:0:
88,240,84173,1,0,0:0:0:0:
88,240,85552,5,0,0:0:0:0:
240,104,85725,1,0,0:0:0:0:
240,104,85897,2,0,P|320:112|240:120,1,229.500000875473
344,232,86414,5,0,0:0:0:0:
344,232,86587,2,0,P|392:192|408:144,1,114.750000437737
480,336,86931,5,0,0:0:0:0:
320,144,87104,1,0,0:0:0:0:
464,240,87276,1,0,0:0:0:0:
304,320,87449,2,0,P|248:304|208:256,1,114.750000437737
312,56,87794,2,0,P|368:72|408:120,1,114.750000437737
176,256,88138,1,0,0:0:0:0:
320,144,88311,5,0,0:0:0:0:
136,112,88483,1,0,0:0:0:0:
216,336,88656,2,0,P|272:280|208:320,1,229.500000875473
120,272,89173,5,0,0:0:0:0:
120,272,89345,2,0,P|152:216|208:184,1,114.750000437737
368,304,89690,5,0,0:0:0:0:
256,64,89862,1,0,0:0:0:0:
208,272,90035,1,0,0:0:0:0:
376,144,90207,2,0,P|392:88|376:32,1,114.750000437737
136,216,90552,2,0,P|120:272|136:328,1,114.750000437737
367,255,90897,5,0,0:0:0:0:
367,255,90983,1,0,0:0:0:0:
367,255,91069,2,0,P|383:199|375:143,1,114.750000437737
216,40,91414,5,0,0:0:0:0:
280,296,91587,2,0,P|320:336|392:352,1,114.750000437737
448,72,91931,1,0,0:0:0:0:
284,185,92104,2,0,P|268:241|284:305,1,114.750000437737
472,96,92449,5,0,0:0:0:0:
288,48,92621,1,0,0:0:0:0:
470,205,92794,1,0,0:0:0:0:
470,205,92966,2,0,P|486:157|470:93,1,114.750000437737
216,104,93311,1,0,0:0:0:0:
216,104,93483,2,0,L|176:232,1,114.750000437737
120,376,93828,5,0,0:0:0:0:
336,192,94000,1,0,0:0:0:0:
56,112,94173,1,0,0:0:0:0:
176,336,94345,5,0,0:0:0:0:
312,24,94518,1,0,0:0:0:0:
176,272,94690,1,0,0:0:0:0:
88,0,94862,1,0,0:0:0:0:
328,224,95035,1,0,0:0:0:0:
32,304,95207,5,0,0:0:0:0:
208,16,95380,1,0,0:0:0:0:
296,336,95552,1,0,0:0:0:0:
128,176,95725,1,0,0:0:0:0:
128,176,95811,1,0,0:0:0:0:
128,176,95897,2,0,P|120:112|128:56,1,114.750000437737
400,136,96242,5,0,0:0:0:0:
182,275,96414,1,0,0:0:0:0:
182,275,96500,1,0,0:0:0:0:
182,275,96587,2,0,P|144:222|125:169,1,114.750000437737
390,95,96931,2,0,P|438:159|374:103,1,229.500000875473
224,80,97449,1,0,0:0:0:0:
224,80,97621,2,0,B|208:136|208:136|224:200,1,114.750000437737
288,352,97966,5,0,0:0:0:0:
376,136,98138,1,0,0:0:0:0:
200,224,98311,1,0,0:0:0:0:
392,336,98483,2,0,B|416:328|416:328|432:232,1,114.750000437737
208,192,98828,2,0,B|184:184|184:184|168:88,2,114.750000437737
160,328,99345,5,0,0:0:0:0:
256,128,99518,1,0,0:0:0:0:
88,240,99690,2,0,B|64:256|64:256|144:304|272:288,1,229.500000875473
344,216,100207,1,0,0:0:0:0:
368,352,100380,2,0,P|384:296|368:240,1,114.750000437737
240,56,100725,5,0,0:0:0:0:
96,128,100897,1,0,0:0:0:0:
224,184,101069,2,0,P|256:136|264:72,1,114.750000437737
160,96,101414,5,0,0:0:0:0:
280,280,101587,1,0,0:0:0:0:
336,144,101759,2,0,P|344:88|336:24,1,114.750000437737
128,208,102104,6,0,B|144:264|144:264|184:304,1,114.750000437737
384,176,102449,2,0,B|368:120|368:120|328:80,1,114.750000437737
72,112,102794,2,0,B|88:168|88:168|128:208,1,114.750000437737
439,271,103139,2,0,B|423:215|423:215|383:175,1,114.750000437737
176,48,103483,6,0,P|168:104|176:168,1,114.750000437737
336,336,103828,2,0,P|344:280|336:216,1,114.750000437737
174,161,104173,2,0,P|166:217|174:281,1,114.750000437737
337,222,104518,2,0,P|345:166|337:102,1,114.750000437737
168,312,104862,5,0,0:0:0:0:
240,120,105035,1,0,0:0:0:0:
296,240,105207,1,0,0:0:0:0:
120,184,105380,1,0,0:0:0:0:
338,108,105552,5,0,0:0:0:0:
240,288,105725,1,0,0:0:0:0:
184,32,105897,1,0,0:0:0:0:
344,200,106069,1,0,0:0:0:0:
80,160,106242,5,0,0:0:0:0:
328,16,106414,1,0,0:0:0:0:
240,352,106587,1,0,0:0:0:0:
96,128,106759,1,0,0:0:0:0:
368,224,106931,5,0,0:0:0:0:
104,328,107104,1,0,0:0:0:0:
272,32,107276,1,0,0:0:0:0:
360,256,107449,1,0,0:0:0:0:
80,152,107621,6,0,B|72:96|72:96|80:48,1,101.999996887207
248,240,107966,1,0,0:0:0:0:
216,32,108138,1,0,0:0:0:0:
120,288,108311,5,0,0:0:0:0:
152,96,108483,1,0,0:0:0:0:
232,264,108656,1,0,0:0:0:0:
88,184,108828,1,0,0:0:0:0:
272,104,109000,5,0,0:0:0:0:
192,336,109173,2,0,B|144:352|144:352|80:352,1,101.999996887207
160,120,109518,1,0,0:0:0:0:
248,288,109690,1,0,0:0:0:0:
120,224,109862,1,0,0:0:0:0:
312,128,110035,5,0,0:0:0:0:
248,336,110207,1,0,0:0:0:0:
176,184,110380,2,0,P|192:136|224:96,1,101.999996887207
384,288,110725,5,0,0:0:0:0:
344,56,110897,1,0,0:0:0:0:
248,336,111069,5,0,0:0:0:0:
264,176,111242,1,0,0:0:0:0:
344,368,111414,1,0,0:0:0:0:
192,256,111587,1,0,0:0:0:0:
416,168,111759,5,0,0:0:0:0:
368,352,111931,2,0,B|320:368|320:368|256:368,1,101.999996887207
192,96,112276,1,0,0:0:0:0:
304,288,112449,5,0,0:0:0:0:
376,24,112621,1,0,0:0:0:0:
304,264,112794,5,0,0:0:0:0:
248,64,112966,1,0,0:0:0:0:
432,208,113138,6,0,P|440:264|432:320,1,101.999996887207
240,120,113483,1,0,0:0:0:0:
296,360,113656,1,0,0:0:0:0:
400,184,113828,1,0,0:0:0:0:
184,248,114000,1,0,0:0:0:0:
328,360,114173,1,0,0:0:0:0:
296,72,114345,1,0,0:0:0:0:
152,272,114518,5,0,0:0:0:0:
328,224,114690,2,0,B|368:184|368:184|384:136,1,101.999996887207
216,48,115035,5,0,0:0:0:0:
152,336,115207,1,0,0:0:0:0:
248,112,115380,5,0,0:0:0:0:
272,360,115552,1,0,0:0:0:0:
112,144,115725,1,0,0:0:0:0:
288,192,115897,2,0,P|312:240|312:296,1,101.999996887207
96,344,116242,5,0,0:0:0:0:
176,104,116414,1,0,0:0:0:0:
232,256,116587,1,0,0:0:0:0:
104,176,116759,1,0,0:0:0:0:
312,80,116931,1,0,0:0:0:0:
240,336,117103,1,0,0:0:0:0:
160,168,117275,5,0,0:0:0:0:
368,232,117449,2,0,B|384:280|384:280|384:344,1,101.999996887207
144,376,117794,1,0,0:0:0:0:
248,80,117966,1,0,0:0:0:0:
304,296,118138,1,0,0:0:0:0:
80,160,118311,1,0,0:0:0:0:
384,40,118483,1,0,0:0:0:0:
248,360,118656,6,0,P|192:368|144:360,1,101.999996887207
320,160,119000,2,0,P|376:152|424:160,1,101.999996887207
200,288,119345,1,0,0:0:0:0:
144,128,119690,5,0,0:0:0:0:
144,128,119862,2,0,P|152:72|184:24,1,101.999996887207
287,267,120207,1,0,0:0:0:0:
287,267,120379,2,0,P|279:323|247:371,1,101.999996887207
232,104,120725,1,0,0:0:0:0:
264,360,121414,6,0,P|320:368|368:360,1,101.999996887207
192,160,121758,2,0,P|136:152|88:160,1,101.999996887207
312,288,122103,1,0,0:0:0:0:
368,128,122448,5,0,0:0:0:0:
368,128,122620,2,0,P|360:72|328:24,1,101.999996887207
225,267,122965,1,0,0:0:0:0:
225,267,123137,2,0,P|233:323|265:371,1,101.999996887207
280,104,123483,1,0,0:0:0:0:
306,288,123828,1,0,0:0:0:0:
424,184,124173,6,0,P|432:128|424:80,1,101.999996887207
224,256,124517,2,0,P|216:312|223:360,1,101.999996887207
352,136,124862,1,0,0:0:0:0:
192,80,125207,5,0,0:0:0:0:
192,80,125379,2,0,P|136:88|88:120,1,101.999996887207
331,222,125724,1,0,0:0:0:0:
331,222,125896,2,0,P|387:215|435:183,1,101.999996887207
168,168,126242,5,0,0:0:0:0:
168,168,126414,1,0,0:0:0:0:
352,136,126587,1,0,0:0:0:0:
352,136,126759,1,0,0:0:0:0:
122,86,126931,6,0,P|82:166|114:246,1,170
174,322,127449,2,0,P|214:242|182:162,1,170
122,86,127966,1,0,0:0:0:0:
352,160,139345,5,0,0:0:0:0:
160,176,139518,1,0,0:0:0:0:
160,192,139862,5,0,0:0:0:0:
352,176,140035,1,0,0:0:0:0:
352,192,140380,5,0,0:0:0:0:
160,208,140552,1,0,0:0:0:0:
160,224,140897,5,0,0:0:0:0:
352,208,141069,2,0,P|392:184|424:136,1,85
504,208,141414,2,0,P|515:162|504:106,1,85
312,72,141759,2,0,P|304:136|328:80,1,170
264,320,142449,5,0,0:0:0:0:
224,192,142621,1,0,0:0:0:0:
328,272,142794,2,0,P|344:320|328:376,1,85
148,223,143138,5,0,0:0:0:0:
148,223,143311,2,0,P|144:181|159:141,1,85
264,168,143656,2,0,P|267:126|252:86,1,85
152,120,144000,2,0,P|148:78|163:38,1,85
264,8,144345,2,0,L|272:40,4,21.25
376,120,144862,5,0,0:0:0:0:
376,120,145035,2,0,P|384:168|376:208,1,85
479,222,145380,1,0,0:0:0:0:
479,222,145553,2,0,P|450:261|416:284,1,85
480,368,145897,1,0,0:0:0:0:
480,368,146070,2,0,P|432:376|392:368,1,85
288,288,146414,6,0,P|240:280|200:288,1,85
112,368,146759,2,0,P|64:376|24:368,1,85
72,256,147104,2,0,P|104:224|48:248,1,170
212,206,147621,5,0,0:0:0:0:
204,190,147707,1,0,0:0:0:0:
196,174,147794,2,0,L|196:118,1,42.5
292,270,147966,1,0,0:0:0:0:
300,254,148052,1,0,0:0:0:0:
308,238,148139,2,0,L|308:182,1,42.5
220,318,148311,5,0,0:0:0:0:
212,302,148397,1,0,0:0:0:0:
204,286,148484,2,0,L|204:230,1,42.5
300,382,148656,1,0,0:0:0:0:
308,366,148742,1,0,0:0:0:0:
316,350,148829,2,0,L|316:294,1,42.5
444,302,149000,5,0,0:0:0:0:
436,286,149087,1,0,0:0:0:0:
428,270,149173,1,0,0:0:0:0:
420,254,149259,1,0,0:0:0:0:
412,238,149345,1,0,0:0:0:0:
404,222,149431,1,0,0:0:0:0:
396,206,149518,1,0,0:0:0:0:
388,190,149604,1,0,0:0:0:0:
380,174,149690,6,0,L|356:126,1,42.5
252,46,149862,2,0,L|236:86,1,42.5
332,230,150035,2,0,L|308:182,1,42.5
204,102,150207,2,0,L|188:142,1,42.5
292,290,150380,6,0,B|296:360|296:360|264:336|224:336|184:352|161:367|161:367|109:374|74:348|58:310|73:261|98:232|162:231|185:271,1,476
260,201,153138,6,0,B|276:153|276:153|220:197|220:197|188:169|126:152|58:158|22:198|-4:241|-12:289|-4:337|12:363|12:363,1,476
125,305,155897,2,0,P|109:273|149:289,1,102
192,368,156587,1,0,0:0:0:0:
192,368,157276,6,0,P|224:312|224:240,1,136
120,248,157794,2,0,P|125:208|160:168,1,68
232,152,158138,2,0,P|256:120|224:144,1,101.999996887207
304,240,158656,5,0,0:0:0:0:
256,192,158828,12,0,160035,0:0:0:0:
304,240,161414,5,0,0:0:0:0:
208,72,161587,1,0,0:0:0:0:
152,320,161759,1,0,0:0:0:0:
336,208,161931,1,0,0:0:0:0:
88,136,162104,5,0,0:0:0:0:
184,376,162276,1,0,0:0:0:0:
280,128,162448,1,0,0:0:0:0:
184,344,162621,1,0,0:0:0:0:
136,120,162794,5,0,0:0:0:0:
264,248,162966,1,0,0:0:0:0:
40,288,163138,1,0,0:0:0:0:
176,64,163311,2,0,B|208:40|272:88|304:64,1,127.500004863739
472,256,163656,2,0,B|512:200|512:200|512:128,1,127.500004863739
299,66,164000,1,0,0:0:0:0:
376,312,164173,6,0,B|384:336|384:336|408:280|408:224,1,127.500004863739
272,56,164518,1,0,0:0:0:0:
152,336,164690,1,0,0:0:0:0:
328,248,164862,1,0,0:0:0:0:
120,144,165035,5,0,0:0:0:0:
176,360,165207,1,0,0:0:0:0:
272,112,165380,1,0,0:0:0:0:
24,288,165552,5,0,0:0:0:0:
320,360,165725,1,0,0:0:0:0:
200,72,165897,2,0,B|140:57|140:57|72:56,1,127.500004863739
192,344,166242,2,0,B|252:359|252:359|320:360,1,127.500004863739
488,104,166587,2,0,B|428:89|428:89|360:88,1,127.500004863739
112,320,166931,5,0,0:0:0:0:
208,32,167104,1,0,0:0:0:0:
328,368,167276,1,0,0:0:0:0:
120,208,167449,1,0,0:0:0:0:
416,112,167621,5,0,0:0:0:0:
288,352,167794,1,0,0:0:0:0:
256,64,167966,1,0,0:0:0:0:
440,296,168138,1,0,0:0:0:0:
120,248,168311,5,0,0:0:0:0:
376,72,168483,1,0,0:0:0:0:
328,368,168656,1,0,0:0:0:0:
160,72,168828,1,0,0:0:0:0:
360,216,169000,5,0,0:0:0:0:
32,328,169173,1,0,0:0:0:0:
112,72,169345,1,0,0:0:0:0:
232,384,169518,1,0,0:0:0:0:
32,192,169690,5,0,0:0:0:0:
384,144,169862,1,0,0:0:0:0:
136,320,170035,1,0,0:0:0:0:
200,32,170207,5,0,0:0:0:0:
352,312,170380,1,0,0:0:0:0:
112,136,170552,1,0,0:0:0:0:
464,64,170725,5,0,0:0:0:0:
288,368,170897,1,0,0:0:0:0:
272,24,171069,5,0,0:0:0:0:
80,352,171242,1,0,0:0:0:0:
352,208,171414,1,0,0:0:0:0:
128,96,171587,1,0,0:0:0:0:
224,384,171759,5,0,0:0:0:0:
288,120,171931,1,0,0:0:0:0:
144,256,172104,1,0,0:0:0:0:
400,360,172276,1,0,0:0:0:0:
349,59,172449,6,0,P|309:42|230:53,1,118.999996368408
80,344,172794,5,0,0:0:0:0:
344,208,172966,1,0,0:0:0:0:
128,128,173138,1,0,0:0:0:0:
248,384,173311,1,0,0:0:0:0:
352,176,173483,2,0,B|360:112|360:112|352:56,1,118.999996368408
80,264,173828,5,0,0:0:0:0:
80,264,174000,2,0,P|48:232|88:256,1,118.999996368408
320,384,174345,1,0,0:0:0:0:
352,64,174518,1,0,0:0:0:0:
192,272,174690,1,0,0:0:0:0:
448,208,174862,1,0,0:0:0:0:
144,80,175035,1,0,0:0:0:0:
224,352,175207,6,0,B|232:376|232:376|272:344|320:344,1,118.999996368408
384,88,175552,1,0,0:0:0:0:
472,368,175725,1,0,0:0:0:0:
224,176,175897,1,0,0:0:0:0:
504,128,176069,1,0,0:0:0:0:
336,360,176242,1,0,0:0:0:0:
288,96,176414,1,0,0:0:0:0:
480,224,176587,5,0,0:0:0:0:
480,224,176759,2,0,B|488:288|488:288|480:344,1,118.999996368408
224,200,177104,1,0,0:0:0:0:
400,136,177276,1,0,0:0:0:0:
312,368,177449,1,0,0:0:0:0:
200,96,177621,1,0,0:0:0:0:
344,256,177794,1,0,0:0:0:0:
144,312,177966,6,0,B|128:304|128:304|144:256|128:200,1,118.999996368408
272,24,178311,1,0,0:0:0:0:
352,312,178483,1,0,0:0:0:0:
152,176,178656,1,0,0:0:0:0:
408,128,178828,1,0,0:0:0:0:
224,368,179000,1,0,0:0:0:0:
152,72,179173,1,0,0:0:0:0:
330,195,179345,5,0,0:0:0:0:
330,195,179518,2,0,L|354:323,1,118.999996368408
96,192,179862,1,0,0:0:0:0:
96,192,180035,2,0,L|120:64,1,118.999996368408
240,304,180380,1,0,0:0:0:0:
344,72,180552,1,0,0:0:0:0:
144,248,180725,6,0,P|128:312|144:368,1,118.999996368408
344,184,181069,1,0,0:0:0:0:
112,88,181242,1,0,0:0:0:0:
248,312,181414,1,0,0:0:0:0:
344,96,181587,1,0,0:0:0:0:
232,264,181759,1,0,0:0:0:0:
176,40,181931,1,0,0:0:0:0:
384,248,182104,5,0,0:0:0:0:
64,232,182276,1,0,0:0:0:0:
272,88,182449,1,0,0:0:0:0:
224,384,182621,1,0,0:0:0:0:
88,168,182794,5,0,0:0:0:0:
352,248,182966,1,0,0:0:0:0:
136,344,183138,1,0,0:0:0:0:
208,88,183311,1,0,0:0:0:0:
352,352,183483,5,0,0:0:0:0:
224,256,183656,1,0,0:0:0:0:
400,200,183828,1,0,0:0:0:0:
320,352,184001,5,0,0:0:0:0:
272,136,184173,1,0,0:0:0:0:
440,304,184345,1,0,0:0:0:0:
200,272,184518,5,0,0:0:0:0:
432,112,184690,1,0,0:0:0:0:
432,112,184776,1,0,0:0:0:0:
432,112,184862,1,0,0:0:0:0:
376,368,185035,1,0,0:0:0:0:
304,128,185207,5,0,0:0:0:0:
256,376,185380,1,0,0:0:0:0:
424,208,185552,1,0,0:0:0:0:
192,160,185725,1,0,0:0:0:0:
256,328,185897,5,0,0:0:0:0:
336,88,186069,1,0,0:0:0:0:
104,264,186242,1,0,0:0:0:0:
