osu file format v14

[General]
AudioFilename: audio.mp3
AudioLeadIn: 0
PreviewTime: 19219
Countdown: 0
SampleSet: Soft
StackLeniency: 1
Mode: 0
LetterboxInBreaks: 0
WidescreenStoryboard: 1

[Editor]
DistanceSpacing: 0.8
BeatDivisor: 4
GridSize: 16
TimelineZoom: 0.9

[Metadata]
Title:Heart 111
TitleUnicode:ハート111
Artist:Yuri
ArtistUnicode:ゆーり
Creator:Shushhs
Version:Hard
Source:
Tags:Japanese ゆーり Heart111
BeatmapID:4607812
BeatmapSetID:2180675

[Difficulty]
HPDrainRate:4
CircleSize:3
OverallDifficulty:3
ApproachRate:7
SliderMultiplier:1.4
SliderTickRate:1

[Events]
//Background and Video events
0,0,"Heart111.png",0,0
Video,0,"Heart 111 - Yuri.mp4"
//Break Periods
2,48256,60528
//Storyboard Layer 0 (Background)
//Storyboard Layer 1 (Fail)
//Storyboard Layer 2 (Pass)
//Storyboard Layer 3 (Foreground)
//Storyboard Layer 4 (Overlay)
//Storyboard Sound Samples

[TimingPoints]
615,465.116279069767,4,2,0,60,1,0


[Colours]
Combo1 : 217,217,217
Combo2 : 255,57,57

[HitObjects]
80,64,615,6,0,L|128:64,2,35
80,144,1104,2,0,L|128:144,2,35
224,144,1564,2,0,L|288:144,2,35
224,64,2024,2,0,L|272:64,2,35
144,48,2475,1,0,0:0:0:0:
208,48,2940,1,0,0:0:0:0:
256,48,3405,1,0,0:0:0:0:
320,48,3870,1,0,0:0:0:0:
160,192,4801,6,0,L|80:192,2,70
256,192,5731,1,0,0:0:0:0:
256,192,5962,1,0,0:0:0:0:
256,192,6192,1,0,0:0:0:0:
352,192,6661,2,0,L|448:192,2,70
256,192,7591,1,0,0:0:0:0:
256,192,7822,1,0,0:0:0:0:
256,192,8052,1,0,0:0:0:0:
256,144,8521,2,0,L|256:48,2,70
256,192,9456,1,0,0:0:0:0:
256,192,9687,1,0,0:0:0:0:
256,192,9918,1,0,0:0:0:0:
208,192,10379,1,0,0:0:0:0:
304,192,10841,1,0,0:0:0:0:
208,128,12242,6,0,L|144:80,2,70
272,192,13173,1,0,0:0:0:0:
272,192,13404,1,0,0:0:0:0:
272,192,13635,1,0,0:0:0:0:
304,256,14103,2,0,L|368:304,2,70
240,192,15033,1,0,0:0:0:0:
240,192,15263,1,0,0:0:0:0:
240,192,15494,1,0,0:0:0:0:
80,192,15963,1,0,0:0:0:0:
160,192,16196,1,0,0:0:0:0:
240,192,16428,1,0,0:0:0:0:
320,192,16894,1,0,0:0:0:0:
368,192,17126,1,0,0:0:0:0:
416,192,17359,1,0,0:0:0:0:
208,64,17824,2,0,L|208:144,1,78.75
304,64,18289,2,0,L|304:144,1,78.75
256,192,18754,1,0,0:0:0:0:
256,32,19684,6,0,L|256:112,1,70
256,192,20149,6,0,L|256:272,1,70
256,192,20615,2,0,L|260:116,1,70
96,192,21080,2,0,L|176:192,1,70
256,192,21545,1,0,0:0:0:0:
336,192,21777,2,0,L|416:192,2,70
256,270,23405,6,0,L|256:192,1,70
256,111,23870,2,0,L|256:32,1,70
176,31,24335,2,0,L|176:112,1,70
176,191,24801,1,0,0:0:0:0:
256,191,25033,1,0,0:0:0:0:
336,191,25266,1,0,0:0:0:0:
400,192,25498,2,0,L|480:191,2,70
256,224,27126,6,0,L|256:320,1,70
352,224,27591,2,0,L|352:304,1,70
448,304,28056,2,0,L|448:224,1,70
448,128,28521,1,0,0:0:0:0:
368,128,28754,1,0,0:0:0:0:
288,128,28987,1,0,0:0:0:0:
208,128,29219,2,0,L|128:128,2,70
128,192,30847,6,0,L|208:192,1,70
384,192,31312,2,0,L|304:192,1,70
256,64,31777,2,0,L|256:144,1,70
192,192,32242,1,0,0:0:0:0:
256,256,32475,1,0,0:0:0:0:
320,192,32708,1,0,0:0:0:0:
256,128,32940,1,0,0:0:0:0:
256,192,33173,1,0,0:0:0:0:
112,96,34568,6,0,L|192:96,1,70
256,96,35033,1,0,0:0:0:0:
256,192,35266,1,0,0:0:0:0:
176,192,35498,2,0,L|96:192,1,70
112,112,35963,1,0,0:0:0:0:
192,112,36196,1,0,0:0:0:0:
272,112,36428,1,0,0:0:0:0:
272,192,36661,1,0,0:0:0:0:
192,192,36894,1,0,0:0:0:0:
192,112,37126,1,0,0:0:0:0:
256,192,38289,5,0,0:0:0:0:
176,176,38521,1,0,0:0:0:0:
256,112,38754,1,0,0:0:0:0:
336,176,38987,1,0,0:0:0:0:
256,272,39219,1,0,0:0:0:0:
256,192,39452,1,0,0:0:0:0:
160,80,39684,2,0,L|208:144,1,70
352,80,40149,2,0,L|304:144,1,70
256,256,40610,1,0,0:0:0:0:
256,176,40847,2,0,L|256:80,1,70
160,192,42010,5,0,0:0:0:0:
256,192,42242,1,0,0:0:0:0:
416,192,42475,2,0,L|336:192,1,70
256,192,42940,1,0,0:0:0:0:
160,192,43173,1,0,0:0:0:0:
192,80,43405,1,0,0:0:0:0:
256,128,43638,2,0,L|320:176,1,70
400,256,44103,1,0,0:0:0:0:
320,256,44335,2,0,L|240:256,1,70
176,176,45731,6,0,L|176:96,1,70
256,96,46196,2,0,L|256:176,1,70
336,176,46661,2,0,L|336:96,1,70
256,32,47126,1,0,0:0:0:0:
256,112,47359,1,0,0:0:0:0:
256,192,47591,1,0,0:0:0:0:
256,256,47824,1,0,0:0:0:0:
256,336,48056,1,0,0:0:0:0:
256,192,61428,12,0,62928,0:0:0:0:
256,192,63405,5,0,0:0:0:0:
144,96,64335,1,0,0:0:0:0:
144,208,64568,1,0,0:0:0:0:
224,96,64801,1,0,0:0:0:0:
224,208,65033,1,0,0:0:0:0:
304,96,65266,1,0,0:0:0:0:
304,208,65498,1,0,0:0:0:0:
384,208,65731,2,0,L|384:128,1,70
304,128,66196,2,0,L|224:128,1,70
144,128,66661,2,0,L|144:208,1,70
64,288,68056,5,0,0:0:0:0:
176,288,68289,1,0,0:0:0:0:
64,208,68521,1,0,0:0:0:0:
176,208,68754,1,0,0:0:0:0:
64,128,68987,1,0,0:0:0:0:
176,128,69219,1,0,0:0:0:0:
256,192,69452,2,0,L|180:196,1,70
32,192,69917,2,0,L|112:192,1,70
256,192,70382,1,0,0:0:0:0:
256,112,70614,2,0,L|256:32,1,70
336,288,71777,5,0,0:0:0:0:
432,208,72010,1,0,0:0:0:0:
288,224,72242,1,0,0:0:0:0:
384,144,72475,1,0,0:0:0:0:
240,160,72708,1,0,0:0:0:0:
336,80,72940,1,0,0:0:0:0:
256,192,73173,1,0,0:0:0:0:
160,192,73405,1,0,0:0:0:0:
160,112,73638,1,0,0:0:0:0:
256,112,73870,1,0,0:0:0:0:
256,192,74103,2,0,L|256:272,1,70
208,144,75498,6,0,L|208:224,1,70
304,224,75963,2,0,L|304:144,1,70
288,80,76428,2,0,L|208:80,1,70
256,144,76894,2,0,L|256:224,1,70
256,144,77359,2,0,L|256:224,1,70
256,304,77824,1,0,0:0:0:0:
256,192,78754,5,0,0:0:0:0:
192,192,79219,1,0,0:0:0:0:
320,192,79452,1,0,0:0:0:0:
256,192,79684,1,0,0:0:0:0:
176,192,80149,1,0,0:0:0:0:
176,112,80382,1,0,0:0:0:0:
256,112,80614,1,0,0:0:0:0:
336,112,80847,2,0,L|336:192,1,70
336,272,81312,2,0,L|256:272,1,70
256,192,82010,1,0,0:0:0:0:
256,192,82242,1,0,0:0:0:0:
256,192,82475,1,0,0:0:0:0:
192,192,82940,1,0,0:0:0:0:
320,192,83173,1,0,0:0:0:0:
256,192,83405,1,0,0:0:0:0:
176,112,83870,1,0,0:0:0:0:
256,112,84103,2,0,L|256:176,1,35
336,112,84335,1,0,0:0:0:0:
336,256,84568,1,0,0:0:0:0:
256,256,84801,2,0,L|176:256,2,70
336,256,85495,1,0,0:0:0:0:
208,192,86661,5,0,0:0:0:0:
256,256,86894,1,0,0:0:0:0:
304,192,87126,1,0,0:0:0:0:
144,192,87591,1,0,0:0:0:0:
208,192,87824,1,0,0:0:0:0:
256,192,88056,1,0,0:0:0:0:
304,192,88289,1,0,0:0:0:0:
368,192,88521,1,0,0:0:0:0:
448,192,88754,2,0,L|368:192,1,70
256,192,89452,1,0,0:0:0:0:
256,128,89684,1,0,0:0:0:0:
256,64,89917,1,0,0:0:0:0:
432,48,90382,1,0,0:0:0:0:
384,112,90614,1,0,0:0:0:0:
336,176,90847,1,0,0:0:0:0:
256,192,91312,1,0,0:0:0:0:
192,192,91545,2,0,L|144:192,1,35
96,192,91777,1,0,0:0:0:0:
32,192,92010,1,0,0:0:0:0:
16,112,92242,2,0,L|96:112,1,70
176,112,92708,1,0,0:0:0:0:
240,112,92940,1,0,0:0:0:0:
304,112,93173,1,0,0:0:0:0:
192,192,94103,5,0,0:0:0:0:
256,240,94335,1,0,0:0:0:0:
320,192,94568,1,0,0:0:0:0:
256,128,94801,1,0,0:0:0:0:
192,192,95033,1,0,0:0:0:0:
256,240,95266,1,0,0:0:0:0:
144,192,95498,2,0,L|224:192,1,70
368,192,95963,2,0,L|288:192,1,70
222,192,96428,2,0,L|128:192,1,70
208,80,97824,5,0,0:0:0:0:
288,128,98056,1,0,0:0:0:0:
208,176,98289,1,0,0:0:0:0:
288,224,98521,1,0,0:0:0:0:
208,288,98754,2,0,L|208:208,1,70
128,192,99219,1,0,0:0:0:0:
208,192,99452,1,0,0:0:0:0:
288,192,99684,1,0,0:0:0:0:
368,192,99917,1,0,0:0:0:0:
368,112,100149,2,0,L|288:112,1,70
96,80,101545,6,0,L|96:160,1,70
96,240,102010,2,0,L|96:320,1,70
176,320,102475,2,0,L|176:240,1,70
176,160,102940,1,0,0:0:0:0:
256,160,103173,1,0,0:0:0:0:
336,160,103405,1,0,0:0:0:0:
480,160,103638,2,0,L|400:160,2,70
208,272,105266,5,0,0:0:0:0:
304,272,105498,1,0,0:0:0:0:
304,192,105731,1,0,0:0:0:0:
208,192,105963,1,0,0:0:0:0:
208,112,106196,1,0,0:0:0:0:
304,112,106428,1,0,0:0:0:0:
256,48,106661,2,0,L|256:128,1,70
256,192,107126,2,0,L|256:272,1,70
256,144,107591,1,0,0:0:0:0:
