osu file format v14

[General]
AudioFilename: audio.mp3
AudioLeadIn: 0
PreviewTime: -1
Countdown: 0
SampleSet: Normal
StackLeniency: 0.7
Mode: 0
LetterboxInBreaks: 0
WidescreenStoryboard: 1

[Editor]
DistanceSpacing: 0.7
BeatDivisor: 8
GridSize: 4
TimelineZoom: 1

[Metadata]
Title:MOVE YO BODY
TitleUnicode:MOVE YO BODY
Artist:Bryansanon
ArtistUnicode:Bryansanon
Creator:BPM Knify
Version:Hard
Source:
Tags:
BeatmapID:4459971
BeatmapSetID:2122118

[Difficulty]
HPDrainRate:5
CircleSize:4
OverallDifficulty:5
ApproachRate:9
SliderMultiplier:1.4
SliderTickRate:1

[Events]
//Background and Video events
0,0,"podrugi_devushki_zhesty_213471_1920x1080.jpg",0,0
//Break Periods
//Storyboard Layer 0 (Background)
//Storyboard Layer 1 (Fail)
//Storyboard Layer 2 (Pass)
//Storyboard Layer 3 (Foreground)
//Storyboard Layer 4 (Overlay)
//Storyboard Sound Samples

[TimingPoints]
2001.1367841739,413.793103448276,4,1,0,100,1,0
41518,-133.333333333333,4,1,0,100,0,0
42035,-200,4,1,0,100,0,0
43121,-100,4,1,0,100,0,0
45966,-133.333333333333,4,1,0,100,0,0
46328,-100,4,1,0,100,0,0


[HitObjects]
89,161,2003,5,0,0:0:0:0:
181,119,2828,1,0,0:0:0:0:
188,131,3656,1,0,0:0:0:0:
308,130,4483,5,0,0:0:0:0:
113,197,5311,1,0,0:0:0:0:
251,226,6139,1,0,0:0:0:0:
76,129,6501,5,0,0:0:0:0:
166,98,6733,1,0,0:0:0:0:
244,136,6992,1,0,0:0:0:0:
216,113,7380,5,0,0:0:0:0:
216,113,7794,1,0,0:0:0:0:
115,261,8208,5,0,0:0:0:0:
359,116,8621,1,0,0:0:0:0:
97,83,9035,1,0,0:0:0:0:
87,215,10276,5,0,0:0:0:0:
126,87,10690,1,0,0:0:0:0:
233,189,11001,6,0,L|258:158,1,35
79,86,11518,5,0,0:0:0:0:
86,100,11932,5,0,0:0:0:0:
252,46,12345,1,0,0:0:0:0:
200,202,12759,1,0,0:0:0:0:
422,232,13173,5,0,0:0:0:0:
361,56,13587,1,0,0:0:0:0:
177,68,14001,1,0,0:0:0:0:
237,260,14414,1,0,0:0:0:0:
116,103,14828,6,0,L|239:103,1,105
300,113,15449,2,0,L|332:162,1,35
284,222,15759,1,0,0:0:0:0:
179,197,16173,6,0,L|148:92,1,105
186,175,16897,1,0,0:0:0:0:
283,173,17208,6,0,P|213:257|213:258,1,105
165,152,18139,5,0,0:0:0:0:
231,212,18345,1,0,0:0:0:0:
288,142,18552,1,0,0:0:0:0:
225,93,18759,6,0,P|119:113|114:110,1,105
265,141,19380,5,0,0:0:0:0:
192,89,19587,1,0,0:0:0:0:
119,158,19794,1,0,0:0:0:0:
125,237,20001,6,0,P|206:247|222:235,1,105
131,147,20621,5,0,0:0:0:0:
212,214,20828,1,0,0:0:0:0:
196,86,21035,1,0,0:0:0:0:
63,108,21449,5,0,0:0:0:0:
247,205,21863,1,0,0:0:0:0:
287,108,22276,5,0,0:0:0:0:
136,216,22483,1,0,0:0:0:0:
157,88,22690,1,0,0:0:0:0:
209,247,23104,5,0,0:0:0:0:
281,167,23311,1,0,0:0:0:0:
150,124,23518,1,0,0:0:0:0:
101,196,23932,1,0,0:0:0:0:
233,141,24345,1,0,0:0:0:0:
292,240,24759,6,0,B|353:241|376:191|376:192,6,70
137,116,26414,6,0,B|163:57|218:72|218:72,6,70
349,127,28276,6,0,B|336:95|300:82|295:84,6,70
163,252,30035,6,0,B|113:217|144:170|144:170,6,70
163,252,31483,5,0,0:0:0:0:
82,282,31794,5,0,0:0:0:0:
126,164,32001,1,0,0:0:0:0:
184,285,32208,1,0,0:0:0:0:
63,210,32414,1,0,0:0:0:0:
184,204,32621,1,0,0:0:0:0:
85,285,32828,1,0,0:0:0:0:
322,181,33449,5,0,0:0:0:0:
366,63,33656,1,0,0:0:0:0:
424,184,33863,1,0,0:0:0:0:
303,109,34069,1,0,0:0:0:0:
424,103,34276,1,0,0:0:0:0:
325,184,34483,1,0,0:0:0:0:
325,184,34690,6,0,L|324:149,1,35
268,212,35104,5,0,0:0:0:0:
220,94,35311,1,0,0:0:0:0:
162,213,35518,1,0,0:0:0:0:
271,146,35724,1,0,0:0:0:0:
162,143,35931,1,0,0:0:0:0:
271,213,36138,1,0,0:0:0:0:
271,213,36345,2,0,L|271:177,1,35
96,230,36759,5,0,0:0:0:0:
69,151,37173,6,0,L|119:95,3,70
115,98,38001,1,0,0:0:0:0:
121,240,38414,5,0,0:0:0:0:
121,95,38828,1,0,0:0:0:0:
122,160,39242,1,0,0:0:0:0:
171,202,39449,1,0,0:0:0:0:
213,152,39656,1,0,0:0:0:0:
211,151,40070,1,0,0:0:0:0:
55,137,40483,5,0,0:0:0:0:
100,82,40690,1,0,0:0:0:0:
159,49,40897,1,0,0:0:0:0:
73,82,41311,5,0,0:0:0:0:
73,82,41518,2,0,L|73:143,2,52.5
72,258,42139,5,0,0:0:0:0:
121,192,42345,1,0,0:0:0:0:
226,254,42552,1,0,0:0:0:0:
226,254,42759,2,0,L|226:212,1,35
134,183,43380,5,0,0:0:0:0:
185,65,43587,1,0,0:0:0:0:
235,178,43794,1,0,0:0:0:0:
116,115,44001,1,0,0:0:0:0:
231,115,44208,1,0,0:0:0:0:
172,145,44414,5,0,0:0:0:0:
209,90,44621,1,0,0:0:0:0:
228,146,44828,1,0,0:0:0:0:
206,134,45035,1,0,0:0:0:0:
136,130,45294,5,0,0:0:0:0:
242,221,45397,1,0,0:0:0:0:
345,203,45604,1,0,0:0:0:0:
349,101,45863,1,0,0:0:0:0:
349,101,46070,6,0,L|350:145,1,35
89,107,46690,5,0,0:0:0:0:
297,106,47104,1,0,0:0:0:0:
92,244,47518,1,0,0:0:0:0:
287,243,47932,1,0,0:0:0:0:
292,98,48345,5,0,0:0:0:0:
93,242,48759,1,0,0:0:0:0:
284,239,49173,1,0,0:0:0:0:
90,105,49587,1,0,0:0:0:0:
60,78,50001,6,0,L|61:219,1,140
60,217,50828,1,0,0:0:0:0:
84,181,51035,1,0,0:0:0:0:
113,219,51242,1,0,0:0:0:0:
