osu file format v14

[General]
AudioFilename: audio.mp3
AudioLeadIn: 0
PreviewTime: 33562
Countdown: 0
SampleSet: Soft
StackLeniency: 0.3
Mode: 0
LetterboxInBreaks: 0
WidescreenStoryboard: 1

[Editor]
DistanceSpacing: 0.9
BeatDivisor: 2
GridSize: 4
TimelineZoom: 1

[Metadata]
Title:Doktorspiele (Nightcore Mix)
TitleUnicode:Doktorspiele (Nightcore Mix)
Artist:Alex C. feat. Yass
ArtistUnicode:Alex C. feat. Yass
Creator:P A N
Version:Normal
Source:
Tags:Christensen Trance Electro Hands Up Eurodance Euphorie german electronic dance music edm nightcore nc trance techno p_a_n doctor deutsch
BeatmapID:4361315
BeatmapSetID:2080781

[Difficulty]
HPDrainRate:2.5
CircleSize:3
OverallDifficulty:5.5
ApproachRate:6
SliderMultiplier:1.1
SliderTickRate:1

[Events]
//Background and Video events
0,0,"wallpaperflare.com_wallpaper.jpg",0,0
//Break Periods
2,35251,36786
2,64502,66038
2,128376,131505
//Storyboard Layer 0 (Background)
//Storyboard Layer 1 (Fail)
//Storyboard Layer 2 (Pass)
//Storyboard Layer 3 (Foreground)
//Storyboard Layer 4 (Overlay)
//Storyboard Sound Samples

[TimingPoints]
1621,348.229831688915,4,2,1,40,1,0
1621,-111.111111111111,4,2,1,40,0,0
12764,-111.111111111111,4,2,1,40,0,0
13199,-111.111111111111,4,2,1,5,0,0
13286,-111.111111111111,4,2,1,40,0,0
13547,-111.111111111111,4,2,1,5,0,0
13634,-111.111111111111,4,2,1,40,0,0
13896,-111.111111111111,4,2,1,5,0,0
13983,-111.111111111111,4,2,1,40,0,0
14244,-111.111111111111,4,2,1,5,0,0
14331,-111.111111111111,4,2,1,40,0,0
14592,-111.111111111111,4,2,1,5,0,0
14679,-111.111111111111,4,2,1,40,0,0
15811,-111.111111111111,4,2,1,5,0,0
15898,-111.111111111111,4,2,1,40,0,0
16333,-111.111111111111,4,2,1,5,0,0
16420,-111.111111111111,4,2,1,40,0,0
16681,-111.111111111111,4,2,1,5,0,0
16768,-111.111111111111,4,2,1,40,0,0
17030,-111.111111111111,4,2,1,5,0,0
17117,-111.111111111111,4,2,1,40,0,0
17378,-111.111111111111,4,2,1,5,0,0
17465,-111.111111111111,4,2,1,40,0,0
18771,-111.111111111111,4,2,1,5,0,0
18858,-111.111111111111,4,2,1,40,0,0
19119,-111.111111111111,4,2,1,5,0,0
19206,-111.111111111111,4,2,1,40,0,0
19467,-111.111111111111,4,2,1,5,0,0
19554,-111.111111111111,4,2,1,40,0,0
19816,-111.111111111111,4,2,1,5,0,0
19903,-111.111111111111,4,2,1,40,0,0
20164,-111.111111111111,4,2,1,5,0,0
20251,-111.111111111111,4,2,1,40,0,0
21557,-111.111111111111,4,2,1,5,0,0
21644,-111.111111111111,4,2,1,40,0,0
21905,-111.111111111111,4,2,1,5,0,0
21992,-111.111111111111,4,2,1,40,0,0
22253,-111.111111111111,4,2,1,5,0,0
22340,-111.111111111111,4,2,1,40,0,0
22601,-111.111111111111,4,2,1,5,0,0
22688,-111.111111111111,4,2,1,40,0,0
22950,-111.111111111111,4,2,1,5,0,0
23037,-111.111111111111,4,2,1,40,0,0
23907,-100,4,1,1,50,0,0
29479,-100,4,1,1,60,0,0
35921,-100,4,1,1,60,0,0
36182,-100,4,1,1,5,0,0
36269,-100,4,1,1,60,0,0
36531,-100,4,1,1,5,0,0
36618,-100,4,1,1,60,0,0
37227,-100,4,1,1,5,0,0
37314,-100,4,1,1,40,0,0
37836,-100,4,1,1,70,0,0
48980,-100,4,1,1,60,0,0
67088,-100,4,1,1,60,0,0
78231,-100,4,1,1,50,0,0
83803,-100,4,1,1,60,0,0
88504,-100,4,1,1,40,0,0
89374,-100,4,1,1,60,0,0
101911,-100,4,1,1,70,0,0
113054,-100,4,1,1,60,0,0
124197,-100,4,1,1,40,0,0
124633,-100,4,2,1,5,0,0
124720,-100,4,2,1,40,0,0
124981,-100,4,2,1,5,0,0
125068,-100,4,2,1,40,0,0
125329,-100,4,2,1,5,0,0
125416,-100,4,2,1,40,0,0
125677,-100,4,2,1,5,0,0
125764,-100,4,2,1,40,0,0
126026,-100,4,2,1,5,0,0
126113,-100,4,2,1,40,0,0
126374,-100,4,2,1,5,0,0
126461,-100,4,2,1,40,0,0
127419,-100,4,2,1,5,0,0
127506,-100,4,2,1,40,0,0
127767,-100,4,2,1,5,0,0
127854,-100,4,2,1,40,0,0
132381,-100,4,1,1,60,0,0
137952,-100,4,1,1,60,0,0
143437,-100,4,1,1,60,0,0
143698,-100,4,1,1,70,0,1
146484,-100,4,1,1,70,0,1
149444,-100,4,1,1,70,0,1
154668,-100,4,1,1,70,0,0
154842,-100,4,1,1,70,0,1
160239,-100,4,1,1,60,0,0
160413,-100,4,1,1,60,0,0
166159,-100,4,1,1,50,0,0
171731,-100,4,2,1,50,0,0
177999,-100,4,2,1,40,0,0


[Colours]
Combo1 : 79,101,255
Combo2 : 219,219,219
Combo3 : 163,70,255
Combo4 : 164,164,164
SliderBorder : 255,90,255
SliderTrackOverride : 0,0,0

[HitObjects]
353,91,1621,6,0,L|412:95,2,49.4999984893799,2|2|2,2:2|2:2|2:2,0:0:0:0:
274,49,2317,2,0,P|262:99|279:147,1,98.9999969787599,2|0,2:2|0:0,0:0:0:0:
346,196,3013,2,0,L|405:200,2,49.4999984893799,2|2|2,2:2|2:2|2:2,0:0:0:0:
289,264,3710,1,2,2:2:0:0:
113,298,4406,6,0,P|86:300|60:291,2,49.4999984893799,2|2|2,2:2|2:2|2:2,0:0:0:0:
162,223,5103,2,0,L|156:113,1,98.9999969787599,2|0,2:2|0:0,0:0:0:0:
175,37,5799,2,0,P|143:34|118:41,2,49.4999984893799,2|2|2,2:2|2:2|2:2,0:0:0:0:
246,90,6496,1,2,2:2:0:0:
387,197,7192,6,0,L|445:192,2,49.4999984893799,2|2|2,2:2|2:2|2:2,0:0:0:0:
336,270,7889,2,0,B|298:265|298:265|275:271|275:271|221:264,1,98.9999969787599,2|0,2:2|0:0,0:0:0:0:
151,243,8585,2,0,P|147:272|153:300,2,49.4999984893799,2|2|2,2:2|2:2|2:2,0:0:0:0:
194,165,9282,1,2,2:2:0:0:
353,86,9978,6,0,L|349:32,2,49.4999984893799,2|2|2,2:2|2:2|2:2,0:0:0:0:
410,154,10674,2,0,L|398:269,1,98.9999969787599,2|0,2:2|0:0,0:0:0:0:
371,336,11371,2,0,P|397:343|424:338,2,49.4999984893799,2|2|2,2:2|2:2|2:2,0:0:0:0:
294,289,12067,1,2,2:2:0:0:
121,312,12764,5,2,2:2:0:0:
121,312,12938,2,0,P|103:267|113:208,1,98.9999969787599,2|2,2:2|2:2,0:0:0:0:
144,136,13634,1,2,2:2:0:0:
220,181,13983,2,0,P|276:193|327:174,1,98.9999969787599,2|2,2:2|2:2,0:0:0:0:
379,120,14679,1,2,2:2:0:0:
458,327,15550,6,0,B|413:343|413:343|362:334,1,98.9999969787599,2|2,2:2|2:2,0:0:0:0:
325,310,16072,2,0,L|331:199,1,98.9999969787599,2|2,2:2|2:2,0:0:0:0:
376,135,16768,2,0,P|332:119|271:139,1,98.9999969787599,2|2,2:2|2:2,0:0:0:0:
238,208,17465,1,2,2:2:0:0:
69,61,18336,5,2,2:2:0:0:
69,61,18510,2,0,L|177:50,1,98.9999969787599,2|2,2:2|2:2,0:0:0:0:
255,40,19206,1,2,2:2:0:0:
317,102,19554,2,0,P|332:151|323:202,1,98.9999969787599,2|2,2:2|2:2,0:0:0:0:
288,279,20251,1,2,2:2:0:0:
70,325,21121,5,2,2:2:0:0:
70,325,21295,2,0,P|80:280|62:218,1,98.9999969787599,2|2,2:2|2:2,0:0:0:0:
25,151,21992,1,2,2:2:0:0:
98,101,22340,2,0,B|147:91|147:91|202:102,1,98.9999969787599,2|2,2:2|2:2,0:0:0:0:
269,51,23037,1,2,2:2:0:0:
461,193,23907,5,8,0:1:0:0:
461,193,24081,1,2,0:0:0:0:
470,291,24430,2,0,P|425:332|362:334,1,110,2|2,0:0|0:0,0:0:0:0:
283,315,25126,1,2,0:0:0:0:
248,222,25474,1,2,0:0:0:0:
186,299,25822,2,0,P|125:302|70:253,1,110,2|0,0:0|0:0,0:0:0:0:
58,234,26345,1,8,0:1:0:0:
48,135,26693,5,10,0:1:0:0:
48,135,26867,1,2,0:0:0:0:
78,38,27215,2,0,P|131:27|195:53,1,110,2|2,0:0|0:0,0:0:0:0:
241,124,27912,1,2,0:0:0:0:
235,222,28260,1,2,0:0:0:0:
295,299,28608,2,0,P|354:309|416:273,1,110,2|0,0:0|0:0,0:0:0:0:
436,257,29131,1,8,0:1:0:0:
447,162,29479,5,10,0:1:0:0:
447,162,29653,2,0,L|450:102,1,55,2|8,0:0|0:2,0:0:0:0:
430,61,30001,2,0,P|384:35|324:41,1,110,2|2,0:0|0:0,0:0:0:0:
286,65,30524,1,8,0:2:0:0:
286,65,30698,1,2,0:0:0:0:
298,163,31046,2,0,L|303:220,1,55,2|8,0:0|0:2,0:0:0:0:
294,266,31394,2,0,B|240:282|240:282|178:276,1,110,2|2,0:0|0:0,0:0:0:0:
138,266,31916,1,8,0:2:0:0:
77,187,32265,5,10,0:1:0:0:
77,187,32439,2,0,L|78:128,1,55,2|8,0:0|0:2,0:0:0:0:
53,88,32787,2,0,P|109:71|160:84,1,110,2|2,0:0|0:0,0:0:0:0:
195,115,33309,1,8,0:2:0:0:
181,213,33658,1,10,0:1:0:0:
270,255,34006,1,10,0:2:0:0:
339,184,34354,1,10,0:1:0:0:
288,98,34702,2,0,L|315:46,1,55,10|2,0:2|0:0,0:0:0:0:
358,28,35051,5,12,0:1:0:0:
378,247,37836,6,0,L|317:243,1,55,14|10,0:1|0:3,0:0:0:0:
279,267,38185,1,10,0:2:0:0:
206,334,38533,2,0,P|152:349|81:311,1,110,10|8,0:1|0:2,0:0:0:0:
39,255,39229,2,0,L|40:189,1,55,10|10,0:1|0:3,0:0:0:0:
19,154,39578,1,10,0:2:0:0:
106,107,39926,2,0,P|150:111|198:160,1,110,10|8,0:1|0:2,0:0:0:0:
236,245,40622,6,0,L|297:242,1,55,10|10,0:1|0:3,0:0:0:0:
336,260,40970,1,10,0:2:0:0:
413,322,41319,2,0,P|435:266|417:205,1,110,10|8,0:1|0:2,0:0:0:0:
352,151,42015,2,0,P|346:120|352:87,1,55,10|10,0:1|0:3,0:0:0:0:
378,57,42363,1,10,0:2:0:0:
285,19,42712,2,0,B|226:17|226:17|175:49,1,110,10|8,0:1|0:2,0:0:0:0:
165,141,43408,6,0,L|103:139,1,55,10|10,0:1|0:3,0:0:0:0:
75,103,43756,1,10,0:2:0:0:
28,190,44105,2,0,P|16:247|39:310,1,110,10|8,0:1|0:2,0:0:0:0:
105,359,44801,2,0,L|168:353,1,55,10|10,0:1|0:3,0:0:0:0:
196,320,45149,1,10,0:2:0:0:
291,347,45497,2,0,L|414:339,1,110,10|8,0:1|0:2,0:0:0:0:
484,287,46194,6,0,P|490:255|485:230,1,55,10|10,0:1|0:3,0:0:0:0:
470,186,46542,1,10,0:2:0:0:
400,115,46890,2,0,P|339:119|293:165,1,110,10|8,0:1|0:2,0:0:0:0:
248,231,47587,2,0,P|223:245|194:249,1,55,10|10,0:1|0:3,0:0:0:0:
147,246,47935,1,10,0:2:0:0:
83,169,48283,2,0,L|90:58,1,110,10|8,0:1|0:2,0:0:0:0:
179,16,48980,5,12,0:1:0:0:
179,16,49154,2,0,L|247:18,1,55,2|8,0:0|0:2,0:0:0:0:
266,55,49502,2,0,P|311:73|373:61,1,110,2|2,0:0|0:0,0:0:0:0:
413,39,50024,1,8,0:2:0:0:
413,39,50199,1,2,0:0:0:0:
475,115,50547,2,0,L|468:175,1,55,2|8,0:0|0:2,0:0:0:0:
425,193,50895,2,0,L|413:306,1,110,2|2,0:0|0:0,0:0:0:0:
385,343,51417,1,8,0:2:0:0:
291,365,51766,5,8,0:1:0:0:
291,365,51940,2,0,L|228:363,1,55,2|8,0:0|0:2,0:0:0:0:
195,334,52288,2,0,P|180:292|193:221,1,110,2|2,0:0|0:0,0:0:0:0:
215,188,52810,1,8,0:2:0:0:
215,188,52984,1,2,0:0:0:0:
237,91,53333,2,0,L|201:42,1,55,2|8,0:0|0:2,0:0:0:0:
157,30,53681,2,0,P|97:33|61:70,1,110,2|2,0:0|0:0,0:0:0:0:
44,112,54203,1,8,0:2:0:0:
66,208,54551,5,8,0:1:0:0:
66,208,54726,2,0,L|103:256,1,55,2|8,0:0|0:2,0:0:0:0:
114,298,55074,2,0,P|170:280|202:225,1,110,2|2,0:0|0:0,0:0:0:0:
211,192,55596,1,8,0:2:0:0:
211,192,55770,1,2,0:0:0:0:
279,120,56118,2,0,L|334:126,1,55,2|8,0:0|0:2,0:0:0:0:
378,105,56467,2,0,B|433:102|433:102|485:136,1,110,2|2,0:0|0:0,0:0:0:0:
511,168,56989,1,8,0:2:0:0:
505,266,57337,5,8,0:1:0:0:
505,266,57511,2,0,L|435:276,1,55,2|8,0:0|0:2,0:0:0:0:
419,312,57860,2,0,L|304:303,1,110,2|2,0:0|0:0,0:0:0:0:
268,328,58382,1,8,0:2:0:0:
268,328,58556,1,2,0:0:0:0:
205,251,58904,2,0,L|209:186,1,55,2|8,0:0|0:2,0:0:0:0:
246,164,59253,2,0,P|259:100|240:58,1,110,2|2,0:0|0:0,0:0:0:0:
205,27,59775,1,8,0:2:0:0:
106,25,60123,5,12,0:1:0:0:
106,25,60297,2,0,L|56:57,1,55,2|8,0:0|0:2,0:0:0:0:
15,76,60645,2,0,B|32:132|32:132|81:169,1,110,2|2,0:0|0:0,0:0:0:0:
124,181,61168,1,8,0:2:0:0:
124,181,61342,1,2,0:0:0:0:
171,267,61690,2,0,L|234:257,1,55,2|8,0:0|0:2,0:0:0:0:
270,277,62038,2,0,P|287:222|275:167,1,110,2|2,0:0|0:0,0:0:0:0:
247,131,62561,1,8,0:2:0:0:
282,38,62909,5,8,0:1:0:0:
282,38,63083,2,0,P|315:22|355:26,1,55,2|8,0:0|0:2,0:0:0:0:
380,34,63431,2,0,L|438:141,1,110,2|2,0:0|0:0,0:0:0:0:
474,157,63954,1,8,0:2:0:0:
455,254,64302,1,12,0:1:0:0:
140,280,67088,6,0,P|121:235|127:164,1,110,14|8,0:1|0:2,0:0:0:0:
150,135,67610,1,2,0:0:0:0:
150,135,67784,2,0,B|204:128|204:128|266:150,1,110,10|8,0:1|0:2,0:0:0:0:
298,183,68307,1,2,0:0:0:0:
298,183,68481,2,0,L|290:316,1,110,10|8,0:1|0:2,0:0:0:0:
310,338,69003,1,2,0:0:0:0:
310,338,69177,1,10,0:1:0:0:
407,355,69525,1,8,0:2:0:0:
479,286,69874,5,10,0:1:0:0:
465,188,70222,2,0,L|457:126,1,55,8|2,0:2|0:0,0:0:0:0:
470,85,70570,1,10,0:1:0:0:
389,27,70918,2,0,L|323:35,1,55,8|2,0:2|0:0,0:0:0:0:
298,67,71266,1,10,0:1:0:0:
228,137,71615,2,0,L|173:143,2,55,8|2|10,0:2|0:0|0:1,0:0:0:0:
306,197,72311,1,8,0:2:0:0:
282,293,72659,6,0,P|240:326|177:319,1,110,10|8,0:1|0:2,0:0:0:0:
141,340,73182,1,2,0:0:0:0:
141,340,73356,2,0,B|82:325|82:325|48:274,1,110,10|8,0:1|0:2,0:0:0:0:
39,242,73878,1,2,0:0:0:0:
39,242,74052,2,0,L|91:143,1,110,10|8,0:1|0:2,0:0:0:0:
99,99,74575,1,2,0:0:0:0:
99,99,74749,1,10,0:1:0:0:
183,48,75097,1,8,0:2:0:0:
232,133,75445,5,10,0:1:0:0:
307,68,75793,2,0,L|361:78,1,55,8|2,0:2|0:0,0:0:0:0:
406,58,76142,1,10,0:1:0:0:
455,143,76490,2,0,L|447:204,1,55,8|2,0:2|0:0,0:0:0:0:
457,245,76838,1,14,0:1:0:0:
405,329,77186,2,0,L|425:386,2,55,8|2|10,0:2|0:0|0:1,0:0:0:0:
309,303,77883,1,8,0:2:0:0:
335,207,78231,6,0,P|334:153|299:95,1,110,14|8,0:1|0:1,0:0:0:0:
286,59,78753,2,0,B|245:95|245:95|172:99,1,110,2|2,0:0|0:0,0:0:0:0:
107,42,79450,1,2,0:0:0:0:
49,122,79798,1,2,0:0:0:0:
131,177,80146,2,0,L|153:291,1,110,2|0,0:0|0:0,0:0:0:0:
187,319,80669,1,8,0:1:0:0:
279,354,81017,6,0,L|305:241,1,110,10|10,0:1|0:1,0:0:0:0:
301,197,81539,2,0,P|349:226|410:220,1,110,2|2,0:0|0:0,0:0:0:0:
472,153,82236,1,2,0:0:0:0:
463,54,82584,1,2,0:0:0:0:
368,24,82932,2,0,B|311:33|311:33|274:56|274:56|199:71,1,165,2|8,0:0|0:1,0:0:0:0:
114,46,83803,6,0,P|58:47|16:83,1,110,10|8,0:1|0:2,0:0:0:0:
4,127,84325,2,0,L|30:238,1,110,2|2,0:0|0:0,0:0:0:0:
43,281,84847,1,8,0:2:0:0:
43,281,85022,1,2,0:0:0:0:
139,258,85370,2,0,P|166:257|202:269,1,55,2|8,0:0|0:2,0:0:0:0:
209,310,85718,2,0,P|272:319|323:292,1,110,2|0,0:0|0:0,0:0:0:0:
356,277,86240,1,8,0:2:0:0:
362,177,86589,6,0,P|307:158|250:171,1,110,8|8,0:1|0:2,0:0:0:0:
221,201,87111,2,0,B|170:191|170:191|122:141,1,110,2|2,0:0|0:0,0:0:0:0:
121,100,87633,1,8,0:2:0:0:
121,100,87807,1,2,0:0:0:0:
181,21,88156,2,0,L|239:29,1,55,2|8,0:0|0:2,0:0:0:0:
266,66,88504,2,0,P|337:91|404:19,1,165,2|8,0:0|0:2,0:0:0:0:
482,102,89374,5,12,0:1:0:0:
482,102,89549,2,0,L|474:172,1,55,2|8,0:0|0:2,0:0:0:0:
498,200,89897,2,0,P|438:201|395:245,1,110,2|2,0:0|0:0,0:0:0:0:
393,279,90419,1,8,0:2:0:0:
393,279,90593,1,2,0:0:0:0:
320,346,90941,2,0,P|293:353|255:348,1,55,2|8,0:0|0:2,0:0:0:0:
225,322,91290,2,0,B|213:271|213:271|226:204,1,110,2|8,0:0|0:3,0:0:0:0:
265,187,91812,1,8,0:2:0:0:
276,92,92160,5,8,0:1:0:0:
276,92,92334,2,0,L|229:49,1,55,2|8,0:0|0:2,0:0:0:0:
191,30,92683,2,0,P|139:24|84:59,1,110,2|2,0:0|0:0,0:0:0:0:
61,92,93205,1,8,0:2:0:0:
61,92,93379,1,2,0:0:0:0:
42,189,93727,2,0,P|47:217|43:249,1,55,2|8,0:0|0:2,0:0:0:0:
25,289,94076,2,0,B|83:283|83:283|140:314,1,110,2|8,0:0|0:3,0:0:0:0:
165,339,94598,1,8,0:2:0:0:
250,289,94946,5,8,0:1:0:0:
250,289,95120,2,0,L|258:225,1,55,2|8,0:0|0:2,0:0:0:0:
288,196,95468,2,0,P|228:197|181:156,1,110,2|2,0:0|0:0,0:0:0:0:
172,127,95991,1,8,0:2:0:0:
172,127,96165,1,2,0:0:0:0:
207,34,96513,2,0,L|269:31,1,55,2|8,0:0|0:2,0:0:0:0:
299,63,96861,2,0,B|348:87|348:87|406:82,1,110,2|2,0:0|0:0,0:0:0:0:
439,48,97384,1,8,0:2:0:0:
494,129,97732,5,8,0:1:0:0:
494,129,97906,2,0,L|486:190,1,55,2|8,0:0|0:2,0:0:0:0:
505,229,98254,2,0,L|383:213,1,110,2|2,0:0|0:0,0:0:0:0:
359,247,98777,2,0,L|296:235,1,55,8|8,0:2|0:3,0:0:0:0:
261,260,99125,5,10,0:1:0:0:
237,164,99473,1,10,0:2:0:0:
214,67,99821,1,10,0:1:0:0:
124,37,100170,1,10,0:2:0:0:
124,37,100344,1,2,0:0:0:0:
45,96,100692,2,0,L|55:152,1,55,10|10,3:3|0:2,0:0:0:0:
34,195,101040,1,10,3:3:0:0:
63,289,101388,2,0,P|36:296|9:294,2,55,10|8|2,3:3|0:2|2:0,0:0:0:0:
107,266,101911,6,0,P|141:269|174:285,1,55,14|10,0:1|0:3,0:0:0:0:
188,317,102259,1,10,0:2:0:0:
274,365,102607,2,0,L|287:237,1,110,10|8,0:1|0:2,0:0:0:0:
342,174,103304,2,0,L|331:117,1,55,10|10,0:1|0:3,0:0:0:0:
291,91,103652,1,10,0:2:0:0:
353,14,104000,2,0,P|414:14|460:52,1,110,10|8,0:1|0:2,0:0:0:0:
497,129,104697,6,0,L|491:193,1,55,10|10,0:1|0:3,0:0:0:0:
506,230,105045,1,10,0:2:0:0:
459,317,105393,2,0,B|401:318|401:318|348:284,1,110,10|8,0:1|0:2,0:0:0:0:
296,211,106089,2,0,L|236:221,1,55,10|10,0:1|0:3,0:0:0:0:
194,204,106438,1,10,0:2:0:0:
136,284,106786,2,0,P|75:295|14:261,1,110,10|8,0:1|0:2,0:0:0:0:
3,182,107482,6,0,L|11:116,1,55,10|10,0:1|0:3,0:0:0:0:
38,86,107831,1,10,0:2:0:0:
114,148,108179,2,0,B|169:157|169:157|223:134,1,110,10|8,0:1|0:2,0:0:0:0:
274,53,108875,2,0,P|295:32|328:22,1,55,10|10,0:1|0:3,0:0:0:0:
367,24,109224,1,10,0:2:0:0:
437,93,109572,2,0,L|465:213,1,110,10|8,0:1|0:2,0:0:0:0:
501,290,110268,6,0,P|475:299|443:296,1,55,10|10,0:1|0:3,0:0:0:0:
401,280,110616,1,10,0:2:0:0:
347,196,110965,2,0,P|286:204|249:248,1,110,10|8,0:1|0:2,0:0:0:0:
227,332,111661,2,0,P|198:323|179:303,1,55,10|10,0:1|0:3,0:0:0:0:
157,262,112009,1,10,0:2:0:0:
156,162,112358,2,0,B|198:122|198:122|264:109,1,110,10|8,0:1|0:2,0:0:0:0:
234,14,113054,5,12,0:1:0:0:
234,14,113228,2,0,L|169:25,1,55,2|8,0:0|0:2,0:0:0:0:
131,11,113576,2,0,P|72:17|33:60,1,110,2|2,0:0|0:0,0:0:0:0:
26,102,114099,1,8,0:2:0:0:
26,102,114273,1,2,0:0:0:0:
40,199,114621,2,0,L|52:273,1,55,2|8,0:0|0:2,0:0:0:0:
32,300,114969,2,0,B|73:339|73:339|135:343,1,110,2|2,0:0|0:0,0:0:0:0:
175,333,115492,1,8,0:2:0:0:
217,246,115840,5,8,0:1:0:0:
217,246,116014,2,0,L|278:217,1,55,2|8,0:0|0:2,0:0:0:0:
316,222,116362,2,0,P|278:182|275:118,1,110,2|2,0:0|0:0,0:0:0:0:
280,80,116885,1,8,0:2:0:0:
280,80,117059,1,2,0:0:0:0:
360,22,117407,2,0,P|393:13|424:18,1,55,2|8,0:0|0:2,0:0:0:0:
460,28,117755,2,0,L|491:146,1,110,2|2,0:0|0:0,0:0:0:0:
480,183,118277,1,8,0:2:0:0:
447,279,118626,5,8,0:1:0:0:
447,279,118800,2,0,P|414:287|383:283,1,55,2|8,0:0|0:2,0:0:0:0:
346,301,119148,2,0,B|320:252|320:252|320:189,1,110,2|2,0:0|0:0,0:0:0:0:
339,151,119670,1,8,0:2:0:0:
339,151,119845,1,2,0:0:0:0:
308,57,120193,2,0,P|292:38|261:23,1,55,2|8,0:0|0:2,0:0:0:0:
217,14,120541,2,0,B|159:17|159:17|100:48,1,110,2|2,0:0|0:0,0:0:0:0:
74,72,121063,1,8,0:2:0:0:
57,169,121412,5,8,0:1:0:0:
57,169,121586,2,0,L|83:224,1,55,2|8,0:0|0:2,0:0:0:0:
87,267,121934,2,0,P|136:260|182:212,1,110,2|2,0:0|0:0,0:0:0:0:
197,173,122456,1,8,0:2:0:0:
197,173,122630,1,2,0:0:0:0:
222,77,122979,2,0,P|255:89|278:111,1,55,2|8,0:0|0:2,0:0:0:0:
304,136,123327,2,0,B|294:191|294:191|307:245,1,110,2|2,0:0|0:0,0:0:0:0:
325,289,123849,1,8,0:2:0:0:
412,335,124197,5,12,0:1:0:0:
412,335,124372,1,2,2:0:0:0:
488,272,124720,2,0,P|502:218|485:161,1,110,2|2,2:0|2:0,0:0:0:0:
454,73,125416,1,2,2:0:0:0:
361,38,125764,1,2,2:0:0:0:
268,74,126113,2,0,B|246:104|246:104|254:190,1,110,2|2,2:0|2:0,0:0:0:0:
202,316,126983,5,2,2:0:0:0:
202,316,127157,2,0,P|150:339|91:329,2,110,2|2|2,2:0|2:0|2:0,0:0:0:0:
121,74,132555,6,0,B|176:65|176:65|232:82,1,110,14|8,0:1|0:2,0:0:0:0:
266,111,133077,1,2,0:0:0:0:
266,111,133251,2,0,L|254:238,1,110,10|8,0:1|0:2,0:0:0:0:
235,265,133774,1,2,0:0:0:0:
235,265,133948,2,0,P|289:289|347:273,1,110,10|8,0:1|0:2,0:0:0:0:
383,257,134470,1,2,0:0:0:0:
383,257,134644,1,10,0:1:0:0:
434,172,134992,1,8,0:2:0:0:
420,73,135341,5,10,0:1:0:0:
338,17,135689,2,0,L|276:21,1,55,8|2,0:2|0:0,0:0:0:0:
241,46,136037,1,10,0:1:0:0:
142,39,136385,2,0,L|150:95,1,55,8|2,0:2|0:0,0:0:0:0:
127,137,136733,1,10,0:1:0:0:
181,219,137082,2,0,L|251:209,2,55,8|2|10,0:2|0:0|0:1,0:0:0:0:
113,291,137778,1,8,0:2:0:0:
187,356,138127,6,0,L|297:341,1,110,10|8,0:1|0:2,0:0:0:0:
339,364,138649,1,2,0:0:0:0:
339,364,138823,2,0,P|398:360|440:318,1,110,10|8,0:1|0:2,0:0:0:0:
459,284,139345,1,2,0:0:0:0:
459,284,139520,2,0,B|441:231|441:231|450:168,1,110,10|8,0:1|0:2,0:0:0:0:
465,130,140042,1,2,0:0:0:0:
465,130,140216,1,10,0:1:0:0:
410,47,140564,1,8,0:2:0:0:
312,63,140912,5,10,0:1:0:0:
274,154,141261,2,0,P|279:184|274:214,1,55,8|2,0:2|0:0,0:0:0:0:
263,256,141609,1,10,0:1:0:0:
192,325,141957,2,0,P|163:331|123:322,1,55,8|2,0:2|0:0,0:0:0:0:
93,306,142305,1,10,0:1:0:0:
51,215,142654,2,0,L|-5:222,2,55,8|2|10,0:2|0:0|0:1,0:0:0:0:
95,126,143350,1,8,0:2:0:0:
164,196,143698,6,0,L|280:179,1,110,14|8,0:1|0:2,0:0:0:0:
308,214,144221,1,2,0:0:0:0:
308,214,144395,2,0,P|365:218|415:191,1,110,10|8,0:1|0:2,0:0:0:0:
436,152,144917,1,2,0:0:0:0:
436,152,145091,2,0,B|433:94|433:94|404:50,1,110,14|8,0:1|0:2,0:0:0:0:
357,33,145614,1,2,0:0:0:0:
357,33,145788,1,10,0:1:0:0:
286,102,146136,1,8,0:2:0:0:
201,50,146484,5,14,0:1:0:0:
136,125,146832,2,0,L|148:189,1,55,8|2,0:2|0:0,0:0:0:0:
153,228,147181,1,10,0:1:0:0:
166,326,147529,2,0,L|236:317,1,55,8|2,0:2|0:0,0:0:0:0:
265,338,147877,1,14,0:1:0:0:
360,310,148225,2,0,P|365:342|361:372,2,55,8|2|10,0:2|0:0|0:1,0:0:0:0:
288,241,148922,1,8,0:2:0:0:
353,166,149270,6,0,P|411:173|455:146,1,110,14|8,0:1|0:2,0:0:0:0:
507,149,149792,1,2,0:0:0:0:
507,149,149966,2,0,B|501:90|501:90|468:42,1,110,10|8,0:1|0:2,0:0:0:0:
432,28,150489,1,2,0:0:0:0:
432,28,150663,2,0,P|374:19|320:54,1,110,14|8,0:1|0:2,0:0:0:0:
294,76,151185,1,2,0:0:0:0:
294,76,151359,1,10,0:1:0:0:
349,158,151708,1,8,0:2:0:0:
253,184,152056,5,14,0:1:0:0:
281,278,152404,2,0,P|254:289|212:289,1,55,8|2,0:2|0:0,0:0:0:0:
179,284,152752,1,10,0:1:0:0:
81,297,153100,2,0,P|80:260|95:228,1,55,8|2,0:2|0:0,0:0:0:0:
109,199,153449,1,14,0:1:0:0:
151,109,153797,2,0,L|132:55,2,55,8|2|10,0:2|0:0|0:1,0:0:0:0:
240,152,154493,1,8,0:2:0:0:
289,65,154842,6,0,P|324:60|348:65,1,55,14|10,0:1|0:3,0:0:0:0:
390,76,155190,1,10,0:2:0:0:
454,151,155538,1,10,0:1:0:0:
438,248,155886,1,8,0:2:0:0:
368,318,156235,2,0,P|333:323|309:318,1,55,14|10,0:1|0:3,0:0:0:0:
267,307,156583,1,10,0:2:0:0:
238,212,156931,2,0,B|181:207|181:207|131:232,1,110,10|8,0:1|0:2,0:0:0:0:
52,286,157627,6,0,L|35:222,1,55,14|10,0:1|0:3,0:0:0:0:
24,185,157976,1,10,0:2:0:0:
31,86,158324,1,10,0:1:0:0:
110,26,158672,1,8,0:2:0:0:
208,29,159020,2,0,L|264:58,1,55,14|10,0:1|0:3,0:0:0:0:
306,52,159369,1,10,0:2:0:0:
401,78,159717,2,0,P|378:129|330:150,1,110,10|8,0:1|0:2,0:0:0:0:
238,186,160413,6,0,L|171:179,1,55,14|2,0:1|0:2,0:0:0:0:
143,210,160762,1,10,0:2:0:0:
59,156,161110,2,0,P|46:218|67:269,1,110,10|8,0:1|0:2,0:0:0:0:
115,343,161806,2,0,L|181:339,1,55,14|2,0:1|0:2,0:0:0:0:
214,361,162154,1,10,0:2:0:0:
281,287,162503,2,0,B|335:279|335:279|396:299,1,110,10|8,0:1|0:2,0:0:0:0:
480,261,163199,6,0,P|492:235|496:206,1,55,14|2,0:1|0:2,0:0:0:0:
493,159,163547,1,10,0:2:0:0:
443,73,163896,2,0,P|388:62|331:92,1,110,10|8,0:1|0:2,0:0:0:0:
280,161,164592,2,0,L|289:230,1,55,14|2,0:1|0:2,0:0:0:0:
271,262,164940,1,10,0:2:0:0:
198,329,165289,2,0,B|142:338|142:338|83:313,1,110,10|8,0:1|0:2,0:0:0:0:
40,233,165985,5,14,0:1:0:0:
40,233,166159,1,2,0:0:0:0:
38,134,166507,2,0,P|77:88|142:83,1,110,2|2,0:0|0:0,0:0:0:0:
222,77,167204,1,2,0:0:0:0:
282,155,167552,1,2,0:0:0:0:
294,253,167900,2,0,P|330:300|382:310,1,110,2|2,0:0|0:0,0:0:0:0:
423,291,168423,1,8,0:1:0:0:
486,216,168771,5,10,0:1:0:0:
486,216,168945,1,2,0:0:0:0:
476,117,169293,2,0,B|448:72|448:72|391:47,1,110,2|2,0:0|0:0,0:0:0:0:
320,114,169990,1,2,0:0:0:0:
249,44,170338,1,2,0:0:0:0:
172,106,170686,2,0,L|187:222,1,110,2|2,0:0|0:0,0:0:0:0:
216,253,171208,1,8,0:1:0:0:
313,234,171557,5,14,0:1:0:0:
