osu file format v128

[General]
AudioFilename: audio.mp3
AudioLeadIn: 0
PreviewTime: -1
Countdown: 1
SampleSet: Normal
StackLeniency: 0
Mode: 0
LetterboxInBreaks: 0
WidescreenStoryboard: 0

[Editor]
Bookmarks: 83713
DistanceSpacing: 0.18
BeatDivisor: 4
GridSize: 16
TimelineZoom: 1.7400002479553223

[Metadata]
Title: circle the halls
TitleUnicode: circle the halls
Artist: nekodex
ArtistUnicode: nekodex
Creator: pishifat
Version: laser show

[Difficulty]
HPDrainRate: 5
CircleSize: 8.2
OverallDifficulty: 5
ApproachRate: 9
SliderMultiplier: 1.3999999687075613
SliderTickRate: 4

[Events]
0,0,"bg.jpg",0,0
2,8564,16485
2,19727,22067
2,86704,89043
2,92285,94625
2,97867,100206

[TimingPoints]
5923,348.83720930232556,4,1,0,100,1,0
50574,-231.48147477532973,4,1,0,100,0,1
52667,-277.77777777777777,4,1,0,100,0,1
53364,-200,4,1,0,100,0,1
53888,-213.33333110702233,4,1,0,100,0,1
55806,-234.6666587160334,4,1,0,100,0,1
56155,-231.48148510018663,4,1,0,100,0,1
58248,-277.77777777777777,4,1,0,100,0,1
58946,-238.0952380952381,4,1,0,100,0,1
61039,-238.0952380952381,4,1,0,100,0,0
61736,-231.4814810247379,4,1,0,100,0,1
63829,-277.77777777777777,4,1,0,100,0,1
64527,-200,4,1,0,100,0,1
65050,-213.33332633864987,4,1,0,100,0,1
66969,-234.6666587160334,4,1,0,100,0,1
67318,-254.62963016122796,4,1,0,100,0,1
69411,-277.77777777777777,4,1,0,100,0,1
70108,-238.0952380952381,4,1,0,100,0,1
72550,-238.0952380952381,4,1,0,100,0,0
72899,-238.0952380952381,4,1,0,100,0,1
81271,-333.33333333333337,4,1,0,100,0,1
84062,-333.33333333333337,4,1,0,100,0,0

[Colours]
Combo1: 255,192,0,255
Combo2: 0,202,0,255
Combo3: 18,124,255,255
Combo4: 242,24,57,255

[HitObjects]
8,31,5923,5,4,2:0:0:0:
41,51,6446,1,0,2:0:0:0:
75,64,6620,1,2,2:0:0:0:
113,68,6969,1,0,2:0:0:0:
149,66,7318,1,0,2:0:0:0:
187,58,7667,1,0,2:0:0:0:
223,48,8016,1,2,2:0:0:0:
256,31,8364,1,4,2:0:0:0:
256,31,17085,5,4,2:0:0:0:
289,48,17609,1,0,2:0:0:0:
325,58,17783,1,2,2:0:0:0:
362,66,18132,1,0,2:0:0:0:
399,68,18481,1,0,2:0:0:0:
436,64,18829,1,0,2:0:0:0:
471,51,19178,1,2,2:0:0:0:
501,31,19527,1,4,2:0:0:0:
0,353,22667,5,0,2:0:0:0:
3,353,22667,1,0,2:0:0:0:
512,353,22667,5,0,2:0:0:0:
508,353,22667,1,0,2:0:0:0:
0,344,22841,1,0,2:0:0:0:
4,344,22841,1,0,2:0:0:0:
512,344,22841,1,0,2:0:0:0:
507,344,22841,1,0,2:0:0:0:
0,335,23016,1,4,2:0:0:0:
4,335,23016,1,4,2:0:0:0:
512,335,23016,1,4,2:0:0:0:
507,335,23016,1,4,2:0:0:0:
0,326,23190,1,0,2:0:0:0:
4,326,23190,1,0,2:0:0:0:
512,326,23190,1,0,2:0:0:0:
507,326,23190,1,0,2:0:0:0:
0,317,23277,1,0,2:0:0:0:
4,317,23277,1,0,2:0:0:0:
512,317,23277,1,0,2:0:0:0:
507,317,23277,1,0,2:0:0:0:
0,309,23364,1,0,2:0:0:0:
4,309,23364,1,0,2:0:0:0:
512,309,23364,1,0,2:0:0:0:
507,309,23364,1,0,2:0:0:0:
0,300,23452,1,0,2:0:0:0:
4,300,23452,1,0,2:0:0:0:
512,300,23452,1,0,2:0:0:0:
507,300,23452,1,0,2:0:0:0:
0,291,23539,1,0,2:0:0:0:
5,291,23539,1,0,2:0:0:0:
512,291,23539,1,0,2:0:0:0:
506,291,23539,1,0,2:0:0:0:
0,282,23713,1,4,2:0:0:0:
5,282,23713,1,4,2:0:0:0:
512,282,23713,1,4,2:0:0:0:
506,282,23713,1,4,2:0:0:0:
0,273,23888,1,0,2:0:0:0:
5,273,23888,1,0,2:0:0:0:
512,273,23888,1,0,2:0:0:0:
506,273,23888,1,0,2:0:0:0:
0,264,23975,1,0,2:0:0:0:
5,264,23975,1,0,2:0:0:0:
512,264,23975,1,0,2:0:0:0:
506,264,23975,1,0,2:0:0:0:
0,255,24062,1,0,2:0:0:0:
5,255,24062,1,0,2:0:0:0:
512,255,24062,1,0,2:0:0:0:
506,255,24062,1,0,2:0:0:0:
0,246,24236,1,0,2:0:0:0:
5,246,24236,1,0,2:0:0:0:
512,246,24236,1,0,2:0:0:0:
506,246,24236,1,0,2:0:0:0:
0,237,24411,1,4,2:0:0:0:
6,237,24411,1,4,2:0:0:0:
512,237,24411,1,4,2:0:0:0:
505,237,24411,1,4,2:0:0:0:
0,228,24585,1,0,2:0:0:0:
6,228,24585,1,0,2:0:0:0:
512,228,24585,1,0,2:0:0:0:
505,228,24585,1,0,2:0:0:0:
0,219,24673,1,0,2:0:0:0:
6,219,24673,1,0,2:0:0:0:
512,219,24673,1,0,2:0:0:0:
505,219,24673,1,0,2:0:0:0:
0,211,24760,1,0,2:0:0:0:
6,211,24760,1,0,2:0:0:0:
512,211,24760,1,0,2:0:0:0:
505,211,24760,1,0,2:0:0:0:
0,202,24847,1,0,2:0:0:0:
6,202,24847,1,0,2:0:0:0:
512,202,24847,1,0,2:0:0:0:
505,202,24847,1,0,2:0:0:0:
0,193,24934,1,0,2:0:0:0:
6,193,24934,1,0,2:0:0:0:
512,193,24934,1,0,2:0:0:0:
505,193,24934,1,0,2:0:0:0:
0,184,25109,1,4,2:0:0:0:
6,184,25109,1,4,2:0:0:0:
512,184,25109,1,4,2:0:0:0:
505,184,25109,1,4,2:0:0:0:
0,175,25283,1,0,2:0:0:0:
7,175,25283,1,0,2:0:0:0:
512,175,25283,1,0,2:0:0:0:
504,175,25283,1,0,2:0:0:0:
0,166,25457,1,0,2:0:0:0:
7,166,25457,1,0,2:0:0:0:
512,166,25457,1,0,2:0:0:0:
504,166,25457,1,0,2:0:0:0:
0,157,25632,1,0,2:0:0:0:
7,157,25632,1,0,2:0:0:0:
512,157,25632,1,0,2:0:0:0:
504,157,25632,1,0,2:0:0:0:
0,148,25806,1,4,2:0:0:0:
7,148,25806,1,4,2:0:0:0:
512,148,25806,1,4,2:0:0:0:
504,148,25806,1,4,2:0:0:0:
0,139,25981,1,0,2:0:0:0:
7,139,25981,1,0,2:0:0:0:
512,139,25981,1,0,2:0:0:0:
504,139,25981,1,0,2:0:0:0:
0,130,26155,1,0,2:0:0:0:
7,130,26155,1,0,2:0:0:0:
512,130,26155,1,0,2:0:0:0:
504,130,26155,1,0,2:0:0:0:
0,121,26329,1,4,2:0:0:0:
8,122,26329,1,4,2:0:0:0:
512,121,26330,1,4,2:0:0:0:
503,122,26330,1,4,2:0:0:0:
0,113,26504,1,0,2:0:0:0:
8,113,26504,1,0,2:0:0:0:
512,113,26504,1,0,2:0:0:0:
503,113,26504,1,0,2:0:0:0:
0,104,26678,1,4,2:0:0:0:
8,104,26678,1,4,2:0:0:0:
512,104,26678,1,4,2:0:0:0:
503,104,26678,1,4,2:0:0:0:
0,95,26853,1,0,2:0:0:0:
8,95,26853,1,0,2:0:0:0:
512,95,26853,1,0,2:0:0:0:
503,95,26853,1,0,2:0:0:0:
0,86,27027,1,0,2:0:0:0:
8,86,27027,1,0,2:0:0:0:
512,86,27027,1,0,2:0:0:0:
503,86,27027,1,0,2:0:0:0:
0,77,27202,1,4,2:0:0:0:
8,77,27202,1,4,2:0:0:0:
512,77,27202,1,4,2:0:0:0:
503,77,27202,1,4,2:0:0:0:
0,68,27376,1,4,2:0:0:0:
8,68,27376,1,4,2:0:0:0:
512,68,27376,1,4,2:0:0:0:
503,68,27376,1,4,2:0:0:0:
0,59,27463,1,4,2:0:0:0:
9,59,27463,1,4,2:0:0:0:
512,59,27463,1,4,2:0:0:0:
502,59,27463,1,4,2:0:0:0:
0,50,27550,1,4,2:0:0:0:
9,50,27550,1,4,2:0:0:0:
512,50,27550,1,4,2:0:0:0:
502,50,27550,1,4,2:0:0:0:
0,41,27725,1,4,2:0:0:0:
9,41,27725,1,4,2:0:0:0:
512,41,27725,1,4,2:0:0:0:
502,41,27725,1,4,2:0:0:0:
0,32,27899,1,0,2:0:0:0:
9,32,27899,1,0,2:0:0:0:
512,32,27899,1,0,2:0:0:0:
502,32,27899,1,0,2:0:0:0:
0,24,28074,1,4,2:0:0:0:
9,24,28074,1,4,2:0:0:0:
512,24,28074,1,4,2:0:0:0:
502,24,28074,1,4,2:0:0:0:
146,103,28248,5,4,2:0:0:0:
122,96,28248,1,0,2:0:0:0:
97,88,28248,1,2,2:0:0:0:
90,176,28771,1,0,2:0:0:0:
116,179,28771,1,0,2:0:0:0:
64,172,28771,1,2,2:0:0:0:
111,259,28946,1,0,2:0:0:0:
137,258,28946,1,0,2:0:0:0:
86,260,28946,1,2,2:0:0:0:
156,326,29295,1,0,2:0:0:0:
181,320,29295,1,0,2:0:0:0:
130,331,29295,1,6,2:0:0:0:
365,103,29643,5,4,2:0:0:0:
389,96,29643,1,0,2:0:0:0:
414,88,29643,1,2,2:0:0:0:
421,176,29992,1,0,2:0:0:0:
395,179,29992,1,0,2:0:0:0:
447,172,29992,1,2,2:0:0:0:
400,259,30341,1,0,2:0:0:0:
374,258,30341,1,0,2:0:0:0:
425,260,30341,1,2,2:0:0:0:
355,326,30690,1,0,2:0:0:0:
330,320,30690,1,0,2:0:0:0:
381,331,30690,1,6,2:0:0:0:
145,152,31039,1,12,2:0:0:0:
223,183,31039,1,12,2:0:0:0:
129,144,31061,1,8,2:0:0:0:
115,134,31082,1,8,2:0:0:0:
102,122,31104,1,8,2:0:0:0:
90,109,31126,1,2,2:0:0:0:
67,172,31213,1,8,2:0:0:0:
221,196,31213,1,12,2:0:0:0:
82,180,31235,1,8,2:0:0:0:
99,187,31257,1,8,2:0:0:0:
116,191,31279,1,8,2:0:0:0:
133,193,31300,1,2,2:0:0:0:
136,236,31388,1,8,2:0:0:0:
222,208,31388,1,12,2:0:0:0:
119,240,31409,1,8,2:0:0:0:
102,241,31431,1,8,2:0:0:0:
84,241,31453,1,8,2:0:0:0:
67,238,31475,1,2,2:0:0:0:
89,301,31562,1,8,2:0:0:0:
226,220,31562,1,12,2:0:0:0:
107,297,31584,1,8,2:0:0:0:
123,292,31606,1,8,2:0:0:0:
139,284,31627,1,8,2:0:0:0:
154,275,31649,1,2,2:0:0:0:
183,305,31736,1,8,2:0:0:0:
233,231,31736,1,12,2:0:0:0:
173,319,31758,1,8,2:0:0:0:
161,332,31780,1,8,2:0:0:0:
147,343,31802,1,8,2:0:0:0:
132,352,31824,1,6,2:0:0:0:
132,352,31824,1,6,2:0:0:0:
366,152,32260,1,12,2:0:0:0:
288,183,32260,1,12,2:0:0:0:
382,144,32282,1,8,2:0:0:0:
396,134,32303,1,8,2:0:0:0:
409,122,32325,1,8,2:0:0:0:
421,109,32347,1,2,2:0:0:0:
445,195,32434,1,8,2:0:0:0:
290,196,32434,1,12,2:0:0:0:
429,201,32456,1,8,2:0:0:0:
412,206,32478,1,8,2:0:0:0:
394,208,32500,1,8,2:0:0:0:
377,208,32521,1,2,2:0:0:0:
288,212,32783,1,12,2:0:0:0:
367,262,32783,1,8,2:0:0:0:
382,269,32805,1,8,2:0:0:0:
399,275,32827,1,8,2:0:0:0:
416,278,32848,1,8,2:0:0:0:
434,280,32870,1,2,2:0:0:0:
280,225,33132,1,6,2:0:0:0:
379,352,33132,1,8,2:0:0:0:
364,343,33154,1,8,2:0:0:0:
350,332,33175,1,8,2:0:0:0:
338,319,33197,1,8,2:0:0:0:
328,305,33219,1,6,2:0:0:0:
328,305,33219,1,6,2:0:0:0:
135,124,33829,5,4,2:0:0:0:
127,103,33829,1,0,2:0:0:0:
119,83,33829,1,2,2:0:0:0:
306,57,34353,1,0,2:0:0:0:
309,36,34353,1,2,2:0:0:0:
303,78,34353,1,0,2:0:0:0:
202,36,34527,1,2,2:0:0:0:
205,57,34527,1,0,2:0:0:0:
208,78,34527,1,0,2:0:0:0:
392,83,34876,1,2,2:0:0:0:
384,103,34876,1,0,2:0:0:0:
377,124,34876,1,4,2:0:0:0:
135,259,35225,5,4,2:0:0:0:
127,280,35225,1,0,2:0:0:0:
120,300,35225,1,2,2:0:0:0:
303,305,35574,1,0,2:0:0:0:
306,326,35574,1,0,2:0:0:0:
309,347,35574,1,2,2:0:0:0:
208,305,35923,1,0,2:0:0:0:
205,326,35923,1,0,2:0:0:0:
202,347,35923,1,2,2:0:0:0:
392,300,36271,1,2,2:0:0:0:
384,280,36271,1,0,2:0:0:0:
377,259,36271,1,4,2:0:0:0:
103,107,36620,5,12,2:0:0:0:
232,192,36620,1,12,2:0:0:0:
117,117,36642,1,8,2:0:0:0:
132,126,36664,1,8,2:0:0:0:
148,133,36686,1,8,2:0:0:0:
164,139,36707,1,2,2:0:0:0:
347,139,36795,1,8,2:0:0:0:
280,192,36795,1,12,2:0:0:0:
363,133,36816,1,8,2:0:0:0:
379,126,36838,1,8,2:0:0:0:
394,117,36860,1,8,2:0:0:0:
408,107,36882,1,2,2:0:0:0:
184,41,36969,1,8,2:0:0:0:
240,176,36969,1,12,2:0:0:0:
185,59,36991,1,8,2:0:0:0:
189,76,37013,1,8,2:0:0:0:
197,91,37034,1,8,2:0:0:0:
208,105,37056,1,2,2:0:0:0:
303,105,37143,1,8,2:0:0:0:
272,176,37143,1,12,2:0:0:0:
314,91,37165,1,8,2:0:0:0:
322,76,37187,1,8,2:0:0:0:
326,59,37209,1,8,2:0:0:0:
327,41,37231,1,2,2:0:0:0:
247,47,37318,1,2,1:0:0:0:
256,168,37318,1,12,1:0:0:0:
243,62,37340,1,8,1:0:0:0:
255,72,37361,1,8,1:0:0:0:
268,62,37383,1,8,1:0:0:0:
263,48,37405,1,2,1:0:0:0:
164,244,37841,5,12,2:0:0:0:
231,192,37841,1,12,2:0:0:0:
148,250,37863,1,8,2:0:0:0:
132,257,37885,1,8,2:0:0:0:
117,266,37907,1,8,2:0:0:0:
103,276,37928,1,2,2:0:0:0:
280,192,38016,1,12,1:0:0:0:
347,244,38016,1,8,2:0:0:0:
363,250,38037,1,8,2:0:0:0:
379,257,38059,1,8,2:0:0:0:
394,266,38081,1,8,2:0:0:0:
408,276,38103,1,2,2:0:0:0:
240,208,38364,1,12,2:0:0:0:
208,278,38364,1,8,2:0:0:0:
197,292,38386,1,8,2:0:0:0:
189,307,38408,1,8,2:0:0:0:
185,324,38430,1,8,2:0:0:0:
184,342,38452,1,2,2:0:0:0:
272,208,38713,1,12,2:0:0:0:
303,278,38713,1,8,2:0:0:0:
314,292,38735,1,8,2:0:0:0:
322,307,38757,1,8,2:0:0:0:
326,324,38779,1,8,2:0:0:0:
327,342,38800,1,6,2:0:0:0:
162,117,39411,1,0,2:0:0:0:
80,76,39411,1,4,2:0:0:0:
120,96,39411,1,2,2:0:0:0:
141,106,39411,1,0,2:0:0:0:
56,139,39930,1,0,2:0:0:0:
62,117,39930,1,2,2:0:0:0:
49,162,39930,1,0,2:0:0:0:
104,138,40109,1,0,2:0:0:0:
94,117,40109,1,2,2:0:0:0:
113,160,40109,1,0,2:0:0:0:
162,117,40457,1,0,2:0:0:0:
80,76,40457,1,4,2:0:0:0:
120,96,40457,1,2,2:0:0:0:
141,106,40457,1,0,2:0:0:0:
349,117,40806,1,0,2:0:0:0:
431,76,40806,1,4,2:0:0:0:
391,96,40806,1,2,2:0:0:0:
370,106,40806,1,0,2:0:0:0:
455,139,41325,1,0,2:0:0:0:
449,117,41325,1,2,2:0:0:0:
462,162,41325,1,0,2:0:0:0:
407,138,41504,1,0,2:0:0:0:
417,117,41504,1,2,2:0:0:0:
398,160,41504,1,0,2:0:0:0:
349,117,41853,1,0,2:0:0:0:
431,76,41853,1,4,2:0:0:0:
391,96,41853,1,2,2:0:0:0:
370,106,41853,1,0,2:0:0:0:
118,88,42202,1,12,2:0:0:0:
132,99,42223,1,8,2:0:0:0:
148,107,42245,1,8,2:0:0:0:
165,110,42267,1,8,2:0:0:0:
182,109,42289,1,2,2:0:0:0:
130,163,42376,1,8,2:0:0:0:
114,155,42398,1,8,2:0:0:0:
101,143,42420,1,8,2:0:0:0:
91,129,42441,1,8,2:0:0:0:
85,113,42463,1,2,2:0:0:0:
44,118,42550,1,8,2:0:0:0:
41,136,42572,1,8,2:0:0:0:
43,153,42594,1,8,2:0:0:0:
48,169,42616,1,8,2:0:0:0:
58,184,42638,1,6,2:0:0:0:
453,184,42899,1,12,2:0:0:0:
463,169,42921,1,8,2:0:0:0:
468,153,42943,1,8,2:0:0:0:
470,136,42965,1,8,2:0:0:0:
467,118,42986,1,2,2:0:0:0:
426,113,43074,1,8,2:0:0:0:
420,129,43095,1,8,2:0:0:0:
410,143,43117,1,8,2:0:0:0:
397,155,43139,1,8,2:0:0:0:
381,163,43161,1,2,2:0:0:0:
329,109,43248,1,8,2:0:0:0:
346,110,43270,1,8,2:0:0:0:
363,107,43292,1,8,2:0:0:0:
379,99,43313,1,8,2:0:0:0:
393,88,43335,1,6,2:0:0:0:
177,295,43597,1,12,2:0:0:0:
174,275,43619,1,8,2:0:0:0:
166,257,43641,1,8,2:0:0:0:
154,241,43662,1,8,2:0:0:0:
138,230,43684,1,2,2:0:0:0:
374,227,43946,1,8,2:0:0:0:
358,239,43968,1,8,2:0:0:0:
346,255,43989,1,8,2:0:0:0:
339,274,44011,1,8,2:0:0:0:
337,293,44033,1,2,2:0:0:0:
216,62,44295,1,8,2:0:0:0:
234,69,44316,1,8,2:0:0:0:
254,72,44338,1,8,2:0:0:0:
274,68,44360,1,8,2:0:0:0:
292,60,44382,1,6,2:0:0:0:
146,280,44992,5,4,2:0:0:0:
122,287,44992,1,0,2:0:0:0:
97,295,44992,1,2,2:0:0:0:
90,207,45516,1,0,2:0:0:0:
116,204,45516,1,0,2:0:0:0:
64,211,45516,1,2,2:0:0:0:
111,124,45690,1,0,2:0:0:0:
137,125,45690,1,0,2:0:0:0:
86,123,45690,1,2,2:0:0:0:
156,57,46039,1,0,2:0:0:0:
181,63,46039,1,0,2:0:0:0:
130,52,46039,1,6,2:0:0:0:
365,280,46388,5,4,2:0:0:0:
389,287,46388,1,0,2:0:0:0:
414,295,46388,1,2,2:0:0:0:
421,207,46736,1,0,2:0:0:0:
395,204,46736,1,0,2:0:0:0:
447,211,46736,1,2,2:0:0:0:
400,124,47085,1,0,2:0:0:0:
374,125,47085,1,0,2:0:0:0:
425,123,47085,1,2,2:0:0:0:
355,57,47434,1,0,2:0:0:0:
330,63,47434,1,0,2:0:0:0:
381,52,47434,1,6,2:0:0:0:
0,368,47783,1,0,2:0:0:0:
7,368,47783,1,0,2:0:0:0:
122,137,47783,1,12,2:0:0:0:
223,183,47783,1,12,2:0:0:0:
511,368,47783,1,0,2:0:0:0:
504,368,47783,1,0,2:0:0:0:
112,136,47805,1,8,2:0:0:0:
103,133,47827,1,2,2:0:0:0:
0,346,47957,1,0,2:0:0:0:
7,346,47957,1,0,2:0:0:0:
221,196,47957,1,12,2:0:0:0:
85,190,47957,1,8,2:0:0:0:
511,346,47957,1,0,2:0:0:0:
504,346,47957,1,0,2:0:0:0:
95,189,47979,1,8,2:0:0:0:
105,187,48001,1,2,2:0:0:0:
0,324,48132,1,4,2:0:0:0:
7,324,48132,1,4,2:0:0:0:
106,240,48132,1,8,2:0:0:0:
222,208,48132,1,12,2:0:0:0:
511,324,48132,1,4,2:0:0:0:
504,324,48132,1,4,2:0:0:0:
97,245,48154,1,8,2:0:0:0:
88,249,48175,1,2,2:0:0:0:
0,302,48306,1,0,2:0:0:0:
7,302,48306,1,0,2:0:0:0:
111,304,48306,1,8,2:0:0:0:
226,220,48306,1,12,2:0:0:0:
511,302,48306,1,0,2:0:0:0:
504,302,48306,1,0,2:0:0:0:
118,298,48328,1,8,2:0:0:0:
125,290,48350,1,2,2:0:0:0:
0,281,48481,1,0,2:0:0:0:
7,281,48481,1,0,2:0:0:0:
159,330,48481,1,8,2:0:0:0:
233,231,48481,1,12,2:0:0:0:
511,281,48481,1,0,2:0:0:0:
504,281,48481,1,0,2:0:0:0:
156,339,48502,1,8,2:0:0:0:
152,348,48524,1,6,2:0:0:0:
0,259,48655,1,4,2:0:0:0:
8,259,48655,1,4,2:0:0:0:
511,259,48655,1,4,2:0:0:0:
503,259,48655,1,4,2:0:0:0:
0,237,48829,1,0,2:0:0:0:
8,237,48829,1,0,2:0:0:0:
511,237,48830,1,0,2:0:0:0:
503,237,48830,1,0,2:0:0:0:
0,215,49004,1,4,2:0:0:0:
8,215,49004,1,4,2:0:0:0:
288,183,49004,1,12,2:0:0:0:
511,215,49004,1,4,2:0:0:0:
503,215,49004,1,4,2:0:0:0:
389,137,49006,1,12,2:0:0:0:
399,136,49028,1,8,2:0:0:0:
408,133,49050,1,2,2:0:0:0:
0,194,49178,1,0,2:0:0:0:
8,194,49178,1,0,2:0:0:0:
290,196,49178,1,12,2:0:0:0:
511,194,49178,1,0,2:0:0:0:
503,194,49178,1,0,2:0:0:0:
427,211,49180,1,2,2:0:0:0:
417,209,49202,1,8,2:0:0:0:
408,206,49224,1,8,2:0:0:0:
0,172,49353,1,0,2:0:0:0:
8,172,49353,1,0,2:0:0:0:
511,172,49353,1,0,2:0:0:0:
503,172,49353,1,0,2:0:0:0:
0,150,49527,1,4,2:0:0:0:
8,150,49527,1,4,2:0:0:0:
288,212,49527,1,12,2:0:0:0:
511,150,49527,1,4,2:0:0:0:
503,150,49527,1,4,2:0:0:0:
395,273,49529,1,8,2:0:0:0:
402,280,49551,1,8,2:0:0:0:
410,286,49573,1,2,2:0:0:0:
0,128,49702,1,4,2:0:0:0:
8,128,49702,1,4,2:0:0:0:
511,128,49702,1,4,2:0:0:0:
503,128,49702,1,4,2:0:0:0:
0,107,49789,1,4,2:0:0:0:
9,107,49789,1,4,2:0:0:0:
511,107,49789,1,4,2:0:0:0:
502,107,49789,1,4,2:0:0:0:
0,85,49876,1,4,2:0:0:0:
9,85,49876,1,4,2:0:0:0:
280,225,49876,1,6,2:0:0:0:
511,85,49876,1,4,2:0:0:0:
502,85,49876,1,4,2:0:0:0:
359,348,49898,1,12,2:0:0:0:
355,339,49920,1,8,2:0:0:0:
352,330,49941,1,6,2:0:0:0:
0,63,50050,1,4,2:0:0:0:
9,63,50050,1,4,2:0:0:0:
511,63,50050,1,4,2:0:0:0:
502,63,50050,1,4,2:0:0:0:
0,41,50225,1,0,2:0:0:0:
9,42,50225,1,0,2:0:0:0:
511,41,50225,1,0,2:0:0:0:
502,42,50225,1,0,2:0:0:0:
0,20,50399,1,4,2:0:0:0:
9,20,50399,1,4,2:0:0:0:
511,20,50399,1,4,2:0:0:0:
502,20,50399,1,4,2:0:0:0:
106,363,50574,2,0,P|90:306|191:99,1,302.3999938964844,2|2,2:0|2:0,2:0:0:0:
405,363,50574,2,0,P|422:306|321:99,1,302.3999938964844,2|2,2:0|2:0,2:0:0:0:
405,363,50574,2,0,P|442:276|377:86,1,302.3999938964844,0|0,2:0|2:0,2:0:0:0:
405,363,50574,2,0,P|442:312|439:82,1,302.3999938964844,2|2,2:0|2:0,2:0:0:0:
423,20,50574,2,0,P|440:78|339:285,1,302.3999938964844,2|2,2:0|2:0,2:0:0:0:
423,20,50574,6,0,P|460:72|457:302,1,302.3999938964844,2|2,2:0|2:0,2:0:0:0:
376,164,50574,5,0,2:0:0:0:
88,20,50574,6,0,P|52:72|55:302,1,302.3999938964844,2|2,2:0|2:0,2:0:0:0:
88,20,50574,2,0,P|52:108|117:298,1,302.3999938964844,0|0,2:0|2:0,2:0:0:0:
88,20,50574,2,0,P|72:78|173:285,1,302.3999938964844,2|2,2:0|2:0,2:0:0:0:
106,363,50574,2,0,P|70:312|73:82,1,302.3999938964844,2|2,2:0|2:0,2:0:0:0:
106,363,50574,2,0,P|70:276|135:86,1,302.3999938964844,0|0,2:0|2:0,2:0:0:0:
423,20,50574,2,0,P|460:108|395:298,1,302.3999938964844,0|0,2:0|2:0,2:0:0:0:
380,218,50923,1,2,2:0:0:0:
384,164,51272,1,0,2:0:0:0:
388,218,51620,1,2,2:0:0:0:
392,164,51795,1,0,2:0:0:0:
400,164,52143,1,0,2:0:0:0:
404,218,52318,1,2,2:0:0:0:
408,164,52492,1,0,2:0:0:0:
335,361,52667,2,0,P|339:340|333:312,1,50.39999771118164,0|0,2:0|2:0,2:0:0:0:
336,361,52667,2,0,P|327:337|312:317,1,50.39999771118164,0|0,2:0|2:0,2:0:0:0:
336,361,52667,2,0,P|313:340|295:330,1,50.39999771118164,0|0,2:0|2:0,2:0:0:0:
335,360,52667,2,0,P|371:358|386:363,1,50.39999771118164,0|0,2:0|2:0,2:0:0:0:
335,360,52667,2,0,P|368:342|380:340,1,50.39999771118164,0|0,2:0|2:0,2:0:0:0:
335,360,52667,2,0,P|353:332|366:323,1,50.39999771118164,0|0,2:0|2:0,2:0:0:0:
175,362,52667,2,0,P|156:334|143:325,1,50.39999771118164,0|0,2:0|2:0,2:0:0:0:
175,362,52667,2,0,P|141:344|129:342,1,50.39999771118164,0|0,2:0|2:0,2:0:0:0:
175,362,52667,2,0,P|138:360|123:365,1,50.39999771118164,0|0,2:0|2:0,2:0:0:0:
175,363,52667,2,0,P|197:342|215:332,1,50.39999771118164,0|0,2:0|2:0,2:0:0:0:
175,363,52667,2,0,P|182:339|197:319,1,50.39999771118164,0|0,2:0|2:0,2:0:0:0:
175,363,52667,2,0,P|170:342|176:314,1,50.39999771118164,0|0,2:0|2:0,2:0:0:0:
424,164,52754,1,0,2:0:0:0:
428,218,52927,1,2,2:0:0:0:
175,363,53016,1,12,2:0:0:0:
335,360,53016,1,12,2:0:0:0:
9,95,53364,2,0,P|32:86|46:63,1,52.5,0|0,2:0|2:0,2:0:0:0:
9,95,53364,2,0,P|34:95|59:80,1,52.5,0|0,2:0|2:0,2:0:0:0:
9,95,53364,2,0,P|34:104|63:102,1,52.5,0|0,2:0|2:0,2:0:0:0:
502,95,53364,2,0,P|479:86|465:63,1,52.5,0|0,2:0|2:0,2:0:0:0:
502,95,53364,2,0,P|477:95|452:80,1,52.5,0|0,2:0|2:0,2:0:0:0:
502,95,53364,2,0,P|477:104|448:102,1,52.5,0|0,2:0|2:0,2:0:0:0:
136,164,53364,5,0,2:0:0:0:
9,95,53364,2,0,P|28:114|41:139,1,52.5,0|0,2:0|2:0,2:0:0:0:
9,95,53364,2,0,P|21:118|20:148,1,52.5,0|0,2:0|2:0,2:0:0:0:
9,95,53364,2,0,P|12:120|0:145,1,52.5,0|0,2:0|2:0,2:0:0:0:
502,95,53364,2,0,P|483:114|470:139,1,52.5,0|0,2:0|2:0,2:0:0:0:
502,95,53364,2,0,P|490:118|491:148,1,52.5,0|0,2:0|2:0,2:0:0:0:
502,95,53364,2,0,P|499:120|512:145,1,52.5,0|0,2:0|2:0,2:0:0:0:
132,218,53713,1,2,2:0:0:0:
344,360,53888,2,0,B|386:340|408:296|401:250|376:220|376:220|341:173|356:106|408:80,1,328.125,0|0,2:0|2:0,2:0:0:0:
344,360,53888,2,0,B|388:348|418:308|418:262|399:228|399:228|372:175|399:112|455:95,1,328.125,0|0,2:0|2:0,2:0:0:0:
344,360,53888,2,0,B|389:355|425:321|434:277|421:240|421:240|404:183|442:126|500:119,1,328.125,0|0,2:0|2:0,2:0:0:0:
304,24,53888,2,0,B|349:28|385:62|394:106|381:144|381:144|364:200|402:257|460:265,1,328.125,0|0,2:0|2:0,2:0:0:0:
304,23,53888,2,0,B|348:35|377:75|378:121|359:156|359:156|332:208|359:271|415:289,1,328.125,0|0,2:0|2:0,2:0:0:0:
304,23,53888,2,0,B|346:42|368:87|361:132|336:164|336:164|301:210|316:277|368:304,1,328.125,0|0,2:0|2:0,2:0:0:0:
208,23,53888,2,0,B|165:42|143:87|150:132|176:164|176:164|210:210|195:277|144:304,1,328.125,0|0,2:0|2:0,2:0:0:0:
208,23,53888,2,0,B|163:35|134:75|133:121|152:156|152:156|179:208|152:271|97:289,1,328.125,0|0,2:0|2:0,2:0:0:0:
208,24,53888,2,0,B|162:28|126:62|117:106|131:144|131:144|147:200|109:257|52:265,1,328.125,0|0,2:0|2:0,2:0:0:0:
168,360,53888,2,0,B|125:340|103:296|110:250|136:220|136:220|170:173|155:106|104:80,1,328.125,0|0,2:0|2:0,2:0:0:0:
168,360,53888,2,0,B|123:348|93:308|93:262|112:228|112:228|139:175|112:112|57:95,1,328.125,0|0,2:0|2:0,2:0:0:0:
168,360,53888,2,0,B|122:355|86:321|77:277|91:240|91:240|107:183|69:126|12:119,1,328.125,0|0,2:0|2:0,2:0:0:0:
128,164,54062,1,0,2:0:0:0:
124,218,54411,1,2,2:0:0:0:
120,164,54585,1,0,2:0:0:0:
112,164,54934,1,0,2:0:0:0:
108,218,55109,1,2,2:0:0:0:
104,164,55283,1,0,2:0:0:0:
96,164,55457,1,0,2:0:0:0:
88,164,55632,1,0,2:0:0:0:
84,218,55805,1,2,2:0:0:0:
0,60,55806,2,0,P|15:53|26:43,1,29.829545974731445,0|0,2:0|2:0,2:0:0:0:
0,60,55806,2,0,P|16:59|31:53,1,29.829545974731445,0|0,2:0|2:0,2:0:0:0:
0,60,55806,2,0,P|16:65|31:64,1,29.829545974731445,0|0,2:0|2:0,2:0:0:0:
0,60,55806,2,0,P|15:67|26:78,1,29.829545974731445,0|0,2:0|2:0,2:0:0:0:
0,60,55806,2,0,P|16:61|31:67,1,29.829545974731445,0|0,2:0|2:0,2:0:0:0:
0,60,55806,2,0,P|16:56|31:56,1,29.829545974731445,0|0,2:0|2:0,2:0:0:0:
512,60,55806,2,0,P|496:53|485:43,1,29.829545974731445,0|0,2:0|2:0,2:0:0:0:
512,60,55806,2,0,P|495:59|480:53,1,29.829545974731445,0|0,2:0|2:0,2:0:0:0:
512,60,55806,2,0,P|495:65|480:64,1,29.829545974731445,0|0,2:0|2:0,2:0:0:0:
512,60,55806,2,0,P|496:67|485:78,1,29.829545974731445,0|0,2:0|2:0,2:0:0:0:
512,60,55806,2,0,P|495:61|480:67,1,29.829545974731445,0|0,2:0|2:0,2:0:0:0:
512,60,55806,2,0,P|495:56|480:56,1,29.829545974731445,0|0,2:0|2:0,2:0:0:0:
35,59,56155,2,0,P|39:130|165:318,1,302.3999938964844,0|0,2:0|2:0,2:0:0:0:
35,59,56155,2,0,P|28:131|115:341,1,302.3999938964844,0|0,2:0|2:0,2:0:0:0:
35,59,56155,2,0,P|18:136|62:352,1,302.3999938964844,0|0,2:0|2:0,2:0:0:0:
444,384,56155,2,0,P|462:307|418:91,1,302.3999938964844,0|0,2:0|2:0,2:0:0:0:
444,384,56155,2,0,P|452:312|365:102,1,302.3999938964844,0|0,2:0|2:0,2:0:0:0:
444,384,56155,2,0,P|441:313|315:125,1,302.3999938964844,0|0,2:0|2:0,2:0:0:0:
67,384,56155,2,0,P|49:307|93:91,1,302.3999938964844,0|0,2:0|2:0,2:0:0:0:
67,384,56155,2,0,P|59:312|146:102,1,302.3999938964844,0|0,2:0|2:0,2:0:0:0:
67,384,56155,2,0,P|70:313|196:125,1,302.3999938964844,0|0,2:0|2:0,2:0:0:0:
230,304,56155,5,0,2:0:0:0:
159,46,56155,1,4,2:0:0:0:
475,59,56155,2,0,P|493:136|449:352,1,302.3999938964844,0|0,2:0|2:0,2:0:0:0:
475,59,56155,2,0,P|483:131|396:341,1,302.3999938964844,0|0,2:0|2:0,2:0:0:0:
475,59,56155,2,0,P|472:130|346:318,1,302.3999938964844,0|0,2:0|2:0,2:0:0:0:
234,339,56504,1,2,2:0:0:0:
207,58,56678,1,6,2:0:0:0:
255,42,56853,1,4,2:0:0:0:
238,304,56853,1,0,2:0:0:0:
303,58,57202,1,6,2:0:0:0:
242,339,57202,1,2,2:0:0:0:
246,304,57376,1,0,2:0:0:0:
351,42,57550,1,4,2:0:0:0:
254,304,57725,1,0,2:0:0:0:
258,339,57899,1,2,2:0:0:0:
207,58,57899,1,6,2:0:0:0:
262,304,58074,1,0,2:0:0:0:
148,21,58248,2,0,P|155:53|182:88,1,75.5999984741211,0|0,2:0|2:0,2:0:0:0:
148,21,58248,2,0,P|144:58|152:97,1,75.5999984741211,0|0,2:0|2:0,2:0:0:0:
148,21,58248,2,0,P|163:49|202:67,1,75.5999984741211,0|0,2:0|2:0,2:0:0:0:
148,21,58248,2,0,P|115:31|74:20,1,75.5999984741211,0|0,2:0|2:0,2:0:0:0:
148,21,58248,2,0,P|124:50|93:75,1,75.5999984741211,0|0,2:0|2:0,2:0:0:0:
148,21,58248,2,0,P|119:40|76:49,1,75.5999984741211,0|0,2:0|2:0,2:0:0:0:
363,21,58248,2,0,P|390:38|432:48,1,75.5999984741211,0|0,2:0|2:0,2:0:0:0:
363,21,58248,2,0,P|393:55|417:73,1,75.5999984741211,0|0,2:0|2:0,2:0:0:0:
363,21,58248,2,0,P|403:30|435:21,1,75.5999984741211,0|0,2:0|2:0,2:0:0:0:
363,21,58248,2,0,P|346:51|309:67,1,75.5999984741211,0|0,2:0|2:0,2:0:0:0:
363,21,58248,2,0,P|368:53|360:95,1,75.5999984741211,0|0,2:0|2:0,2:0:0:0:
363,21,58248,2,0,P|352:61|330:87,1,75.5999984741211,0|0,2:0|2:0,2:0:0:0:
255,42,58248,1,4,2:0:0:0:
270,304,58248,1,0,2:0:0:0:
278,304,58422,1,0,2:0:0:0:
282,339,58595,1,2,2:0:0:0:
303,58,58597,1,6,2:0:0:0:
148,21,58771,1,4,2:0:0:0:
363,21,58771,1,4,2:0:0:0:
512,216,58946,2,0,B|473:198|427:220|418:262|418:262|412:294|385:317|352:321|327:309,1,235.1999969482422,0|0,2:0|2:0,2:0:0:0:
512,216,58946,2,0,B|470:205|430:234|427:277|427:277|427:310|405:338|373:347|346:340,1,235.1999969482422,0|0,2:0|2:0,2:0:0:0:
512,216,58946,2,0,B|469:213|435:249|439:291|439:291|443:323|426:353|398:368|370:367,1,235.1999969482422,0|0,2:0|2:0,2:0:0:0:
0,216,58946,2,0,B|38:198|83:220|93:262|93:262|98:294|125:317|158:321|184:309,1,235.1999969482422,0|0,2:0|2:0,2:0:0:0:
148,21,58946,2,0,B|182:45|185:95|155:125|155:125|130:146|122:180|135:210|158:227,1,235.1999969482422,0|0,2:0|2:0,2:0:0:0:
363,21,58946,2,0,B|328:45|325:95|355:125|355:125|380:146|388:180|375:210|353:227,1,235.1999969482422,0|0,2:0|2:0,2:0:0:0:
278,304,58946,5,0,2:0:0:0:
0,216,58946,2,0,B|41:213|75:249|72:291|72:291|67:323|84:353|112:368|141:367,1,235.1999969482422,0|0,2:0|2:0,2:0:0:0:
0,216,58946,2,0,B|40:206|80:235|84:277|84:277|83:310|105:338|137:347|165:340,1,235.1999969482422,0|0,2:0|2:0,2:0:0:0:
148,21,58946,2,0,B|170:56|156:104|119:122|119:122|88:133|70:162|72:194|87:218,1,235.1999969482422,0|0,2:0|2:0,2:0:0:0:
148,21,58946,2,0,B|177:51|171:101|137:125|137:125|108:141|95:173|102:205|122:226,1,235.1999969482422,0|0,2:0|2:0,2:0:0:0:
363,21,58946,2,0,B|340:56|354:104|392:122|392:122|422:133|440:162|438:194|424:218,1,235.1999969482422,0|0,2:0|2:0,2:0:0:0:
363,21,58946,2,0,B|333:51|339:101|374:125|374:125|402:141|415:173|408:205|389:226,1,235.1999969482422,0|0,2:0|2:0,2:0:0:0:
274,339,59295,1,2,2:0:0:0:
270,304,59644,1,0,2:0:0:0:
266,339,59992,1,2,2:0:0:0:
262,304,60167,1,0,2:0:0:0:
8,376,60341,1,0,2:0:0:0:
0,375,60341,1,0,2:0:0:0:
511,375,60341,1,0,2:0:0:0:
503,376,60341,1,0,2:0:0:0:
254,304,60516,1,0,2:0:0:0:
8,331,60516,1,0,2:0:0:0:
0,331,60516,1,0,2:0:0:0:
511,331,60516,1,0,2:0:0:0:
503,331,60516,1,0,2:0:0:0:
250,339,60690,1,2,2:0:0:0:
8,287,60690,1,4,2:0:0:0:
0,286,60690,1,4,2:0:0:0:
511,286,60690,1,4,2:0:0:0:
503,287,60690,1,4,2:0:0:0:
246,304,60864,1,0,2:0:0:0:
8,242,60864,1,4,2:0:0:0:
0,242,60864,1,4,2:0:0:0:
511,242,60864,1,4,2:0:0:0:
503,242,60864,1,4,2:0:0:0:
9,198,60952,1,4,2:0:0:0:
0,198,60952,1,4,2:0:0:0:
511,198,60952,1,4,2:0:0:0:
502,198,60952,1,4,2:0:0:0:
238,304,61039,1,0,2:0:0:0:
9,153,61039,1,4,2:0:0:0:
0,153,61039,1,4,2:0:0:0:
511,153,61039,1,4,2:0:0:0:
502,153,61039,1,4,2:0:0:0:
230,304,61213,1,0,2:0:0:0:
9,109,61213,1,4,2:0:0:0:
0,109,61213,1,4,2:0:0:0:
511,109,61213,1,4,2:0:0:0:
502,109,61213,1,4,2:0:0:0:
226,339,61386,1,2,2:0:0:0:
9,64,61388,1,0,2:0:0:0:
0,64,61388,1,0,2:0:0:0:
511,64,61388,1,0,2:0:0:0:
502,64,61388,1,0,2:0:0:0:
9,20,61562,1,4,2:0:0:0:
0,20,61562,1,4,2:0:0:0:
511,20,61562,1,4,2:0:0:0:
502,20,61562,1,4,2:0:0:0:
9,4,61649,1,4,2:0:0:0:
0,4,61649,1,4,2:0:0:0:
502,4,61649,1,4,2:0:0:0:
512,4,61649,1,4,2:0:0:0:
88,363,61736,6,0,P|52:312|55:82,1,302.3999938964844,2|2,2:0|2:0,2:0:0:0:
88,363,61736,2,0,P|52:276|117:86,1,302.3999938964844,0|0,2:0|2:0,2:0:0:0:
88,363,61736,2,0,P|72:306|173:99,1,302.3999938964844,2|2,2:0|2:0,2:0:0:0:
106,20,61736,2,0,P|70:72|73:302,1,302.3999938964844,2|2,2:0|2:0,2:0:0:0:
106,20,61736,2,0,P|70:108|135:298,1,302.3999938964844,0|0,2:0|2:0,2:0:0:0:
106,20,61736,2,0,P|90:78|191:285,1,302.3999938964844,2|2,2:0|2:0,2:0:0:0:
405,20,61736,2,0,P|422:78|321:285,1,302.3999938964844,2|2,2:0|2:0,2:0:0:0:
405,20,61736,2,0,P|442:108|377:298,1,302.3999938964844,0|0,2:0|2:0,2:0:0:0:
405,20,61736,2,0,P|442:72|439:302,1,302.3999938964844,2|2,2:0|2:0,2:0:0:0:
423,363,61736,2,0,P|440:306|339:99,1,302.3999938964844,2|2,2:0|2:0,2:0:0:0:
423,363,61736,2,0,P|460:276|395:86,1,302.3999938964844,0|0,2:0|2:0,2:0:0:0:
423,363,61736,6,0,P|460:312|457:82,1,302.3999938964844,2|2,2:0|2:0,2:0:0:0:
376,164,61736,5,0,2:0:0:0:
380,218,62085,1,2,2:0:0:0:
384,164,62434,1,0,2:0:0:0:
388,218,62783,1,2,2:0:0:0:
392,164,62957,1,0,2:0:0:0:
400,164,63306,1,0,2:0:0:0:
404,218,63481,1,2,2:0:0:0:
408,164,63655,1,0,2:0:0:0:
335,21,63829,2,0,P|339:42|333:70,1,50.39999771118164,0|0,2:0|2:0,2:0:0:0:
336,20,63829,2,0,P|327:45|312:65,1,50.39999771118164,0|0,2:0|2:0,2:0:0:0:
336,20,63829,2,0,P|313:42|295:52,1,50.39999771118164,0|0,2:0|2:0,2:0:0:0:
336,21,63829,2,0,P|371:23|386:18,1,50.39999771118164,0|0,2:0|2:0,2:0:0:0:
336,21,63829,2,0,P|368:39|380:41,1,50.39999771118164,0|0,2:0|2:0,2:0:0:0:
336,21,63829,2,0,P|353:49|366:58,1,50.39999771118164,0|0,2:0|2:0,2:0:0:0:
175,21,63829,2,0,P|156:49|143:58,1,50.39999771118164,0|0,2:0|2:0,2:0:0:0:
175,21,63829,2,0,P|141:39|129:41,1,50.39999771118164,0|0,2:0|2:0,2:0:0:0:
175,21,63829,2,0,P|138:23|123:18,1,50.39999771118164,0|0,2:0|2:0,2:0:0:0:
175,20,63829,2,0,P|197:42|215:52,1,50.39999771118164,0|0,2:0|2:0,2:0:0:0:
175,20,63829,2,0,P|182:45|197:65,1,50.39999771118164,0|0,2:0|2:0,2:0:0:0:
175,21,63829,2,0,P|170:42|176:70,1,50.39999771118164,0|0,2:0|2:0,2:0:0:0:
416,164,63829,1,0,2:0:0:0:
424,164,64004,1,0,2:0:0:0:
175,21,64091,1,12,2:0:0:0:
336,21,64091,1,12,2:0:0:0:
428,218,64177,1,2,2:0:0:0:
9,288,64527,2,0,P|32:298|46:321,1,52.5,0|0,2:0|2:0,2:0:0:0:
9,288,64527,2,0,P|34:289|59:304,1,52.5,0|0,2:0|2:0,2:0:0:0:
9,288,64527,2,0,P|34:280|63:282,1,52.5,0|0,2:0|2:0,2:0:0:0:
502,288,64527,2,0,P|479:298|465:321,1,52.5,0|0,2:0|2:0,2:0:0:0:
502,288,64527,2,0,P|477:289|452:304,1,52.5,0|0,2:0|2:0,2:0:0:0:
502,288,64527,2,0,P|477:280|448:282,1,52.5,0|0,2:0|2:0,2:0:0:0:
136,164,64527,5,0,2:0:0:0:
9,288,64527,2,0,P|28:270|41:245,1,52.5,0|0,2:0|2:0,2:0:0:0:
9,288,64527,2,0,P|21:266|20:236,1,52.5,0|0,2:0|2:0,2:0:0:0:
9,288,64527,2,0,P|12:264|0:239,1,52.5,0|0,2:0|2:0,2:0:0:0:
502,288,64527,2,0,P|483:270|470:245,1,52.5,0|0,2:0|2:0,2:0:0:0:
502,288,64527,2,0,P|490:266|491:236,1,52.5,0|0,2:0|2:0,2:0:0:0:
502,288,64527,2,0,P|499:264|512:239,1,52.5,0|0,2:0|2:0,2:0:0:0:
132,218,64876,1,2,2:0:0:0:
344,23,65050,2,0,B|386:42|408:87|401:132|376:164|376:164|341:210|356:277|408:304,1,328.125,0|0,2:0|2:0,2:0:0:0:
344,23,65050,2,0,B|388:35|417:75|418:121|399:156|399:156|372:208|399:271|455:289,1,328.125,0|0,2:0|2:0,2:0:0:0:
344,24,65050,2,0,B|389:28|425:62|434:106|421:144|421:144|404:200|442:257|500:265,1,328.125,0|0,2:0|2:0,2:0:0:0:
304,359,65050,2,0,B|349:355|385:321|394:277|381:240|381:240|364:183|402:126|460:119,1,328.125,0|0,2:0|2:0,2:0:0:0:
304,360,65050,2,0,B|348:347|378:307|379:261|359:227|359:227|332:175|359:111|415:95,1,328.125,0|0,2:0|2:0,2:0:0:0:
304,360,65050,2,0,B|346:340|368:295|361:249|335:219|335:219|301:172|316:106|368:80,1,328.125,0|0,2:0|2:0,2:0:0:0:
208,360,65050,2,0,B|165:340|143:295|150:249|176:219|176:219|210:172|195:106|144:80,1,328.125,0|0,2:0|2:0,2:0:0:0:
208,360,65050,2,0,B|163:347|133:307|132:261|153:227|153:227|179:175|152:111|97:95,1,328.125,0|0,2:0|2:0,2:0:0:0:
208,359,65050,2,0,B|162:355|126:321|117:277|131:240|131:240|147:183|109:126|52:119,1,328.125,0|0,2:0|2:0,2:0:0:0:
168,23,65050,2,0,B|125:42|103:87|110:132|136:164|136:164|170:210|155:277|104:304,1,328.125,0|0,2:0|2:0,2:0:0:0:
168,23,65050,2,0,B|123:35|94:75|93:121|112:156|112:156|139:208|112:271|57:289,1,328.125,0|0,2:0|2:0,2:0:0:0:
168,24,65050,2,0,B|122:28|86:62|77:106|91:144|91:144|107:200|69:257|12:265,1,328.125,0|0,2:0|2:0,2:0:0:0:
128,164,65225,1,0,2:0:0:0:
124,218,65574,1,2,2:0:0:0:
120,164,65748,1,0,2:0:0:0:
112,164,66097,1,0,2:0:0:0:
108,218,66271,1,2,2:0:0:0:
104,164,66446,1,0,2:0:0:0:
96,164,66620,1,0,2:0:0:0:
88,164,66795,1,0,2:0:0:0:
84,218,66967,1,2,2:0:0:0:
0,323,66969,2,0,P|15:331|26:341,1,29.829545974731445,0|0,2:0|2:0,2:0:0:0:
0,323,66969,2,0,P|16:325|31:331,1,29.829545974731445,0|0,2:0|2:0,2:0:0:0:
0,323,66969,2,0,P|16:319|31:320,1,29.829545974731445,0|0,2:0|2:0,2:0:0:0:
0,323,66969,2,0,P|15:317|26:306,1,29.829545974731445,0|0,2:0|2:0,2:0:0:0:
0,323,66969,2,0,P|16:323|31:317,1,29.829545974731445,0|0,2:0|2:0,2:0:0:0:
0,323,66969,2,0,P|16:328|31:328,1,29.829545974731445,0|0,2:0|2:0,2:0:0:0:
512,323,66969,2,0,P|496:331|485:341,1,29.829545974731445,0|0,2:0|2:0,2:0:0:0:
512,323,66969,2,0,P|495:325|480:331,1,29.829545974731445,0|0,2:0|2:0,2:0:0:0:
512,323,66969,2,0,P|495:319|480:320,1,29.829545974731445,0|0,2:0|2:0,2:0:0:0:
512,323,66969,2,0,P|496:317|485:306,1,29.829545974731445,0|0,2:0|2:0,2:0:0:0:
512,323,66969,2,0,P|495:323|480:317,1,29.829545974731445,0|0,2:0|2:0,2:0:0:0:
512,323,66969,2,0,P|495:328|480:328,1,29.829545974731445,0|0,2:0|2:0,2:0:0:0:
35,322,67318,2,0,P|38:252|164:64,1,302.3999938964844,0|0,2:0|2:0,2:0:0:0:
35,322,67318,2,0,P|27:251|114:41,1,302.3999938964844,0|0,2:0|2:0,2:0:0:0:
35,322,67318,2,0,P|17:246|61:30,1,302.3999938964844,0|0,2:0|2:0,2:0:0:0:
444,0,67318,2,0,P|462:77|418:293,1,302.3999938964844,0|0,2:0|2:0,2:0:0:0:
444,0,67318,2,0,P|452:72|365:282,1,302.3999938964844,0|0,2:0|2:0,2:0:0:0:
444,0,67318,2,0,P|441:71|315:259,1,302.3999938964844,0|0,2:0|2:0,2:0:0:0:
67,0,67318,2,0,P|49:77|93:293,1,302.3999938964844,0|0,2:0|2:0,2:0:0:0:
67,0,67318,2,0,P|59:72|146:282,1,302.3999938964844,0|0,2:0|2:0,2:0:0:0:
67,0,67318,2,0,P|70:71|196:259,1,302.3999938964844,0|0,2:0|2:0,2:0:0:0:
35,322,67318,2,0,P|17:246|61:30,1,302.3999938964844,0|0,2:0|2:0,2:0:0:0:
35,322,67318,2,0,P|27:251|114:41,1,302.3999938964844,0|0,2:0|2:0,2:0:0:0:
35,322,67318,2,0,P|38:252|164:64,1,302.3999938964844,0|0,2:0|2:0,2:0:0:0:
159,338,67318,1,4,2:0:0:0:
231,40,67318,5,0,2:0:0:0:
475,322,67318,2,0,P|492:246|448:30,1,302.3999938964844,0|0,2:0|2:0,2:0:0:0:
475,322,67318,2,0,P|482:251|395:41,1,302.3999938964844,0|0,2:0|2:0,2:0:0:0:
475,322,67318,2,0,P|471:252|345:64,1,302.3999938964844,0|0,2:0|2:0,2:0:0:0:
235,76,67667,1,2,2:0:0:0:
207,326,67841,1,6,2:0:0:0:
255,342,68016,1,4,2:0:0:0:
239,40,68016,1,0,2:0:0:0:
303,326,68364,1,6,2:0:0:0:
243,76,68364,1,2,2:0:0:0:
247,40,68539,1,0,2:0:0:0:
351,342,68713,1,4,2:0:0:0:
255,40,68888,1,0,2:0:0:0:
207,326,69062,1,6,2:0:0:0:
259,76,69062,1,2,2:0:0:0:
263,40,69236,1,0,2:0:0:0:
148,362,69411,2,0,P|155:331|182:296,1,75.5999984741211,0|0,2:0|2:0,2:0:0:0:
148,362,69411,2,0,P|144:326|152:287,1,75.5999984741211,0|0,2:0|2:0,2:0:0:0:
148,362,69411,2,0,P|163:335|202:317,1,75.5999984741211,0|0,2:0|2:0,2:0:0:0:
148,362,69411,2,0,P|115:353|74:364,1,75.5999984741211,0|0,2:0|2:0,2:0:0:0:
148,362,69411,2,0,P|124:334|93:309,1,75.5999984741211,0|0,2:0|2:0,2:0:0:0:
148,362,69411,2,0,P|119:344|76:335,1,75.5999984741211,0|0,2:0|2:0,2:0:0:0:
363,362,69411,2,0,P|390:346|432:336,1,75.5999984741211,0|0,2:0|2:0,2:0:0:0:
363,362,69411,2,0,P|393:328|417:310,1,75.5999984741211,0|0,2:0|2:0,2:0:0:0:
363,362,69411,2,0,P|403:353|435:362,1,75.5999984741211,0|0,2:0|2:0,2:0:0:0:
363,362,69411,2,0,P|346:333|309:317,1,75.5999984741211,0|0,2:0|2:0,2:0:0:0:
363,362,69411,2,0,P|368:331|360:289,1,75.5999984741211,0|0,2:0|2:0,2:0:0:0:
363,362,69411,2,0,P|352:323|330:297,1,75.5999984741211,0|0,2:0|2:0,2:0:0:0:
255,342,69411,1,4,2:0:0:0:
271,40,69411,1,0,2:0:0:0:
303,326,69585,1,6,2:0:0:0:
279,40,69585,1,0,2:0:0:0:
283,76,69758,1,2,2:0:0:0:
148,362,69934,1,6,2:0:0:0:
148,362,69934,1,4,2:0:0:0:
363,362,69934,1,6,2:0:0:0:
363,362,69934,1,4,2:0:0:0:
512,168,70108,2,0,B|473:185|427:163|418:122|418:122|412:89|385:66|352:62|327:75,1,235.1999969482422,0|0,2:0|2:0,2:0:0:0:
512,168,70109,2,0,B|470:178|430:149|427:107|427:107|427:73|405:45|373:36|346:44,1,235.1999969482422,0|0,2:0|2:0,2:0:0:0:
512,168,70109,2,0,B|469:170|435:134|439:93|439:93|443:60|426:30|398:15|370:17,1,235.1999969482422,0|0,2:0|2:0,2:0:0:0:
0,168,70109,2,0,B|38:185|83:163|93:122|93:122|98:89|125:66|158:62|184:75,1,235.1999969482422,0|0,2:0|2:0,2:0:0:0:
148,362,70109,2,0,B|174:342|185:309|175:278|155:259|155:259|130:237|122:203|135:173|158:157,1,235.1999969482422,0|0,2:0|2:0,2:0:0:0:
363,362,70109,2,0,B|336:342|325:309|335:278|355:259|355:259|380:237|388:203|375:173|353:157,1,235.1999969482422,0|0,2:0|2:0,2:0:0:0:
279,40,70109,5,0,2:0:0:0:
0,168,70109,2,0,B|41:170|75:134|72:93|72:93|67:60|84:30|112:15|141:17,1,235.1999969482422,0|0,2:0|2:0,2:0:0:0:
0,168,70109,2,0,B|40:177|80:148|84:107|84:107|83:73|105:45|137:36|165:44,1,235.1999969482422,0|0,2:0|2:0,2:0:0:0:
148,362,70109,2,0,B|170:326|156:279|119:262|119:262|88:250|70:221|72:189|87:166,1,235.1999969482422,0|0,2:0|2:0,2:0:0:0:
148,362,70109,2,0,B|177:331|171:282|137:259|137:259|108:242|95:210|102:178|122:158,1,235.1999969482422,0|0,2:0|2:0,2:0:0:0:
363,362,70109,2,0,B|340:326|354:279|392:262|392:262|422:250|440:221|438:189|424:166,1,235.1999969482422,0|0,2:0|2:0,2:0:0:0:
363,362,70109,2,0,B|333:331|339:282|374:259|374:259|402:242|415:210|408:178|389:158,1,235.1999969482422,0|0,2:0|2:0,2:0:0:0:
275,76,70457,1,2,2:0:0:0:
271,40,70806,1,0,2:0:0:0:
267,76,71155,1,2,2:0:0:0:
263,40,71329,1,0,2:0:0:0:
8,376,71504,1,0,2:0:0:0:
0,375,71504,1,0,2:0:0:0:
511,375,71504,1,0,2:0:0:0:
503,376,71504,1,0,2:0:0:0:
255,40,71678,1,0,2:0:0:0:
8,331,71678,1,0,2:0:0:0:
0,331,71678,1,0,2:0:0:0:
511,331,71678,1,0,2:0:0:0:
503,331,71678,1,0,2:0:0:0:
251,76,71853,1,2,2:0:0:0:
8,287,71853,1,4,2:0:0:0:
0,286,71853,1,4,2:0:0:0:
511,286,71853,1,4,2:0:0:0:
503,287,71853,1,4,2:0:0:0:
247,40,72027,1,0,2:0:0:0:
8,242,72027,1,4,2:0:0:0:
0,242,72027,1,4,2:0:0:0:
511,242,72027,1,4,2:0:0:0:
503,242,72027,1,4,2:0:0:0:
9,198,72114,1,4,2:0:0:0:
0,198,72114,1,4,2:0:0:0:
511,198,72114,1,4,2:0:0:0:
502,198,72114,1,4,2:0:0:0:
239,40,72202,1,0,2:0:0:0:
9,153,72202,1,4,2:0:0:0:
0,153,72202,1,4,2:0:0:0:
511,153,72202,1,4,2:0:0:0:
502,153,72202,1,4,2:0:0:0:
231,40,72376,1,0,2:0:0:0:
9,109,72376,1,4,2:0:0:0:
0,109,72376,1,4,2:0:0:0:
511,109,72376,1,4,2:0:0:0:
502,109,72376,1,4,2:0:0:0:
227,76,72549,1,2,2:0:0:0:
9,64,72550,1,0,2:0:0:0:
0,64,72550,1,0,2:0:0:0:
511,64,72550,1,0,2:0:0:0:
502,64,72550,1,0,2:0:0:0:
9,20,72725,1,4,2:0:0:0:
0,20,72725,1,4,2:0:0:0:
511,20,72725,1,4,2:0:0:0:
502,20,72725,1,4,2:0:0:0:
256,191,72899,2,0,B|150:57|89:201|0:88,1,294,0|0,2:0|2:0,2:0:0:0:
256,191,72899,2,0,B|175:40|90:171|21:45,1,294,0|0,2:0|2:0,2:0:0:0:
256,191,72899,2,0,B|203:29|96:143|50:7,1,294,0|0,2:0|2:0,2:0:0:0:
255,191,72899,2,0,B|308:29|415:143|461:5,1,294,0|0,2:0|2:0,2:0:0:0:
255,191,72899,2,0,B|336:40|421:171|490:44,1,294,0|0,2:0|2:0,2:0:0:0:
255,191,72899,2,0,B|361:57|422:201|512:87,1,294,0|0,2:0|2:0,2:0:0:0:
211,362,72899,2,0,B|213:191|75:264|76:119,1,294,0|0,2:0|2:0,2:0:0:0:
211,362,72899,2,0,B|183:193|60:289|36:146,1,294,0|0,2:0|2:0,2:0:0:0:
211,362,72899,2,0,B|154:201|49:317|1:180,1,294,0|0,2:0|2:0,2:0:0:0:
300,362,72899,2,0,B|357:201|462:317|510:180,1,294,0|0,2:0|2:0,2:0:0:0:
300,362,72899,2,0,B|328:193|451:289|475:146,1,294,0|0,2:0|2:0,2:0:0:0:
300,362,72899,2,0,B|298:191|436:264|435:119,1,294,0|0,2:0|2:0,2:0:0:0:
160,304,72899,5,0,2:0:0:0:
178,309,73248,1,2,2:0:0:0:
197,314,73597,1,0,2:0:0:0:
217,317,73946,1,2,2:0:0:0:
236,319,74120,1,0,2:0:0:0:
256,320,74469,1,0,2:0:0:0:
275,319,74643,1,2,2:0:0:0:
295,318,74818,1,0,2:0:0:0:
474,352,74992,6,0,P|445:334|395:287,1,88.20000457763672,0|0,2:0|2:0,2:0:0:0:
474,352,74992,2,0,P|453:326|443:266,1,88.19999694824219,0|0,2:0|2:0,2:0:0:0:
474,352,74992,2,0,P|417:344|382:349,1,88.19999694824219,0|0,2:0|2:0,2:0:0:0:
37,352,74992,6,0,P|66:335|115:288,1,88.20000457763672,0|0,2:0|2:0,2:0:0:0:
8,182,74992,6,0,P|42:181|108:165,1,88.20000457763672,0|0,2:0|2:0,2:0:0:0:
503,182,74992,6,0,P|469:181|403:165,1,88.20000457763672,0|0,2:0|2:0,2:0:0:0:
314,314,74992,1,0,2:0:0:0:
37,352,74992,2,0,P|93:344|128:349,1,88.19999694824219,0|0,2:0|2:0,2:0:0:0:
37,352,74992,2,0,P|58:326|68:266,1,88.19999694824219,0|0,2:0|2:0,2:0:0:0:
8,182,74992,2,0,P|62:204|90:226,1,88.19999694824219,0|0,2:0|2:0,2:0:0:0:
8,182,74992,2,0,P|39:169|78:122,1,88.19999694824219,0|0,2:0|2:0,2:0:0:0:
503,182,74992,2,0,P|449:204|421:226,1,88.19999694824219,0|0,2:0|2:0,2:0:0:0:
503,182,74992,2,0,P|472:169|433:122,1,88.19999694824219,0|0,2:0|2:0,2:0:0:0:
333,310,75167,1,0,2:0:0:0:
352,304,75341,1,2,2:0:0:0:
464,348,75516,1,12,2:0:0:0:
44,349,75516,1,12,2:0:0:0:
492,181,75516,1,12,2:0:0:0:
19,182,75516,1,12,2:0:0:0:
256,192,75690,2,0,B|203:355|96:241|50:377,1,294,0|0,2:0|2:0,2:0:0:0:
256,192,75690,2,0,B|175:344|90:213|21:339,1,294,0|0,2:0|2:0,2:0:0:0:
256,192,75690,2,0,B|150:327|89:183|0:296,1,294,0|0,2:0|2:0,2:0:0:0:
400,219,75690,5,0,2:0:0:0:
255,191,75690,2,0,B|361:326|422:182|512:296,1,294,0|0,2:0|2:0,2:0:0:0:
255,191,75690,2,0,B|336:343|421:212|490:339,1,294,0|0,2:0|2:0,2:0:0:0:
255,191,75690,2,0,B|308:354|415:240|461:378,1,294,0|0,2:0|2:0,2:0:0:0:
300,21,75690,2,0,B|298:193|436:120|435:265,1,294,0|0,2:0|2:0,2:0:0:0:
300,21,75690,2,0,B|328:191|451:95|475:238,1,294,0|0,2:0|2:0,2:0:0:0:
300,21,75690,2,0,B|357:183|462:67|510:204,1,294,0|0,2:0|2:0,2:0:0:0:
211,21,75690,2,0,B|154:183|49:67|1:204,1,294,0|0,2:0|2:0,2:0:0:0:
211,21,75690,2,0,B|183:191|60:95|36:238,1,294,0|0,2:0|2:0,2:0:0:0:
211,21,75690,2,0,B|213:193|75:120|76:265,1,294,0|0,2:0|2:0,2:0:0:0:
396,200,76039,1,2,2:0:0:0:
391,181,76388,1,0,2:0:0:0:
384,162,76736,1,2,2:0:0:0:
376,144,76911,1,0,2:0:0:0:
367,127,77260,1,0,2:0:0:0:
356,110,77434,1,2,2:0:0:0:
345,95,77609,1,0,2:0:0:0:
37,31,77783,6,0,P|66:49|116:96,1,88.20000457763672,0|0,2:0|2:0,2:0:0:0:
333,79,77783,1,0,2:0:0:0:
37,31,77783,2,0,P|59:58|69:118,1,88.19999694824219,0|0,2:0|2:0,2:0:0:0:
37,31,77783,2,0,P|95:40|130:35,1,88.19999694824219,0|0,2:0|2:0,2:0:0:0:
474,31,77783,6,0,P|446:49|397:96,1,88.20000457763672,0|0,2:0|2:0,2:0:0:0:
503,201,77783,6,0,P|470:203|404:219,1,88.20000457763672,0|0,2:0|2:0,2:0:0:0:
8,201,77783,6,0,P|43:203|109:219,1,88.20000457763672,0|0,2:0|2:0,2:0:0:0:
474,31,77783,2,0,P|418:40|383:35,1,88.19999694824219,0|0,2:0|2:0,2:0:0:0:
474,31,77783,2,0,P|454:58|444:118,1,88.19999694824219,0|0,2:0|2:0,2:0:0:0:
503,201,77783,2,0,P|450:180|422:158,1,88.19999694824219,0|0,2:0|2:0,2:0:0:0:
503,201,77783,2,0,P|473:215|434:262,1,88.19999694824219,0|0,2:0|2:0,2:0:0:0:
8,201,77783,2,0,P|63:180|91:158,1,88.19999694824219,0|0,2:0|2:0,2:0:0:0:
8,201,77783,2,0,P|40:215|79:262,1,88.19999694824219,0|0,2:0|2:0,2:0:0:0:
319,65,77957,1,0,2:0:0:0:
305,52,78132,1,2,2:0:0:0:
463,37,78306,1,12,2:0:0:0:
493,202,78306,1,12,2:0:0:0:
15,203,78306,1,12,2:0:0:0:
42,35,78306,1,12,2:0:0:0:
178,13,78481,6,0,B|132:178|38:104|-1:249,1,294,0|0,2:0|2:0,2:0:0:0:
178,13,78481,6,0,B|191:184|77:146|90:296,1,294,0|0,2:0|2:0,2:0:0:0:
178,13,78481,6,0,B|161:184|56:127|42:276,1,294,0|0,2:0|2:0,2:0:0:0:
333,13,78481,6,0,B|379:178|473:104|513:249,1,294,0|0,2:0|2:0,2:0:0:0:
2,109,78481,6,0,P|81:146|135:344,1,294,0|0,2:0|2:0,2:0:0:0:
2,109,78481,6,0,P|86:132|174:318,1,294,0|0,2:0|2:0,2:0:0:0:
509,109,78481,6,0,P|425:132|337:318,1,294,0|0,2:0|2:0,2:0:0:0:
509,109,78481,6,0,P|430:146|376:344,1,294,0|0,2:0|2:0,2:0:0:0:
111,219,78481,5,0,2:0:0:0:
333,13,78481,6,0,B|350:184|455:127|469:276,1,294,0|0,2:0|2:0,2:0:0:0:
333,13,78481,6,0,B|320:184|434:146|421:296,1,294,0|0,2:0|2:0,2:0:0:0:
2,109,78481,6,0,P|73:159|92:364,1,294,0|0,2:0|2:0,2:0:0:0:
509,109,78481,6,0,P|438:159|419:364,1,294,0|0,2:0|2:0,2:0:0:0:
115,200,78829,1,2,2:0:0:0:
120,181,79178,1,0,2:0:0:0:
127,162,79527,1,2,2:0:0:0:
135,144,79702,1,0,2:0:0:0:
144,127,80050,1,0,2:0:0:0:
155,110,80225,1,2,2:0:0:0:
166,95,80399,1,0,2:0:0:0:
5,355,80574,6,0,P|22:326|69:277,1,88.20000457763672,0|0,2:0|2:0,2:0:0:0:
506,355,80574,6,0,P|489:326|442:277,1,88.20000457763672,0|0,2:0|2:0,2:0:0:0:
3,215,80574,6,0,P|33:198|99:179,1,88.20000457763672,0|0,2:0|2:0,2:0:0:0:
508,215,80574,6,0,P|478:198|412:179,1,88.20000457763672,0|0,2:0|2:0,2:0:0:0:
178,79,80574,1,0,2:0:0:0:
5,355,80574,2,0,P|31:334|91:324,1,88.19999694824219,0|0,2:0|2:0,2:0:0:0:
5,355,80574,2,0,P|13:298|8:263,1,88.19999694824219,0|0,2:0|2:0,2:0:0:0:
506,355,80574,2,0,P|498:298|503:263,1,88.19999694824219,0|0,2:0|2:0,2:0:0:0:
506,355,80574,2,0,P|480:334|420:324,1,88.19999694824219,0|0,2:0|2:0,2:0:0:0:
4,216,80574,2,0,P|40:170|53:137,1,88.19999694824219,0|0,2:0|2:0,2:0:0:0:
4,216,80574,2,0,P|37:210|94:231,1,88.19999694824219,0|0,2:0|2:0,2:0:0:0:
507,216,80574,2,0,P|471:170|458:137,1,88.19999694824219,0|0,2:0|2:0,2:0:0:0:
507,216,80574,2,0,P|474:210|417:231,1,88.19999694824219,0|0,2:0|2:0,2:0:0:0:
192,65,80748,1,0,2:0:0:0:
206,52,80923,1,2,2:0:0:0:
7,346,81097,1,12,2:0:0:0:
9,210,81097,1,12,2:0:0:0:
501,212,81097,1,12,2:0:0:0:
504,346,81097,1,12,2:0:0:0:
7,368,81271,1,0,2:0:0:0:
0,368,81271,1,0,2:0:0:0:
504,368,81271,1,0,2:0:0:0:
512,368,81271,1,0,2:0:0:0:
511,276,81271,2,0,P|477:273|298:393,1,252,0|0,2:0|2:0,2:0:0:0:
511,276,81271,2,0,P|479:269|281:354,1,252,0|0,2:0|2:0,2:0:0:0:
0,276,81271,2,0,P|32:269|230:354,1,252,0|0,2:0|2:0,2:0:0:0:
0,276,81271,2,0,P|34:273|213:393,1,252,0|0,2:0|2:0,2:0:0:0:
511,276,81271,2,0,P|480:263|271:312,1,252,0|0,2:0|2:0,2:0:0:0:
0,276,81271,2,0,P|31:263|240:312,1,252,0|0,2:0|2:0,2:0:0:0:
7,346,81446,1,0,2:0:0:0:
0,346,81446,1,0,2:0:0:0:
504,346,81446,1,0,2:0:0:0:
512,346,81446,1,0,2:0:0:0:
7,324,81620,1,4,2:0:0:0:
0,324,81620,1,4,2:0:0:0:
504,324,81620,1,4,2:0:0:0:
512,324,81620,1,4,2:0:0:0:
7,302,81795,1,0,2:0:0:0:
0,302,81795,1,0,2:0:0:0:
504,302,81795,1,0,2:0:0:0:
512,302,81795,1,0,2:0:0:0:
7,281,81969,1,0,2:0:0:0:
0,281,81969,1,0,2:0:0:0:
504,281,81969,1,0,2:0:0:0:
512,281,81969,1,0,2:0:0:0:
8,259,82143,1,4,2:0:0:0:
0,259,82143,1,4,2:0:0:0:
503,259,82143,1,4,2:0:0:0:
512,259,82143,1,4,2:0:0:0:
8,237,82318,1,0,2:0:0:0:
0,237,82318,1,0,2:0:0:0:
503,237,82318,1,0,2:0:0:0:
512,237,82318,1,0,2:0:0:0:
8,215,82492,1,4,2:0:0:0:
0,215,82492,1,4,2:0:0:0:
503,215,82492,1,4,2:0:0:0:
512,215,82492,1,4,2:0:0:0:
8,194,82667,1,0,2:0:0:0:
0,194,82667,1,0,2:0:0:0:
503,194,82667,1,0,2:0:0:0:
512,194,82667,1,0,2:0:0:0:
8,172,82841,1,0,2:0:0:0:
0,172,82841,1,0,2:0:0:0:
503,172,82841,1,0,2:0:0:0:
512,172,82841,1,0,2:0:0:0:
8,150,83016,1,4,2:0:0:0:
0,150,83016,1,4,2:0:0:0:
503,150,83016,1,4,2:0:0:0:
512,150,83016,1,4,2:0:0:0:
8,128,83190,1,4,2:0:0:0:
0,128,83190,1,4,2:0:0:0:
503,128,83190,1,4,2:0:0:0:
512,128,83190,1,4,2:0:0:0:
9,107,83277,1,4,2:0:0:0:
0,107,83277,1,4,2:0:0:0:
502,107,83277,1,4,2:0:0:0:
512,107,83277,1,4,2:0:0:0:
9,85,83364,1,4,2:0:0:0:
0,85,83364,1,4,2:0:0:0:
502,85,83364,1,4,2:0:0:0:
512,85,83364,1,4,2:0:0:0:
140,47,83364,1,12,2:0:0:0:
140,47,83364,1,12,2:0:0:0:
371,47,83364,1,12,2:0:0:0:
371,47,83364,1,12,2:0:0:0:
9,63,83539,1,4,2:0:0:0:
0,63,83539,1,4,2:0:0:0:
502,63,83539,1,4,2:0:0:0:
512,63,83539,1,4,2:0:0:0:
9,42,83713,1,0,2:0:0:0:
0,41,83713,1,0,2:0:0:0:
502,42,83713,1,0,2:0:0:0:
512,41,83713,1,0,2:0:0:0:
371,47,83713,1,12,2:0:0:0:
371,47,83713,1,12,2:0:0:0:
140,47,83713,1,12,2:0:0:0:
140,47,83713,1,12,2:0:0:0:
140,47,83713,1,6,2:0:0:0:
371,47,83713,1,6,2:0:0:0:
32,347,83713,1,12,2:0:0:0:
32,347,83713,1,12,2:0:0:0:
479,347,83713,1,12,2:0:0:0:
479,347,83713,1,12,2:0:0:0:
9,20,83888,1,4,2:0:0:0:
0,20,83888,1,4,2:0:0:0:
502,20,83888,1,4,2:0:0:0:
512,20,83888,1,4,2:0:0:0:
5,22,84062,5,4,2:0:0:0:
26,40,84411,1,2,2:0:0:0:
51,52,84760,1,0,2:0:0:0:
75,63,85109,1,2,2:0:0:0:
100,69,85283,1,0,2:0:0:0:
128,71,85632,1,0,2:0:0:0:
156,68,85806,1,2,2:0:0:0:
182,61,85981,1,0,2:0:0:0:
209,52,86155,1,0,2:0:0:0:
234,41,86329,1,0,2:0:0:0:
255,27,86504,1,6,2:0:0:0:
256,27,89643,5,4,2:0:0:0:
277,41,89992,1,2,2:0:0:0:
302,52,90341,1,0,2:0:0:0:
329,61,90690,1,2,2:0:0:0:
355,68,90864,1,0,2:0:0:0:
383,71,91213,1,0,2:0:0:0:
411,69,91388,1,2,2:0:0:0:
436,63,91562,1,0,2:0:0:0:
460,52,91736,1,0,2:0:0:0:
485,40,91911,1,0,2:0:0:0:
506,22,92085,1,6,2:0:0:0:
506,22,95225,5,4,2:0:0:0:
485,40,95574,1,2,2:0:0:0:
460,52,95923,1,0,2:0:0:0:
436,63,96271,1,2,2:0:0:0:
411,69,96446,1,0,2:0:0:0:
383,71,96795,1,0,2:0:0:0:
355,68,96969,1,2,2:0:0:0:
329,61,97143,1,0,2:0:0:0:
302,52,97318,1,0,2:0:0:0:
277,41,97492,1,0,2:0:0:0:
256,27,97667,1,6,2:0:0:0:
255,27,100806,5,4,2:0:0:0:
508,353,100806,1,0,2:0:0:0:
512,353,100806,5,0,2:0:0:0:
3,353,100806,1,0,2:0:0:0:
0,353,100806,5,0,2:0:0:0:
507,344,100981,1,0,2:0:0:0:
512,344,100981,1,0,2:0:0:0:
4,344,100981,1,0,2:0:0:0:
0,344,100981,1,0,2:0:0:0:
507,335,101155,1,4,2:0:0:0:
512,335,101155,1,4,2:0:0:0:
234,41,101155,1,2,2:0:0:0:
4,335,101155,1,4,2:0:0:0:
0,335,101155,1,4,2:0:0:0:
507,326,101329,1,0,2:0:0:0:
512,326,101329,1,0,2:0:0:0:
4,326,101329,1,0,2:0:0:0:
0,326,101329,1,0,2:0:0:0:
507,317,101417,1,0,2:0:0:0:
512,317,101417,1,0,2:0:0:0:
4,317,101417,1,0,2:0:0:0:
0,317,101417,1,0,2:0:0:0:
507,309,101504,1,0,2:0:0:0:
512,309,101504,1,0,2:0:0:0:
209,52,101504,1,0,2:0:0:0:
4,309,101504,1,0,2:0:0:0:
0,309,101504,1,0,2:0:0:0:
507,300,101591,1,0,2:0:0:0:
512,300,101591,1,0,2:0:0:0:
4,300,101591,1,0,2:0:0:0:
0,300,101591,1,0,2:0:0:0:
506,291,101678,1,0,2:0:0:0:
512,291,101678,1,0,2:0:0:0:
5,291,101678,1,0,2:0:0:0:
0,291,101678,1,0,2:0:0:0:
506,282,101853,1,4,2:0:0:0:
512,282,101853,1,4,2:0:0:0:
182,61,101853,1,2,2:0:0:0:
5,282,101853,1,4,2:0:0:0:
0,282,101853,1,4,2:0:0:0:
506,273,102027,1,0,2:0:0:0:
512,273,102027,1,0,2:0:0:0:
156,68,102027,1,0,2:0:0:0:
5,273,102027,1,0,2:0:0:0:
0,273,102027,1,0,2:0:0:0:
506,264,102114,1,0,2:0:0:0:
512,264,102114,1,0,2:0:0:0:
5,264,102114,1,0,2:0:0:0:
0,264,102114,1,0,2:0:0:0:
506,255,102202,1,0,2:0:0:0:
512,255,102202,1,0,2:0:0:0:
5,255,102202,1,0,2:0:0:0:
0,255,102202,1,0,2:0:0:0:
506,246,102376,1,0,2:0:0:0:
512,246,102376,1,0,2:0:0:0:
128,71,102376,1,0,2:0:0:0:
5,246,102376,1,0,2:0:0:0:
0,246,102376,1,0,2:0:0:0:
505,237,102550,1,4,2:0:0:0:
512,237,102550,1,4,2:0:0:0:
100,69,102550,1,2,2:0:0:0:
6,237,102550,1,4,2:0:0:0:
0,237,102550,1,4,2:0:0:0:
505,228,102725,1,0,2:0:0:0:
512,228,102725,1,0,2:0:0:0:
75,63,102725,1,0,2:0:0:0:
6,228,102725,1,0,2:0:0:0:
0,228,102725,1,0,2:0:0:0:
505,219,102812,1,0,2:0:0:0:
512,219,102812,1,0,2:0:0:0:
6,219,102812,1,0,2:0:0:0:
0,219,102812,1,0,2:0:0:0:
505,211,102899,1,0,2:0:0:0:
512,211,102899,1,0,2:0:0:0:
51,52,102899,1,0,2:0:0:0:
6,211,102899,1,0,2:0:0:0:
0,211,102899,1,0,2:0:0:0:
505,202,102986,1,0,2:0:0:0:
512,202,102986,1,0,2:0:0:0:
6,202,102986,1,0,2:0:0:0:
0,202,102986,1,0,2:0:0:0:
505,193,103074,1,0,2:0:0:0:
512,193,103074,1,0,2:0:0:0:
26,40,103074,1,0,2:0:0:0:
6,193,103074,1,0,2:0:0:0:
0,193,103074,1,0,2:0:0:0:
5,27,103248,1,6,2:0:0:0:
505,184,103248,1,4,2:0:0:0:
512,184,103248,1,4,2:0:0:0:
6,184,103248,1,4,2:0:0:0:
0,184,103248,1,4,2:0:0:0:
504,175,103422,1,0,2:0:0:0:
512,175,103422,1,0,2:0:0:0:
7,175,103423,1,0,2:0:0:0:
0,175,103423,1,0,2:0:0:0:
504,166,103597,1,0,2:0:0:0:
512,166,103597,1,0,2:0:0:0:
7,166,103597,1,0,2:0:0:0:
0,166,103597,1,0,2:0:0:0:
504,157,103771,1,0,2:0:0:0:
512,157,103771,1,0,2:0:0:0:
7,157,103771,1,0,2:0:0:0:
0,157,103771,1,0,2:0:0:0:
504,148,103946,1,4,2:0:0:0:
512,148,103946,1,4,2:0:0:0:
7,148,103946,1,4,2:0:0:0:
0,148,103946,1,4,2:0:0:0:
504,139,104120,1,0,2:0:0:0:
512,139,104120,1,0,2:0:0:0:
7,139,104120,1,0,2:0:0:0:
0,139,104120,1,0,2:0:0:0:
504,130,104295,1,0,2:0:0:0:
512,130,104295,1,0,2:0:0:0:
7,130,104295,1,0,2:0:0:0:
0,130,104295,1,0,2:0:0:0:
503,122,104469,1,4,2:0:0:0:
512,121,104469,1,4,2:0:0:0:
8,122,104469,1,4,2:0:0:0:
0,121,104469,1,4,2:0:0:0:
503,113,104643,1,0,2:0:0:0:
512,113,104643,1,0,2:0:0:0:
8,113,104643,1,0,2:0:0:0:
0,113,104643,1,0,2:0:0:0:
503,104,104818,1,4,2:0:0:0:
512,104,104818,1,4,2:0:0:0:
8,104,104818,1,4,2:0:0:0:
0,104,104818,1,4,2:0:0:0:
503,95,104992,1,0,2:0:0:0:
512,95,104992,1,0,2:0:0:0:
8,95,104992,1,0,2:0:0:0:
0,95,104992,1,0,2:0:0:0:
503,86,105167,1,0,2:0:0:0:
512,86,105167,1,0,2:0:0:0:
8,86,105167,1,0,2:0:0:0:
0,86,105167,1,0,2:0:0:0:
503,77,105341,1,4,2:0:0:0:
512,77,105341,1,4,2:0:0:0:
8,77,105341,1,4,2:0:0:0:
0,77,105341,1,4,2:0:0:0:
503,68,105516,1,4,2:0:0:0:
512,68,105516,1,4,2:0:0:0:
8,68,105516,1,4,2:0:0:0:
0,68,105516,1,4,2:0:0:0:
502,59,105603,1,4,2:0:0:0:
512,59,105603,1,4,2:0:0:0:
9,59,105603,1,4,2:0:0:0:
0,59,105603,1,4,2:0:0:0:
502,50,105690,1,4,2:0:0:0:
512,50,105690,1,4,2:0:0:0:
9,50,105690,1,4,2:0:0:0:
0,50,105690,1,4,2:0:0:0:
502,41,105864,1,4,2:0:0:0:
512,41,105864,1,4,2:0:0:0:
9,41,105864,1,4,2:0:0:0:
0,41,105864,1,4,2:0:0:0:
502,32,106039,1,0,2:0:0:0:
512,32,106039,1,0,2:0:0:0:
9,32,106039,1,0,2:0:0:0:
0,32,106039,1,0,2:0:0:0:
502,24,106213,1,4,2:0:0:0:
512,24,106213,1,4,2:0:0:0:
9,24,106213,1,4,2:0:0:0:
0,24,106213,1,4,2:0:0:0:
