osu file format v14

[General]
AudioFilename: KUTE-DARK-LADY--online-audio-convert.com.mp3
AudioLeadIn: 0
PreviewTime: 15566
Countdown: 0
SampleSet: None
StackLeniency: 0.7
Mode: 0
LetterboxInBreaks: 0
WidescreenStoryboard: 1

[Editor]
DistanceSpacing: 1.2
BeatDivisor: 4
GridSize: 16
TimelineZoom: 1

[Metadata]
Title:Phonk Pack
TitleUnicode:Phonk Pack
Artist:Phonk Pack
ArtistUnicode:Phonk Pack
Creator:weldon1232
Version:song #3
Source:
Tags:
BeatmapID:3894208
BeatmapSetID:1863371

[Difficulty]
HPDrainRate:5
CircleSize:3
OverallDifficulty:5
ApproachRate:9
SliderMultiplier:1.6
SliderTickRate:1

[Events]
//Background and Video events
0,0,"maxresdefault (1).jpg",0,0
//Break Periods
2,62217,69159
2,91249,91901
//Storyboard Layer 0 (Background)
//Storyboard Layer 1 (Fail)
//Storyboard Layer 2 (Pass)
//Storyboard Layer 3 (Foreground)
//Storyboard Layer 4 (Overlay)
//Storyboard Sound Samples

[TimingPoints]
15566,483.870967741936,4,2,0,100,1,0


[HitObjects]
92,81,15566,6,0,P|169:111|229:160,1,160
158,229,16291,2,0,P|205:256|252:251,2,80
292,182,16896,2,0,P|320:217|319:222,1,40
286,294,17259,2,0,P|336:299|374:278,1,80
449,203,17622,1,0,0:0:0:0:
397,102,17864,5,0,0:0:0:0:
281,152,17985,1,0,0:0:0:0:
175,109,18227,6,0,P|97:113|83:137,1,80
83,206,18590,2,0,L|84:259,1,40
136,326,18953,5,0,0:0:0:0:
246,251,19436,1,0,0:0:0:0:
387,304,19678,6,0,P|406:255|400:229,1,80
323,191,20162,2,0,P|339:136|355:124,1,80
459,152,20646,2,0,P|444:109|441:108,1,40
345,53,20888,1,0,0:0:0:0:
245,104,21130,1,0,0:0:0:0:
237,202,21372,6,0,P|232:254|223:264,1,40
61,335,21614,5,0,0:0:0:0:
115,232,21735,1,0,0:0:0:0:
40,40,21856,2,0,P|101:96|113:108,2,80
181,115,22824,6,0,L|345:69,1,160
459,58,23791,6,0,P|457:115|446:166,1,80
367,153,24275,2,0,P|372:206|391:241,1,80
460,299,24638,1,0,0:0:0:0:
326,342,24759,1,0,0:0:0:0:
217,340,25001,2,0,L|129:342,1,80
59,230,25364,5,0,0:0:0:0:
145,190,25485,2,0,P|208:173|217:175,1,40
252,82,25727,5,0,0:0:0:0:
267,193,25969,6,0,P|337:195|357:182,1,80
345,106,26332,2,0,P|394:118|394:126,1,40
454,184,26695,5,0,0:0:0:0:
366,292,27178,1,0,0:0:0:0:
270,193,27662,6,0,L|210:262,1,80
50,346,28146,2,0,P|97:291|101:264,1,80
37,222,28509,2,0,P|57:178|63:178,1,40
144,160,28872,2,0,P|116:97|105:77,1,80
190,46,29235,6,0,P|239:92|239:93,1,40
259,144,29477,2,0,L|263:206,1,40
39,42,30082,5,0,0:0:0:0:
159,168,30566,1,0,0:0:0:0:
285,89,30727,5,0,0:0:0:0:
399,183,30888,1,0,0:0:0:0:
454,340,31049,6,0,L|333:343,1,120
172,340,31533,1,0,0:0:0:0:
54,333,31775,2,0,P|63:271|91:244,1,80
197,202,32138,1,0,0:0:0:0:
282,145,32259,2,0,P|323:183|339:213,1,80
278,258,32743,6,0,P|355:295|374:288,1,80
432,235,33227,6,0,P|423:194|416:191,1,40
330,162,33469,2,0,P|321:112|346:84,1,80
445,69,33953,2,0,P|376:69|369:72,1,40
259,68,34195,6,0,P|240:112|231:154,1,80
314,153,34678,2,0,P|286:204|267:233,1,80
138,271,35162,5,0,0:0:0:0:
59,194,35404,2,0,P|74:137|100:118,1,93.3333333333333
220,141,35888,6,0,P|186:180|150:206,1,93.3333333333333
86,161,36372,2,0,P|68:220|71:257,1,93.3333333333333
169,273,36856,2,0,P|166:318|118:342,1,93.3333333333333
39,282,37340,2,0,P|67:252|115:222,1,93.3333333333333
208,193,37824,2,0,P|199:146|159:116,1,93.3333333333333
79,133,38307,5,0,0:0:0:0:
79,133,38549,1,0,0:0:0:0:
79,133,38791,1,0,0:0:0:0:
83,233,39033,6,0,P|95:297|119:307,1,80
193,261,39517,2,0,P|226:296|250:328,1,80
343,320,39880,2,0,P|358:280|356:278,1,40
437,238,40243,6,0,P|406:192|379:173,2,80
311,257,40969,6,0,P|272:226|270:208,2,40
321,126,41453,6,0,P|269:99|237:100,1,80
190,166,41816,2,0,L|155:127,1,40
71,85,42178,6,0,P|75:158|105:251,1,160
475,324,42904,6,0,L|466:235,1,80
383,171,43428,2,0,P|381:118|370:104,1,66.6666666666667
254,110,43912,6,0,P|271:75|297:63,1,66.6666666666667
378,78,44396,2,0,P|386:115|372:145,1,66.6666666666667
255,109,45082,5,0,0:0:0:0:
165,255,45566,1,0,0:0:0:0:
357,200,46049,1,0,0:0:0:0:
135,110,46533,1,0,0:0:0:0:
442,224,47017,6,0,P|400:181|362:168,1,80
323,91,47501,5,0,0:0:0:0:
186,208,47743,1,0,0:0:0:0:
77,111,47864,1,0,0:0:0:0:
226,76,47985,1,0,0:0:0:0:
425,120,48227,5,0,0:0:0:0:
337,238,48469,1,0,0:0:0:0:
438,297,48590,2,0,L|469:333,3,40
250,304,49195,5,0,0:0:0:0:
50,343,49436,1,0,0:0:0:0:
50,343,49557,1,0,0:0:0:0:
65,218,49678,1,0,0:0:0:0:
274,81,49920,5,0,0:0:0:0:
195,189,50404,1,0,0:0:0:0:
47,345,50888,6,0,L|65:257,2,80
59,148,51614,1,0,0:0:0:0:
154,64,51735,1,0,0:0:0:0:
34,38,51856,1,0,0:0:0:0:
255,47,52098,6,0,P|295:85|297:127,1,80
249,200,52461,2,0,L|228:246,3,40
88,283,53066,5,0,0:0:0:0:
150,182,53307,1,0,0:0:0:0:
257,147,53549,2,0,P|296:189|323:226,1,80
410,246,54033,6,0,L|312:302,1,80
164,264,54759,6,0,P|130:220|130:193,2,80
201,82,55485,5,0,0:0:0:0:
343,192,55606,1,0,0:0:0:0:
437,50,55727,1,0,0:0:0:0:
458,157,55969,6,0,P|467:201|463:253,1,80
349,324,56332,1,0,0:0:0:0:
226,260,56453,1,0,0:0:0:0:
117,305,56574,6,0,L|81:333,1,40
58,146,56936,5,0,0:0:0:0:
174,52,57178,1,0,0:0:0:0:
272,49,57299,2,0,L|323:49,1,40
459,46,57662,5,0,0:0:0:0:
459,46,58146,1,0,0:0:0:0:
459,46,58630,2,0,L|461:132,2,80
463,213,59356,5,0,0:0:0:0:
395,328,59477,1,0,0:0:0:0:
478,353,59598,1,0,0:0:0:0:
254,193,59840,6,0,P|204:167|197:134,1,80
286,67,60203,1,0,0:0:0:0:
286,67,60324,1,0,0:0:0:0:
386,95,60445,5,0,0:0:0:0:
434,203,60566,1,0,0:0:0:0:
266,270,61049,1,0,0:0:0:0:
128,175,61533,1,0,0:0:0:0:
272,78,61695,5,0,0:0:0:0:
303,118,61856,1,0,0:0:0:0:
330,155,62017,1,0,0:0:0:0:
466,47,69759,5,0,0:0:0:0:
259,192,70727,1,0,0:0:0:0:
51,55,71695,1,0,0:0:0:0:
45,333,72662,5,0,0:0:0:0:
257,198,73630,1,0,0:0:0:0:
452,313,74598,1,0,0:0:0:0:
452,191,75566,1,0,0:0:0:0:
261,86,76533,5,0,0:0:0:0:
150,235,77501,1,0,0:0:0:0:
254,303,77985,6,0,P|337:246|325:173,1,160
239,184,78953,2,0,P|271:114|348:88,1,160
443,133,79920,2,0,B|437:203|437:203|365:284,1,160
218,259,80888,2,0,B|210:170|210:170|136:120,1,160
55,208,81856,2,0,B|73:306|73:307|86:309|86:309|171:315,1,160
327,293,82824,6,0,B|335:202|335:202|271:145,1,160
135,178,83791,2,0,B|199:120|199:120|287:100,1,160
445,55,84759,2,0,B|443:106|443:106|408:218,1,160
256,193,85485,5,0,0:0:0:0:
166,103,85727,5,0,0:0:0:0:
90,215,85969,1,0,0:0:0:0:
256,193,86211,1,0,0:0:0:0:
166,103,86453,1,0,0:0:0:0:
90,215,86695,1,0,0:0:0:0:
249,195,86936,1,0,0:0:0:0:
166,103,87178,1,0,0:0:0:0:
90,215,87420,1,0,0:0:0:0:
249,195,87662,1,0,0:0:0:0:
166,103,87904,1,0,0:0:0:0:
90,215,88146,1,0,0:0:0:0:
249,195,88388,5,0,0:0:0:0:
166,103,88630,1,0,0:0:0:0:
90,215,88872,1,0,0:0:0:0:
69,324,89114,5,0,0:0:0:0:
108,325,89235,1,0,0:0:0:0:
145,324,89356,1,0,0:0:0:0:
179,326,89477,1,0,0:0:0:0:
219,328,89598,1,0,0:0:0:0:
259,331,89719,1,0,0:0:0:0:
295,332,89840,1,0,0:0:0:0:
336,331,89961,1,0,0:0:0:0:
375,330,90082,1,0,0:0:0:0:
407,331,90203,1,0,0:0:0:0:
439,302,90324,1,0,0:0:0:0:
434,260,90445,1,0,0:0:0:0:
405,228,90566,1,0,0:0:0:0:
373,209,90686,1,0,0:0:0:0:
339,191,90807,1,0,0:0:0:0:
297,171,90928,1,0,0:0:0:0:
257,153,91049,1,0,0:0:0:0:
163,131,92501,5,0,0:0:0:0:
163,131,92622,1,0,0:0:0:0:
163,131,92743,1,0,0:0:0:0:
163,131,92864,1,0,0:0:0:0:
163,131,92985,1,0,0:0:0:0:
433,94,93469,6,0,P|437:175|412:254,1,160
265,266,94436,1,0,0:0:0:0:
151,180,94678,5,0,0:0:0:0:
265,266,94920,1,0,0:0:0:0:
383,185,95041,5,0,0:0:0:0:
446,295,95162,1,0,0:0:0:0:
263,345,95283,2,0,L|193:346,8,40
69,333,96372,5,0,0:0:0:0:
48,55,96856,6,0,L|155:53,2,80
221,55,97582,2,0,L|308:53,1,80
428,55,98066,2,0,P|459:116|459:117,2,40
380,184,98549,5,0,0:0:0:0:
267,265,98791,1,0,0:0:0:0:
134,187,98912,1,0,0:0:0:0:
253,103,99033,1,0,0:0:0:0:
134,187,99154,1,0,0:0:0:0:
260,105,99275,1,0,0:0:0:0:
57,265,99517,6,0,P|66:324|90:336,1,80
167,343,99880,2,0,L|219:342,1,40
328,337,100243,5,0,0:0:0:0:
476,332,100727,1,0,0:0:0:0:
445,212,101211,6,0,P|426:166|379:128,2,80
261,129,101936,6,0,P|228:168|225:191,2,40
73,264,102420,1,0,0:0:0:0:
172,308,102662,2,0,L|218:309,2,40
235,206,103025,1,0,0:0:0:0:
92,81,103146,1,0,0:0:0:0:
205,39,103388,2,0,L|285:40,1,80
446,60,103872,5,0,0:0:0:0:
379,198,104114,1,0,0:0:0:0:
236,220,104356,1,0,0:0:0:0:
105,190,104598,1,0,0:0:0:0:
34,278,104840,6,0,P|57:341|90:357,1,80
170,335,105324,2,0,L|276:334,1,80
