osu file format v14

[General]
AudioFilename: audio.mp3
AudioLeadIn: 0
PreviewTime: -1
Countdown: 0
SampleSet: Soft
StackLeniency: 0.7
Mode: 0
LetterboxInBreaks: 0
WidescreenStoryboard: 1

[Editor]
DistanceSpacing: 1.4
BeatDivisor: 4
GridSize: 8
TimelineZoom: 1.1

[Metadata]
Title:Anubis
TitleUnicode:Anubis
Artist:EnV
ArtistUnicode:EnV
Creator:RyuuST
Version:Expert Anubis
Source:
Tags:
BeatmapID:2468586
BeatmapSetID:1182841

[Difficulty]
HPDrainRate:5.7
CircleSize:4.4
OverallDifficulty:7
ApproachRate:9.2
SliderMultiplier:2
SliderTickRate:1

[Events]
//Background and Video events
0,0,"FL7nQc.jpg",0,0
//Break Periods
//Storyboard Layer 0 (Background)
//Storyboard Layer 1 (Fail)
//Storyboard Layer 2 (Pass)
//Storyboard Layer 3 (Foreground)
//Storyboard Layer 4 (Overlay)
//Storyboard Sound Samples

[TimingPoints]
117,468.75,4,1,0,60,1,0
30117,-100,4,2,0,60,0,1
45000,-40,4,1,0,60,0,0
45000,-100,4,1,0,60,0,0
53085,-100,4,1,0,60,0,0
55722,-50,4,1,0,60,0,0
56308,-100,4,2,0,60,0,1
116250,-100,4,1,0,60,0,0
131250,-100,4,1,0,60,0,0
146367,-100,4,2,0,60,0,1
161250,-50,4,3,1,60,0,0
176718,-100,4,3,1,60,0,0
179509,-50,4,3,1,60,0,0
180117,-100,4,2,1,60,0,1
240058,-100,4,1,1,60,0,0


[HitObjects]
86,326,117,5,0,0:0:0:0:
232,315,351,1,0,0:0:0:0:
86,326,585,1,0,0:0:0:0:
101,180,820,2,8,L|191:227,1,100
311,281,1289,1,0,0:0:0:0:
304,157,1523,2,8,P|287:121|227:102,1,100
281,31,1992,1,0,0:0:0:0:
249,228,2226,1,0,0:0:0:0:
281,31,2460,5,0,0:0:0:0:
190,125,2695,2,8,P|235:158|275:187,1,100
257,321,3164,1,0,0:0:0:0:
126,261,3398,2,8,P|98:209|100:159,1,100
148,57,3867,1,0,0:0:0:0:
365,109,4101,1,0,0:0:0:0:
148,57,4335,5,0,0:0:0:0:
288,215,4570,2,8,L|205:291,1,100
91,309,5039,1,0,0:0:0:0:
84,193,5273,2,0,L|87:66,1,100
224,52,5742,5,0,0:0:0:0:
233,228,5976,1,0,0:0:0:0:
224,52,6210,1,0,0:0:0:0:
322,91,6445,2,8,P|371:77|442:115,1,100
399,250,6914,5,0,0:0:0:0:
254,273,7148,2,8,L|127:276,1,100
102,203,7617,5,0,0:0:0:0:
230,46,7851,1,0,0:0:0:0:
102,203,8085,1,0,0:0:0:0:
224,247,8320,2,8,P|223:303|247:348,1,100
399,304,8789,5,0,0:0:0:0:
442,163,9023,2,8,P|408:113|362:105,1,100
265,43,9492,5,0,0:0:0:0:
399,168,9726,1,0,0:0:0:0:
265,43,9960,1,0,0:0:0:0:
225,184,10195,6,8,P|169:183|124:207,1,100
330,255,10664,1,0,0:0:0:0:
161,316,10898,2,8,P|203:265|249:264,1,100
397,294,11366,5,0,0:0:0:0:
152,232,11601,1,0,0:0:0:0:
397,294,11835,1,0,0:0:0:0:
407,146,12070,6,8,P|408:90|384:45,1,100
196,71,12539,1,0,0:0:0:0:
176,286,12773,2,8,P|128:234|153:185,1,100
233,101,13242,5,0,0:0:0:0:
375,227,13476,1,0,0:0:0:0:
233,101,13710,1,0,0:0:0:0:
108,174,13945,6,8,P|107:230|131:275,1,100
408,186,14413,2,8,P|407:242|391:290,1,100
153,125,14882,1,0,0:0:0:0:
238,286,15117,5,0,0:0:0:0:
153,125,15351,1,0,0:0:0:0:
245,286,15586,1,0,0:0:0:0:
410,181,15820,2,8,P|341:205|318:172,1,100
195,272,16289,1,0,0:0:0:0:
220,122,16523,2,8,P|285:133|311:159,1,100
426,229,16992,5,0,0:0:0:0:
286,48,17226,1,0,0:0:0:0:
426,229,17460,1,0,0:0:0:0:
278,247,17695,2,8,P|272:197|220:176,1,100
87,126,18164,1,0,0:0:0:0:
107,258,18398,2,8,P|165:294|163:342,1,100
311,164,18867,5,0,0:0:0:0:
258,336,19101,1,0,0:0:0:0:
311,164,19335,1,0,0:0:0:0:
139,186,19570,2,8,P|110:242|63:261,1,100
231,323,20039,1,0,0:0:0:0:
330,162,20273,2,8,P|398:167|421:195,1,100
323,235,20742,5,0,0:0:0:0:
114,299,20976,1,0,0:0:0:0:
323,235,21210,1,0,0:0:0:0:
249,93,21445,2,8,P|339:108|342:118,1,100
390,188,21914,1,0,0:0:0:0:
215,310,22148,2,8,P|292:307|310:286,1,100
424,202,22617,5,0,0:0:0:0:
304,50,22851,1,0,0:0:0:0:
424,202,23085,1,0,0:0:0:0:
279,327,23320,2,8,P|224:314|161:321,1,100
103,190,23789,1,0,0:0:0:0:
245,67,24023,2,8,P|210:135|184:143,1,100
93,292,24492,5,0,0:0:0:0:
263,171,24726,1,0,0:0:0:0:
93,292,24960,1,0,0:0:0:0:
262,315,25195,2,8,P|302:252|295:233,1,100
246,85,25664,1,0,0:0:0:0:
159,248,25898,2,8,P|91:220|74:183,1,100
182,75,26367,5,0,0:0:0:0:
312,196,26601,1,0,0:0:0:0:
182,75,26835,1,0,0:0:0:0:
407,69,27070,2,8,P|334:124|312:121,1,100
171,182,27539,1,0,0:0:0:0:
288,273,27773,2,8,P|288:239|325:174,1,100
333,51,28242,5,0,0:0:0:0:
170,168,28476,1,0,0:0:0:0:
333,51,28710,1,0,0:0:0:0:
189,281,28945,2,8,P|105:247|105:238,1,100
166,78,29414,1,0,0:0:0:0:
320,174,29648,2,8,P|311:243|281:255,1,100
90,152,30117,6,0,L|187:66,1,100
418,267,30585,2,0,L|310:366,1,100
84,230,31054,2,0,L|175:319,1,100
426,131,31523,2,0,L|320:36,1,100
252,35,31992,6,0,L|252:162,1,100
251,359,32460,2,0,L|250:240,1,100
465,193,32929,2,0,L|333:197,1,100
53,191,33398,2,0,L|183:192,1,100
326,259,33867,6,0,L|419:343,1,100
191,136,34335,2,0,L|93:49,1,100
347,129,34804,2,0,L|422:48,1,100
187,242,35273,2,0,L|93:339,1,100
419,342,35742,5,0,0:0:0:0:
287,49,35976,1,0,0:0:0:0:
448,45,36210,5,0,0:0:0:0:
306,340,36445,1,0,0:0:0:0:
86,58,36679,5,0,0:0:0:0:
203,340,36913,1,0,0:0:0:0:
67,341,37148,5,0,0:0:0:0:
207,46,37382,1,0,0:0:0:0:
349,318,37617,1,0,0:0:0:0:
100,254,37851,6,0,L|41:131,1,100
151,159,38320,2,0,L|233:80,1,100
358,266,38789,1,0,0:0:0:0:
434,168,39023,1,0,0:0:0:0:
200,230,39257,2,8,P|241:182|275:176,1,100
332,111,39726,1,0,0:0:0:0:
328,219,39843,1,0,0:0:0:0:
288,323,39960,1,0,0:0:0:0:
100,261,40195,5,0,0:0:0:0:
222,299,40430,1,0,0:0:0:0:
256,154,40664,1,0,0:0:0:0:
359,147,40898,1,0,0:0:0:0:
400,282,41133,1,0,0:0:0:0:
229,283,41367,1,0,0:0:0:0:
104,156,41601,1,0,0:0:0:0:
95,67,41835,6,0,L|176:144,1,100
71,341,42304,2,0,L|161:258,1,100
383,271,42773,1,0,0:0:0:0:
241,321,43008,1,0,0:0:0:0:
221,183,43242,1,0,0:0:0:0:
250,96,43476,2,8,P|312:127|341:145,1,100
287,194,43945,2,8,L|379:244,1,100
380,324,44414,1,0,0:0:0:0:
170,325,44648,1,0,0:0:0:0:
167,158,44882,1,0,0:0:0:0:
151,222,45117,6,0,L|151:86,1,100
150,302,45585,1,0,0:0:0:0:
404,223,46054,6,0,L|404:87,1,100
403,303,46522,1,0,0:0:0:0:
232,305,46992,6,0,L|96:305,1,100
312,306,47460,1,0,0:0:0:0:
233,52,47929,6,0,L|97:52,1,100
313,53,48397,1,0,0:0:0:0:
114,182,48867,6,0,L|114:46,1,100
113,262,49335,1,0,0:0:0:0:
367,183,49804,6,0,L|367:47,1,100
366,263,50272,1,0,0:0:0:0:
232,305,50742,6,0,L|96:305,1,100
312,306,51210,1,0,0:0:0:0:
233,52,51679,6,0,L|97:52,1,100
313,53,52147,1,0,0:0:0:0:
242,196,52617,1,0,0:0:0:0:
252,375,53085,6,0,B|254:206|254:206|148:206|148:206|371:204|371:204|237:209|228:173|228:175|163:116|140:14|220:3|249:10|262:5|266:15|279:10|349:27|393:57|361:115|271:185|226:180|255:213|256:211|254:275|254:389|254:346,1,1200
129,119,56308,1,14,0:0:0:0:
447,70,56835,2,0,L|371:167,1,100
271,162,57304,2,0,L|351:269,1,100
271,338,57773,5,0,0:0:0:0:
228,192,58007,1,0,0:0:0:0:
157,316,58242,1,0,0:0:0:0:
82,254,58476,1,2,0:0:0:0:
62,159,58593,1,2,0:0:0:0:
99,74,58710,1,2,0:0:0:0:
204,62,58945,2,8,P|267:62|309:79,1,100
427,178,59414,1,0,0:0:0:0:
327,321,59648,5,0,0:0:0:0:
321,182,59882,1,0,0:0:0:0:
253,285,60117,2,8,L|143:254,1,100
81,217,60585,1,0,0:0:0:0:
153,116,60820,1,0,0:0:0:0:
236,153,61054,2,0,L|344:85,1,100
285,317,61523,1,0,0:0:0:0:
368,197,61757,1,0,0:0:0:0:
404,220,61992,5,0,0:0:0:0:
445,53,62226,2,0,L|353:143,1,100
56,329,62695,2,0,L|161:264,1,100
231,148,63164,1,0,0:0:0:0:
132,52,63398,1,0,0:0:0:0:
229,166,63632,1,0,0:0:0:0:
357,89,63867,5,0,0:0:0:0:
394,194,64101,1,2,0:0:0:0:
328,270,64218,1,2,0:0:0:0:
217,300,64335,1,2,0:0:0:0:
140,231,64570,2,8,L|32:225,1,100
246,213,65039,1,0,0:0:0:0:
120,180,65273,2,8,P|151:125|183:114,2,100
92,265,65975,5,2,0:0:0:0:
165,326,66094,1,2,0:0:0:0:
286,330,66210,1,2,0:0:0:0:
217,226,66445,6,0,L|251:117,1,100
426,158,66913,1,0,0:0:0:0:
420,331,67148,1,0,0:0:0:0:
249,336,67382,2,8,L|246:222,1,100
246,155,67851,5,0,0:0:0:0:
146,119,68085,1,0,0:0:0:0:
255,55,68320,2,8,L|339:126,2,100
126,80,69023,1,0,0:0:0:0:
250,57,69257,1,0,0:0:0:0:
258,214,69492,1,0,0:0:0:0:
391,93,69726,6,8,L|284:153,1,100
320,291,70195,1,0,0:0:0:0:
287,298,70312,1,0,0:0:0:0:
260,298,70429,1,0,0:0:0:0:
239,295,70546,1,0,0:0:0:0:
216,279,70663,1,0,0:0:0:0:
174,157,70781,2,8,L|120:201,1,50
131,194,71015,2,8,L|121:277,1,75
122,268,71367,2,8,L|218:316,1,100
354,195,71835,5,0,0:0:0:0:
332,86,72070,1,0,0:0:0:0:
164,89,72304,1,0,0:0:0:0:
175,231,72539,1,0,0:0:0:0:
261,140,72773,2,8,L|350:210,1,100
403,257,73242,1,0,0:0:0:0:
344,335,73476,1,2,0:0:0:0:
226,324,73594,1,2,0:0:0:0:
127,268,73711,1,2,0:0:0:0:
157,179,73945,6,8,L|114:75,1,100
202,136,74414,1,0,0:0:0:0:
271,237,74648,2,8,L|322:146,1,100
244,60,75117,1,0,0:0:0:0:
117,85,75351,1,0,0:0:0:0:
228,180,75585,1,0,0:0:0:0:
360,209,75820,2,8,L|275:284,1,100
209,297,76289,1,0,0:0:0:0:
104,245,76523,1,0,0:0:0:0:
233,195,76757,5,0,0:0:0:0:
147,111,76992,1,0,0:0:0:0:
342,78,77226,1,0,0:0:0:0:
266,150,77343,1,0,0:0:0:0:
204,227,77460,1,0,0:0:0:0:
423,174,77695,2,8,P|343:230|326:233,2,100
463,82,78398,1,0,0:0:0:0:
340,98,78632,2,8,L|231:150,1,100
175,249,79101,1,0,0:0:0:0:
233,310,79335,5,0,0:0:0:0:
361,307,79570,1,0,0:0:0:0:
246,248,79804,1,0,0:0:0:0:
118,246,80039,2,8,L|147:145,1,100
244,196,80507,1,0,0:0:0:0:
230,56,80742,1,0,0:0:0:0:
372,88,80976,1,2,0:0:0:0:
341,183,81093,1,2,0:0:0:0:
269,257,81210,1,2,0:0:0:0:
161,237,81445,6,8,L|73:297,1,100
180,318,81914,1,0,0:0:0:0:
345,300,82148,1,0,0:0:0:0:
241,148,82382,1,0,0:0:0:0:
260,240,82617,2,8,L|359:180,1,100
432,115,83085,1,0,0:0:0:0:
234,57,83320,1,0,0:0:0:0:
262,219,83554,1,0,0:0:0:0:
342,141,83789,6,8,L|363:253,1,100
381,311,84257,1,0,0:0:0:0:
320,170,84492,1,0,0:0:0:0:
257,223,84726,1,2,0:0:0:0:
150,190,84843,1,2,0:0:0:0:
62,133,84960,1,2,0:0:0:0:
102,301,85195,2,8,L|108:197,1,100
130,138,85664,6,8,L|223:75,1,100
285,128,86133,1,0,0:0:0:0:
412,99,86367,1,0,0:0:0:0:
251,155,86601,1,0,0:0:0:0:
431,250,86835,2,8,L|327:303,1,100
214,326,87304,1,0,0:0:0:0:
84,190,87539,1,0,0:0:0:0:
206,330,87773,1,0,0:0:0:0:
202,179,88007,1,0,0:0:0:0:
331,278,88242,5,0,0:0:0:0:
372,80,88476,1,2,0:0:0:0:
244,105,88593,1,2,0:0:0:0:
152,170,88710,1,2,0:0:0:0:
65,206,88945,2,8,L|46:314,1,100
192,343,89414,1,0,0:0:0:0:
248,181,89648,1,0,0:0:0:0:
282,295,89882,1,0,0:0:0:0:
398,184,90117,1,0,0:0:0:0:
415,104,90351,6,8,L|299:98,2,100
395,230,91054,1,0,0:0:0:0:
291,111,91289,1,0,0:0:0:0:
240,281,91523,1,0,0:0:0:0:
81,141,91757,6,0,L|82:257,1,100
147,325,92226,1,0,0:0:0:0:
259,271,92343,1,0,0:0:0:0:
287,177,92460,1,0,0:0:0:0:
258,114,92695,2,8,P|330:107|370:124,1,100
412,231,93163,5,0,0:0:0:0:
319,305,93281,1,0,0:0:0:0:
201,311,93398,1,0,0:0:0:0:
456,84,93632,5,0,0:0:0:0:
280,81,93867,1,0,0:0:0:0:
356,238,94101,1,0,0:0:0:0:
292,337,94335,2,8,L|199:272,1,100
281,197,94804,1,0,0:0:0:0:
306,78,95039,2,8,L|191:113,1,100
86,203,95507,5,0,0:0:0:0:
157,294,95624,1,0,0:0:0:0:
273,330,95742,1,0,0:0:0:0:
406,172,95976,1,0,0:0:0:0:
316,95,96093,1,0,0:0:0:0:
197,61,96210,1,0,0:0:0:0:
127,183,96445,5,0,0:0:0:0:
317,224,96679,2,8,L|204:223,1,100
263,83,97148,1,0,0:0:0:0:
128,258,97382,1,0,0:0:0:0:
345,262,97617,1,0,0:0:0:0:
231,331,97851,1,0,0:0:0:0:
220,196,98085,1,0,0:0:0:0:
356,328,98320,1,0,0:0:0:0:
99,327,98555,1,0,0:0:0:0:
143,197,98789,2,8,L|240:125,1,100
373,250,99258,5,0,0:0:0:0:
214,318,99492,1,0,0:0:0:0:
391,161,99726,1,0,0:0:0:0:
298,80,99843,1,0,0:0:0:0:
167,53,99960,1,0,0:0:0:0:
101,250,100195,1,0,0:0:0:0:
226,153,100430,1,0,0:0:0:0:
260,295,100664,1,0,0:0:0:0:
188,261,100898,2,8,L|277:177,1,100
389,139,101367,5,0,0:0:0:0:
314,46,101601,1,0,0:0:0:0:
169,125,101835,2,8,L|246:218,1,100
383,228,102304,1,0,0:0:0:0:
216,333,102539,1,0,0:0:0:0:
94,237,102773,1,0,0:0:0:0:
89,116,103007,5,0,0:0:0:0:
146,223,103124,1,0,0:0:0:0:
253,283,103242,1,0,0:0:0:0:
348,94,103476,1,0,0:0:0:0:
379,206,103593,1,0,0:0:0:0:
396,314,103710,1,0,0:0:0:0:
255,304,103945,6,8,L|137:308,1,100
257,212,104414,1,0,0:0:0:0:
155,204,104648,1,0,0:0:0:0:
160,107,104882,2,8,L|269:107,1,100
436,118,105351,1,0,0:0:0:0:
345,280,105585,1,0,0:0:0:0:
287,124,105820,1,0,0:0:0:0:
349,308,106054,1,0,0:0:0:0:
437,125,106289,1,0,0:0:0:0:
292,121,106523,6,8,L|183:127,1,100
328,214,106992,1,0,0:0:0:0:
81,132,107226,1,0,0:0:0:0:
90,228,107343,1,0,0:0:0:0:
165,296,107460,1,0,0:0:0:0:
185,95,107695,1,0,0:0:0:0:
296,250,107929,1,0,0:0:0:0:
247,160,108164,2,8,L|363:160,1,100
411,271,108632,1,0,0:0:0:0:
398,89,108867,1,0,0:0:0:0:
300,192,109101,6,8,L|186:193,1,100
169,86,109570,1,0,0:0:0:0:
77,212,109804,1,0,0:0:0:0:
166,283,110039,1,0,0:0:0:0:
94,147,110273,5,0,0:0:0:0:
166,66,110390,1,0,0:0:0:0:
277,38,110507,1,0,0:0:0:0:
198,208,110742,1,0,0:0:0:0:
423,150,110976,1,0,0:0:0:0:
366,251,111093,1,0,0:0:0:0:
261,321,111210,1,0,0:0:0:0:
112,270,111445,1,0,0:0:0:0:
281,113,111679,5,0,0:0:0:0:
148,111,111914,1,0,0:0:0:0:
189,243,112148,1,0,0:0:0:0:
286,269,112382,2,14,L|309:156,1,100
351,83,112851,2,14,L|249:103,1,100
259,162,113320,2,14,L|157:207,1,100
215,246,113789,2,14,L|126:312,1,100
103,195,114257,1,0,0:0:0:0:
210,113,114492,1,0,0:0:0:0:
142,263,114726,5,0,0:0:0:0:
236,198,114843,1,0,0:0:0:0:
315,135,114960,1,0,0:0:0:0:
370,225,115195,2,8,L|296:303,1,100
155,275,115664,2,8,L|231:355,1,100
148,212,116367,6,0,L|229:213,1,50
225,209,116601,2,0,L|226:128,1,50
225,141,116835,2,0,L|278:142,1,50
311,145,117070,2,0,L|310:208,1,50
338,199,117304,2,0,L|396:201,1,50
395,227,117538,2,0,L|395:284,1,50
368,309,117773,2,0,L|291:311,1,50
280,303,118007,2,0,L|282:218,1,50
258,230,118242,2,0,L|190:228,1,50
172,227,118476,6,0,L|173:166,1,50
205,170,118710,2,0,L|262:170,1,50
282,165,118945,2,0,L|282:86,1,50
304,111,119179,2,0,L|358:115,1,50
364,135,119413,2,0,L|363:199,1,50
340,217,119648,6,0,L|276:220,1,50
279,252,119882,2,0,L|281:307,1,50
257,308,120117,2,0,L|200:309,1,50
170,308,120351,2,0,L|171:237,1,50
199,255,120585,2,0,L|268:254,1,50
284,255,120820,2,0,L|283:176,1,50
253,201,121054,2,0,L|194:200,1,50
200,173,121288,6,0,L|200:109,1,50
231,118,121523,2,0,L|304:120,1,50
321,118,121757,6,0,L|327:177,1,50
293,180,121992,2,0,L|225:180,1,50
239,217,122226,2,0,L|237:284,1,50
284,272,122460,2,0,L|334:274,1,50
374,268,122695,2,0,L|375:189,1,50
345,205,122929,2,0,L|275:205,1,50
256,204,123163,2,0,L|258:120,1,50
292,150,123398,2,0,L|367:150,1,50
377,145,123632,6,0,L|376:69,1,50
340,83,123867,2,0,L|255:83,1,50
281,111,124101,2,0,L|283:173,1,50
253,167,124335,2,0,L|177:166,1,50
194,198,124570,2,0,L|195:254,1,50
157,258,124804,6,0,L|96:259,1,50
104,302,125038,2,0,L|105:364,1,50
140,357,125273,2,0,L|204:357,1,50
205,303,125507,2,0,L|205:221,1,50
266,240,125742,2,0,L|345:241,1,50
331,307,125976,2,0,L|328:386,1,50
379,367,126210,2,0,L|437:366,1,50
436,306,126445,2,0,L|436:229,1,50
379,243,126679,2,0,L|306:246,1,50
250,240,126913,6,0,L|251:152,1,50
247,95,127148,2,0,L|333:97,1,50
401,99,127382,2,0,L|401:164,1,50
391,277,127617,2,0,L|322:278,1,50
215,280,127851,2,0,L|209:193,1,50
206,82,128085,2,0,L|275:79,1,50
378,79,128320,2,0,L|381:137,1,50
368,305,128554,6,0,L|280:310,1,50
159,301,128788,2,0,L|160:203,1,50
155,69,129023,2,0,L|251:69,1,50
356,69,129257,2,0,L|354:147,1,50
345,334,129492,6,0,L|346:257,1,50
345,48,129726,2,0,L|276:48,1,50
135,42,129960,2,0,L|135:105,1,50
129,314,130195,2,0,L|213:310,1,50
355,337,130429,2,0,L|355:256,1,50
377,4,130663,2,0,L|290:4,1,50
126,29,130898,6,0,L|128:99,1,50
112,368,131132,6,0,L|194:366,1,50
158,86,131367,2,8,P|284:100|333:137,1,175
446,172,132011,2,8,P|321:226|236:220,1,200
85,187,132714,5,0,0:0:0:0:
224,329,132948,1,0,0:0:0:0:
396,67,133242,2,0,L|288:143,1,100
181,319,133652,2,8,L|189:189,1,125
273,142,134121,2,8,L|370:234,1,125
384,296,134590,2,8,L|256:298,1,125
250,222,135117,1,0,0:0:0:0:
427,211,135761,2,8,P|333:101|167:88,1,300
422,80,136757,6,0,L|359:215,1,100
136,172,137460,5,2,0:0:0:0:
95,327,137694,1,2,0:0:0:0:
222,350,137929,1,2,0:0:0:0:
236,229,138163,1,2,0:0:0:0:
365,217,138397,1,2,0:0:0:0:
405,283,138867,2,8,P|274:313|230:293,1,175
321,226,139570,2,8,P|209:193|145:196,1,175
90,248,140214,1,0,0:0:0:0:
90,248,140449,1,0,0:0:0:0:
114,109,140742,6,0,L|246:93,1,100
246,302,141210,5,2,0:0:0:0:
107,188,141445,1,2,0:0:0:0:
254,64,141679,1,2,0:0:0:0:
401,192,141914,1,2,0:0:0:0:
256,194,142148,1,2,0:0:0:0:
323,112,142617,2,8,L|435:219,1,150
436,281,143320,2,8,L|279:280,1,150
235,223,144023,2,8,L|321:95,1,150
398,171,144960,5,0,0:0:0:0:
206,176,145195,1,0,0:0:0:0:
294,36,145429,1,0,0:0:0:0:
430,186,145664,1,0,0:0:0:0:
227,182,145898,1,0,0:0:0:0:
431,191,146367,5,0,0:0:0:0:
397,127,146835,2,8,P|312:113|282:112,2,100
362,271,147539,1,0,0:0:0:0:
250,191,147773,1,0,0:0:0:0:
175,293,148007,1,0,0:0:0:0:
329,303,148242,1,0,0:0:0:0:
317,99,148476,1,2,0:0:0:0:
195,102,148593,1,2,0:0:0:0:
88,146,148710,1,2,0:0:0:0:
219,184,148945,6,8,L|151:279,1,100
363,304,149414,1,0,0:0:0:0:
398,134,149648,2,8,L|280:137,1,100
130,267,150117,1,0,0:0:0:0:
50,226,150586,2,8,L|46:117,1,100
162,84,151055,1,0,0:0:0:0:
251,173,151289,1,0,0:0:0:0:
258,75,151523,2,8,L|174:157,1,100
422,134,152226,5,2,0:0:0:0:
410,231,152343,1,2,0:0:0:0:
342,308,152460,1,2,0:0:0:0:
205,270,152695,2,8,L|83:271,1,100
117,292,153164,1,0,0:0:0:0:
112,171,153398,2,8,L|221:162,1,100
322,201,153867,1,0,0:0:0:0:
240,108,154101,2,8,L|158:183,1,100
120,256,154570,2,10,L|155:314,2,50
217,268,155039,5,0,0:0:0:0:
346,310,155273,1,0,0:0:0:0:
329,155,155508,2,8,L|215:154,1,100
122,71,155976,1,2,0:0:0:0:
196,128,156094,1,2,0:0:0:0:
283,192,156211,1,2,0:0:0:0:
126,294,156445,2,8,L|249:292,1,100
378,279,156914,2,8,L|374:167,1,100
354,73,157383,5,0,0:0:0:0:
191,84,157617,1,0,0:0:0:0:
254,170,157851,2,8,L|158:239,1,100
64,197,158320,1,0,0:0:0:0:
111,293,158437,1,0,0:0:0:0:
214,338,158554,1,0,0:0:0:0:
294,311,158789,1,0,0:0:0:0:
291,247,159023,2,8,L|290:134,1,100
373,316,159492,1,0,0:0:0:0:
431,135,159726,5,0,0:0:0:0:
335,57,159843,1,0,0:0:0:0:
215,36,159960,1,0,0:0:0:0:
101,150,160195,1,0,0:0:0:0:
102,321,160429,1,0,0:0:0:0:
268,318,160664,1,0,0:0:0:0:
136,218,160898,2,8,L|247:217,1,100
354,219,161367,5,0,0:0:0:0:
389,101,161835,2,0,B|390:209|390:209|273:204|271:204,1,200
143,84,162304,1,0,0:0:0:0:
347,325,162773,6,0,B|239:326|239:326|244:209|244:207,1,200
364,79,163242,1,0,0:0:0:0:
59,140,163710,6,0,B|58:32|58:32|175:37|177:37,1,200
305,157,164179,1,0,0:0:0:0:
339,349,164648,6,0,B|447:350|447:350|442:233|442:231,1,200
322,103,165117,1,0,0:0:0:0:
152,349,165585,6,0,B|44:350|44:350|49:233|49:231,1,200
169,103,166054,1,0,0:0:0:0:
465,135,166523,6,0,B|466:27|466:27|349:32|347:32,1,200
219,152,166992,1,0,0:0:0:0:
102,221,167460,6,0,B|157:112|157:112|229:179,1,200
373,69,167929,1,0,0:0:0:0:
410,163,168398,6,0,B|355:272|355:272|283:205,1,200
139,315,168867,1,0,0:0:0:0:
149,91,169335,6,0,L|386:131,1,200
369,139,169804,2,0,L|159:214,1,200
127,231,170273,2,0,L|352:331,1,200
399,297,170742,2,0,B|398:181|398:181|286:179,1,200
121,66,171210,6,0,B|238:67|238:67|244:189,1,200
86,329,171679,2,0,B|213:325|213:325|211:188,1,200
416,76,172148,2,0,B|295:74|295:74|294:162,1,200
409,343,172617,2,0,B|283:343|283:343|283:227,1,200
84,182,173085,6,0,B|160:88|160:88|243:177,1,200
430,178,173554,2,0,B|361:276|361:276|271:170,1,200
52,204,174023,2,0,B|165:202|165:202|168:301,1,200
446,52,174492,2,0,B|334:53|334:53|335:146,1,200
389,367,174960,2,0,B|327:256|327:256|431:194,1,200
170,28,175429,2,0,B|152:145|152:145|52:81,1,200
194,282,175898,2,0,P|191:148|314:294,1,400
251,379,176835,6,0,B|253:210|253:210|147:210|147:210|370:208|370:208|236:213|227:177|227:179|162:120|139:18|219:7|248:14|261:9|265:19|278:14|348:31|392:61|360:119|270:189|225:184|254:217|255:215|253:279|253:393|253:350,1,1200
400,254,180117,5,6,0:0:0:0:
352,192,180585,2,10,P|306:259|283:270,3,100
110,207,181523,5,0,0:0:0:0:
256,164,181757,1,0,0:0:0:0:
132,93,181992,1,0,0:0:0:0:
245,39,182226,1,2,0:0:0:0:
339,114,182343,1,2,0:0:0:0:
403,212,182460,1,2,0:0:0:0:
290,256,182695,2,8,P|290:319|273:361,1,100
138,337,183164,1,0,0:0:0:0:
84,169,183398,5,0,0:0:0:0:
276,219,183632,1,0,0:0:0:0:
171,188,183867,2,8,L|202:78,1,100
272,33,184335,1,0,0:0:0:0:
357,96,184570,1,0,0:0:0:0:
338,243,184804,1,0,0:0:0:0:
261,377,185039,1,0,0:0:0:0:
131,221,185273,1,0,0:0:0:0:
274,225,185507,1,0,0:0:0:0:
228,340,185742,5,0,0:0:0:0:
67,65,185976,6,0,L|155:167,1,100
81,351,186445,2,0,L|202:288,1,100
300,167,186914,1,0,0:0:0:0:
396,68,187148,1,0,0:0:0:0:
282,165,187382,1,0,0:0:0:0:
359,293,187617,5,0,0:0:0:0:
106,173,187851,1,2,0:0:0:0:
186,96,187968,1,2,0:0:0:0:
303,66,188085,1,2,0:0:0:0:
148,296,188320,2,8,L|154:188,1,100
263,134,188789,1,0,0:0:0:0:
268,56,189023,2,8,P|323:87|334:119,2,100
126,84,189726,5,2,0:0:0:0:
127,185,189844,1,2,0:0:0:0:
175,284,189961,1,2,0:0:0:0:
197,102,190195,1,0,0:0:0:0:
369,188,190429,1,0,0:0:0:0:
290,362,190663,1,0,0:0:0:0:
117,356,190898,1,0,0:0:0:0:
112,185,191132,2,8,L|226:182,1,100
293,182,191601,5,0,0:0:0:0:
329,82,191835,1,0,0:0:0:0:
433,211,192070,6,0,L|330:307,1,100
81,208,192538,1,0,0:0:0:0:
381,61,192773,2,0,L|431:181,1,100
234,194,193242,1,0,0:0:0:0:
355,327,193476,6,8,L|295:220,1,100
396,242,193945,1,0,0:0:0:0:
363,254,194062,1,0,0:0:0:0:
326,260,194179,1,0,0:0:0:0:
290,260,194296,1,0,0:0:0:0:
259,254,194413,1,0,0:0:0:0:
279,135,194531,2,0,L|235:81,1,50
242,93,194765,2,0,L|159:83,1,75
160,86,195117,2,0,L|112:182,1,100
253,290,195585,5,0,0:0:0:0:
362,268,195820,1,0,0:0:0:0:
359,100,196054,1,0,0:0:0:0:
217,111,196289,1,0,0:0:0:0:
308,197,196523,2,8,L|238:286,1,100
209,346,196992,1,0,0:0:0:0:
136,269,197226,1,2,0:0:0:0:
86,183,197344,1,2,0:0:0:0:
100,81,197461,1,2,0:0:0:0:
198,95,197695,6,8,L|302:52,1,100
334,147,198164,1,0,0:0:0:0:
215,206,198398,2,8,L|306:257,1,100
411,223,198867,1,0,0:0:0:0:
363,53,199101,1,0,0:0:0:0:
268,164,199335,1,0,0:0:0:0:
239,296,199570,2,8,L|164:211,1,100
151,145,200039,1,0,0:0:0:0:
203,40,200273,1,0,0:0:0:0:
253,169,200507,5,0,0:0:0:0:
337,83,200742,1,0,0:0:0:0:
370,278,200976,1,0,0:0:0:0:
329,152,201093,1,0,0:0:0:0:
209,105,201210,1,0,0:0:0:0:
245,336,201445,2,10,P|189:256|186:239,2,100
358,368,202148,1,0,0:0:0:0:
350,276,202382,2,8,L|298:167,1,100
199,111,202851,1,0,0:0:0:0:
138,169,203085,5,0,0:0:0:0:
141,297,203320,1,0,0:0:0:0:
200,182,203554,1,0,0:0:0:0:
202,54,203789,2,8,L|303:83,1,100
252,180,204257,1,0,0:0:0:0:
392,166,204492,1,0,0:0:0:0:
408,291,204726,1,2,0:0:0:0:
312,242,204843,1,2,0:0:0:0:
200,213,204960,1,2,0:0:0:0:
125,316,205195,6,8,L|65:228,1,100
142,200,205664,1,0,0:0:0:0:
305,191,205898,1,0,0:0:0:0:
192,45,206132,1,0,0:0:0:0:
208,196,206367,2,8,L|268:295,1,100
333,368,206835,1,0,0:0:0:0:
391,170,207070,1,0,0:0:0:0:
229,198,207304,1,0,0:0:0:0:
307,278,207539,6,8,L|195:299,1,100
137,317,208007,1,0,0:0:0:0:
278,256,208242,1,0,0:0:0:0:
125,188,208476,1,2,0:0:0:0:
190,114,208593,1,2,0:0:0:0:
295,99,208710,1,2,0:0:0:0:
147,38,208945,2,8,L|251:44,1,100
310,66,209414,6,8,L|373:159,1,100
320,221,209883,1,0,0:0:0:0:
349,348,210117,1,0,0:0:0:0:
293,187,210351,1,0,0:0:0:0:
198,367,210585,2,8,L|145:263,1,100
122,150,211054,1,0,0:0:0:0:
258,20,211289,1,0,0:0:0:0:
118,142,211523,1,0,0:0:0:0:
269,138,211757,1,0,0:0:0:0:
170,267,211992,5,0,0:0:0:0:
371,280,212226,1,2,0:0:0:0:
362,169,212343,1,2,0:0:0:0:
297,90,212460,1,2,0:0:0:0:
176,56,212695,2,8,L|68:37,1,100
124,237,213164,1,0,0:0:0:0:
284,121,213398,1,0,0:0:0:0:
307,254,213632,6,8,L|194:209,1,100
125,99,214101,1,0,0:0:0:0:
226,76,214335,1,0,0:0:0:0:
246,223,214570,1,0,0:0:0:0:
218,331,214804,1,0,0:0:0:0:
337,227,215039,1,0,0:0:0:0:
167,176,215273,1,0,0:0:0:0:
331,86,215507,1,0,0:0:0:0:
176,6,215742,1,0,0:0:0:0:
131,304,215976,5,0,0:0:0:0:
118,181,216093,1,0,0:0:0:0:
186,66,216210,1,0,0:0:0:0:
334,194,216445,2,8,P|341:266|324:306,1,100
276,373,216914,2,10,L|210:342,2,50
364,392,217382,5,0,0:0:0:0:
367,216,217617,1,0,0:0:0:0:
210,292,217851,1,0,0:0:0:0:
111,228,218085,2,8,L|176:135,1,100
251,217,218554,1,0,0:0:0:0:
370,242,218789,6,8,L|335:127,1,100
239,40,219257,1,0,0:0:0:0:
269,164,219492,1,0,0:0:0:0:
316,74,219726,1,2,0:0:0:0:
236,140,219843,1,2,0:0:0:0:
180,244,219960,1,2,0:0:0:0:
355,246,220195,5,0,0:0:0:0:
224,253,220429,2,8,L|225:140,1,100
365,199,220898,1,0,0:0:0:0:
190,64,221132,1,0,0:0:0:0:
186,281,221367,1,0,0:0:0:0:
117,167,221601,1,0,0:0:0:0:
234,202,221835,2,8,L|225:91,1,100
121,35,222305,1,0,0:0:0:0:
251,79,222539,2,8,L|323:176,1,100
198,309,223008,5,0,0:0:0:0:
346,308,223242,1,0,0:0:0:0:
408,137,223476,1,0,0:0:0:0:
333,233,223593,1,0,0:0:0:0:
209,249,223710,1,0,0:0:0:0:
198,37,223945,1,0,0:0:0:0:
295,162,224180,1,0,0:0:0:0:
153,196,224414,1,0,0:0:0:0:
187,124,224648,2,8,L|271:213,1,100
309,325,225117,5,0,0:0:0:0:
402,250,225351,1,0,0:0:0:0:
323,105,225585,2,8,L|230:182,1,100
220,319,226054,1,0,0:0:0:0:
115,152,226289,1,0,0:0:0:0:
211,30,226523,1,0,0:0:0:0:
321,133,226757,2,10,L|296:183,2,50
386,276,227226,1,2,0:0:0:0:
248,295,227343,1,2,0:0:0:0:
132,246,227460,1,2,0:0:0:0:
162,149,227695,6,8,L|158:31,1,100
276,157,228164,1,0,0:0:0:0:
219,287,228398,1,0,0:0:0:0:
411,108,228632,2,8,L|411:217,1,100
340,335,229101,1,0,0:0:0:0:
193,275,229335,1,0,0:0:0:0:
292,180,229570,1,0,0:0:0:0:
140,285,229804,1,0,0:0:0:0:
323,373,230039,1,0,0:0:0:0:
327,228,230273,6,8,L|321:119,1,100
392,241,230742,1,0,0:0:0:0:
253,338,230976,1,0,0:0:0:0:
177,233,231093,1,0,0:0:0:0:
139,136,231210,1,0,0:0:0:0:
353,121,231445,1,0,0:0:0:0:
198,232,231679,1,0,0:0:0:0:
288,183,231914,2,8,L|288:299,1,100
177,347,232382,1,0,0:0:0:0:
359,334,232617,1,0,0:0:0:0:
256,236,232851,6,8,L|255:122,1,100
362,105,233320,1,0,0:0:0:0:
236,13,233554,1,0,0:0:0:0:
165,102,233789,1,0,0:0:0:0:
322,132,234023,6,8,L|219:201,1,100
181,230,234492,1,0,0:0:0:0:
408,226,234726,1,2,0:0:0:0:
339,137,234843,1,2,0:0:0:0:
244,95,234960,1,2,0:0:0:0:
230,264,235195,1,0,0:0:0:0:
335,217,235429,5,0,0:0:0:0:
337,84,235664,1,0,0:0:0:0:
205,125,235898,1,0,0:0:0:0:
179,222,236132,2,8,L|292:245,1,100
365,287,236601,2,8,L|345:185,1,100
286,195,237070,2,8,L|241:93,1,100
202,151,237539,2,8,L|136:62,1,100
253,39,238007,1,0,0:0:0:0:
335,146,238242,1,0,0:0:0:0:
349,253,238476,5,2,0:0:0:0:
213,265,238593,1,2,0:0:0:0:
105,196,238710,1,2,0:0:0:0:
416,239,238945,2,8,L|338:165,1,100
173,91,239414,2,8,L|93:167,1,100
