osu file format v14

[General]
AudioFilename: audio.mp3
AudioLeadIn: 0
PreviewTime: -1
Countdown: 0
SampleSet: Normal
StackLeniency: 0.7
Mode: 0
LetterboxInBreaks: 0
WidescreenStoryboard: 1

[Editor]
DistanceSpacing: 1.7
BeatDivisor: 8
GridSize: 8
TimelineZoom: 1.1

[Metadata]
Title:Anubis
TitleUnicode:Anubis
Artist:EnV
ArtistUnicode:EnV
Creator:RyuuST
Version:Hard Anubis
Source:
Tags:
BeatmapID:2466306
BeatmapSetID:1182841

[Difficulty]
HPDrainRate:5.8
CircleSize:4
OverallDifficulty:7
ApproachRate:8
SliderMultiplier:2
SliderTickRate:1

[Events]
//Background and Video events
0,0,"FL7nQc.jpg",0,0
//Break Periods
//Storyboard Layer 0 (Background)
//Storyboard Layer 1 (Fail)
//Storyboard Layer 2 (Pass)
//Storyboard Layer 3 (Foreground)
//Storyboard Layer 4 (Overlay)
//Storyboard Sound Samples

[TimingPoints]
0,468.75,4,1,0,100,1,0
30117,-100,4,2,0,100,0,1
45000,-40,4,1,0,100,0,0
45000,-100,4,1,0,100,0,0
55722,-50,4,1,0,100,0,0
56308,-100,4,2,0,100,0,1
116250,-100,4,1,0,100,0,0
131250,-100,4,1,0,100,0,0
146367,-100,4,2,0,100,0,1
161250,-66.6666666666667,4,3,1,100,0,0
179509,-50,4,3,1,100,0,0
180117,-100,4,2,1,100,0,1
240058,-100,4,1,1,100,0,0


[HitObjects]
355,132,117,5,0,0:0:0:0:
389,208,351,1,0,0:0:0:0:
356,287,585,1,0,0:0:0:0:
264,310,820,2,0,L|174:263,1,100
180,140,1289,1,0,0:0:0:0:
295,170,1523,2,0,P|312:206|372:225,1,100
430,254,1992,1,0,0:0:0:0:
363,318,2226,1,0,0:0:0:0:
268,320,2460,5,0,0:0:0:0:
199,281,2695,2,0,P|154:248|114:219,1,100
128,144,3164,1,0,0:0:0:0:
184,81,3398,2,0,P|212:133|210:183,1,100
227,226,3867,1,0,0:0:0:0:
297,265,4101,1,0,0:0:0:0:
377,266,4335,5,0,0:0:0:0:
380,194,4570,2,0,L|463:118,1,100
401,85,5039,1,0,0:0:0:0:
303,83,5273,1,0,0:0:0:0:
218,119,5508,1,0,0:0:0:0:
145,165,5742,5,0,0:0:0:0:
183,254,5976,1,0,0:0:0:0:
284,198,6210,1,0,0:0:0:0:
225,114,6445,2,0,P|176:128|145:164,1,100
105,245,6914,5,0,0:0:0:0:
201,260,7148,2,0,L|172:360,1,100
272,344,7617,5,0,0:0:0:0:
386,298,7851,1,0,0:0:0:0:
344,211,8085,1,0,0:0:0:0:
337,121,8320,2,0,P|338:65|314:20,1,100
237,41,8789,5,0,0:0:0:0:
161,107,9023,2,0,P|195:157|241:165,1,100
247,248,9492,5,0,0:0:0:0:
308,316,9726,1,0,0:0:0:0:
222,328,9960,1,0,0:0:0:0:
135,322,10195,6,0,P|191:323|236:299,1,100
304,226,10664,1,0,0:0:0:0:
260,138,10898,2,0,P|218:189|172:190,1,100
97,161,11366,5,0,0:0:0:0:
173,97,11601,1,0,0:0:0:0:
265,69,11835,1,0,0:0:0:0:
148,135,12070,6,0,P|147:191|171:236,1,100
240,265,12539,1,0,0:0:0:0:
323,261,12773,2,0,P|322:317|346:362,1,100
425,340,13242,5,0,0:0:0:0:
450,258,13476,1,0,0:0:0:0:
409,190,13710,6,0,P|410:134|386:89,1,100
318,94,14179,1,0,0:0:0:0:
340,174,14413,2,0,P|398:171|441:151,1,100
453,239,14882,1,0,0:0:0:0:
409,302,15117,5,0,0:0:0:0:
320,292,15351,1,0,0:0:0:0:
263,235,15586,1,0,0:0:0:0:
269,149,15820,2,0,P|346:141|361:158,1,100
406,220,16289,1,0,0:0:0:0:
341,295,16523,2,0,P|276:284|250:258,1,100
177,211,16992,5,0,0:0:0:0:
240,113,17226,1,0,0:0:0:0:
357,125,17460,1,0,0:0:0:0:
355,202,17695,2,0,P|361:252|413:273,1,100
417,319,18164,1,0,0:0:0:0:
331,319,18398,2,0,P|273:283|275:235,1,100
260,175,18867,5,0,0:0:0:0:
157,184,19101,1,0,0:0:0:0:
171,290,19335,1,0,0:0:0:0:
247,225,19570,2,0,P|276:169|323:150,1,100
371,173,20039,1,0,0:0:0:0:
379,258,20273,2,0,P|311:253|288:225,1,100
225,180,20742,5,0,0:0:0:0:
281,108,20976,1,0,0:0:0:0:
371,119,21210,1,0,0:0:0:0:
371,223,21445,2,0,P|281:208|278:198,1,100
204,180,21914,1,0,0:0:0:0:
225,93,22148,2,0,P|148:96|130:117,1,100
88,182,22617,5,0,0:0:0:0:
95,269,22851,1,0,0:0:0:0:
184,242,23085,1,0,0:0:0:0:
229,312,23320,2,0,P|284:325|347:318,1,100
375,246,23789,1,0,0:0:0:0:
303,203,24023,2,0,P|338:135|364:127,1,100
429,128,24492,5,0,0:0:0:0:
387,212,24726,1,0,0:0:0:0:
296,238,24960,1,0,0:0:0:0:
201,194,25195,2,0,P|161:257|168:276,1,100
230,328,25664,1,0,0:0:0:0:
285,242,25898,2,0,P|313:174|350:157,1,100
412,172,26367,5,0,0:0:0:0:
450,245,26601,1,0,0:0:0:0:
394,307,26835,1,0,0:0:0:0:
298,272,27070,2,0,P|371:217|393:220,1,100
434,158,27539,1,0,0:0:0:0:
373,68,27773,2,0,P|373:102|336:167,1,100
296,205,28242,5,0,0:0:0:0:
216,205,28476,1,0,0:0:0:0:
138,172,28710,1,0,0:0:0:0:
204,108,28945,2,0,P|288:142|288:151,1,100
296,211,29414,1,0,0:0:0:0:
192,210,29648,2,0,P|201:141|231:129,1,100
362,200,30117,5,0,0:0:0:0:
342,294,30351,1,0,0:0:0:0:
275,198,30586,1,0,0:0:0:0:
246,284,30820,1,0,0:0:0:0:
179,195,31055,1,0,0:0:0:0:
142,279,31289,1,0,0:0:0:0:
82,205,31523,1,0,0:0:0:0:
98,103,31758,1,0,0:0:0:0:
165,190,31992,1,0,0:0:0:0:
186,103,32226,5,0,0:0:0:0:
245,177,32461,1,0,0:0:0:0:
308,249,32695,1,0,0:0:0:0:
206,247,32930,1,0,0:0:0:0:
251,164,33164,1,0,0:0:0:0:
349,201,33398,1,0,0:0:0:0:
276,300,33633,1,0,0:0:0:0:
190,250,33867,1,0,0:0:0:0:
245,173,34101,5,0,0:0:0:0:
136,159,34336,1,0,0:0:0:0:
133,246,34570,1,0,0:0:0:0:
223,267,34805,1,0,0:0:0:0:
323,271,35039,1,0,0:0:0:0:
325,183,35273,1,0,0:0:0:0:
227,182,35508,1,0,0:0:0:0:
223,101,35742,1,0,0:0:0:0:
136,116,35976,5,0,0:0:0:0:
133,200,36211,1,0,0:0:0:0:
216,210,36445,1,0,0:0:0:0:
210,128,36680,1,0,0:0:0:0:
286,131,36914,1,0,0:0:0:0:
286,211,37148,1,0,0:0:0:0:
366,222,37383,1,0,0:0:0:0:
366,134,37617,1,0,0:0:0:0:
290,96,37851,6,0,P|285:134|231:154,3,100
148,141,38789,1,0,0:0:0:0:
139,213,39023,1,0,0:0:0:0:
202,264,39257,2,0,P|161:312|127:318,1,100
61,285,39726,2,0,L|59:227,2,50
137,288,40195,5,0,0:0:0:0:
210,266,40430,1,0,0:0:0:0:
262,206,40664,1,0,0:0:0:0:
193,159,40898,1,0,0:0:0:0:
127,119,41133,1,0,0:0:0:0:
197,78,41367,1,0,0:0:0:0:
261,115,41601,1,0,0:0:0:0:
234,191,41836,6,0,P|185:187|152:152,3,100
133,82,42773,1,0,0:0:0:0:
214,63,43008,1,0,0:0:0:0:
258,125,43242,1,0,0:0:0:0:
227,240,43476,2,0,P|165:209|136:191,1,100
163,121,43945,2,0,L|71:71,1,100
124,34,44414,1,0,0:0:0:0:
236,41,44648,1,0,0:0:0:0:
235,155,44882,1,0,0:0:0:0:
145,165,45117,6,0,L|179:284,1,100
316,271,46054,6,0,P|355:179|364:151,1,100
269,80,46991,6,0,L|150:114,1,100
174,273,47929,6,0,P|277:277|312:296,1,100
347,191,48867,6,0,L|279:106,1,100
150,112,49746,6,0,P|64:206|59:220,1,100
360,220,50683,6,0,L|258:287,1,100
124,211,51621,6,0,P|216:250|244:259,1,100
339,114,52617,6,0,P|304:175|251:224,1,100
227,113,55839,2,0,P|187:126|225:128,1,100
227,220,56308,1,0,0:0:0:0:
256,288,56835,2,0,P|189:242|178:219,3,100
185,153,57773,5,0,0:0:0:0:
281,176,58007,1,0,0:0:0:0:
289,79,58242,1,0,0:0:0:0:
380,142,58476,2,0,L|385:203,2,50
332,268,58945,2,0,P|269:268|227:251,1,100
161,223,59414,1,0,0:0:0:0:
138,145,59648,5,0,0:0:0:0:
151,57,59882,1,0,0:0:0:0:
223,75,60117,2,0,L|333:106,1,100
370,154,60585,1,0,0:0:0:0:
358,242,60820,1,0,0:0:0:0:
294,279,61054,1,0,0:0:0:0:
192,260,61289,1,0,0:0:0:0:
204,161,61523,1,0,0:0:0:0:
208,76,61757,1,0,0:0:0:0:
132,96,61992,5,0,0:0:0:0:
144,150,62226,2,0,P|214:191|216:218,3,100
262,281,63164,1,0,0:0:0:0:
340,293,63398,1,0,0:0:0:0:
310,213,63632,1,0,0:0:0:0:
211,213,63867,5,0,0:0:0:0:
131,178,64101,2,0,L|121:247,2,50
210,74,64570,2,0,L|318:80,1,100
266,171,65039,1,0,0:0:0:0:
392,204,65273,2,0,P|361:259|329:270,2,100
426,128,65976,2,0,L|401:80,2,50
370,190,66445,5,0,0:0:0:0:
295,215,66679,1,0,0:0:0:0:
211,212,66913,1,0,0:0:0:0:
146,134,67148,1,0,0:0:0:0:
215,64,67382,2,0,L|218:178,1,100
239,246,67851,5,0,0:0:0:0:
320,238,68085,1,0,0:0:0:0:
280,336,68320,2,0,L|196:265,2,100
361,329,69023,1,0,0:0:0:0:
366,246,69257,1,0,0:0:0:0:
305,177,69492,1,0,0:0:0:0:
259,115,69726,6,0,L|366:55,1,100
421,75,70136,1,0,0:0:0:0:
334,175,70312,2,0,L|385:165,3,50
246,169,70781,2,0,L|192:121,1,50
201,133,71015,2,0,L|168:250,1,100
169,234,71367,2,0,L|73:186,1,100
129,238,71835,5,0,0:0:0:0:
180,298,72070,1,0,0:0:0:0:
253,306,72304,1,0,0:0:0:0:
315,258,72539,1,0,0:0:0:0:
267,207,72773,2,0,L|178:137,1,100
120,101,73242,1,0,0:0:0:0:
236,77,73476,2,0,L|254:137,2,50
310,65,73945,6,0,L|353:169,1,100
334,238,74414,1,0,0:0:0:0:
261,201,74648,2,0,L|210:292,1,100
148,292,75117,1,0,0:0:0:0:
83,230,75351,1,0,0:0:0:0:
77,144,75585,1,0,0:0:0:0:
167,119,75820,2,0,L|252:44,1,100
319,80,76289,1,0,0:0:0:0:
393,129,76523,1,0,0:0:0:0:
378,196,76757,5,0,0:0:0:0:
365,273,76992,1,0,0:0:0:0:
274,289,77226,1,0,0:0:0:0:
192,253,77460,1,0,0:0:0:0:
125,203,77695,2,0,P|205:147|222:144,2,100
82,269,78398,1,0,0:0:0:0:
153,309,78632,2,0,L|262:257,1,100
297,212,79101,1,0,0:0:0:0:
245,147,79335,5,0,0:0:0:0:
156,128,79570,1,0,0:0:0:0:
77,119,79804,1,0,0:0:0:0:
71,200,80039,2,0,L|42:301,1,100
101,316,80507,1,0,0:0:0:0:
175,335,80742,1,0,0:0:0:0:
248,293,80976,2,0,L|266:353,2,50
279,234,81445,6,0,L|367:174,1,100
377,100,81914,1,0,0:0:0:0:
293,99,82148,1,0,0:0:0:0:
210,88,82382,1,0,0:0:0:0:
175,156,82617,2,0,L|76:216,1,100
84,280,83085,1,0,0:0:0:0:
147,330,83320,1,0,0:0:0:0:
218,336,83554,1,0,0:0:0:0:
282,291,83789,6,0,L|261:179,1,100
231,138,84257,1,0,0:0:0:0:
163,90,84492,1,0,0:0:0:0:
252,76,84726,2,0,L|270:136,2,50
331,96,85195,2,0,L|325:200,1,100
328,265,85664,6,0,L|235:328,1,100
163,314,86133,1,0,0:0:0:0:
100,285,86367,1,0,0:0:0:0:
71,225,86601,1,0,0:0:0:0:
75,149,86835,2,0,L|179:96,1,100
227,82,87304,1,0,0:0:0:0:
279,136,87539,1,0,0:0:0:0:
339,191,87773,1,0,0:0:0:0:
310,240,88007,1,0,0:0:0:0:
239,201,88242,5,0,0:0:0:0:
148,248,88476,2,0,L|166:308,2,50
211,320,88945,2,0,L|230:212,1,100
302,185,89414,1,0,0:0:0:0:
308,103,89648,1,0,0:0:0:0:
233,54,89882,1,0,0:0:0:0:
162,105,90117,1,0,0:0:0:0:
146,194,90351,6,0,L|262:200,2,100
327,209,91054,1,0,0:0:0:0:
277,280,91289,1,0,0:0:0:0:
189,285,91523,1,0,0:0:0:0:
112,258,91757,1,0,0:0:0:0:
79,188,91992,1,0,0:0:0:0:
174,202,92226,2,0,P|107:247|97:281,1,100
155,324,92695,2,0,P|83:331|43:314,1,100
108,234,93164,2,0,L|139:168,2,50
106,305,93632,5,0,0:0:0:0:
182,332,93867,1,0,0:0:0:0:
268,303,94101,1,0,0:0:0:0:
328,227,94335,2,0,L|421:292,1,100
381,342,94804,1,0,0:0:0:0:
330,276,95039,2,0,L|445:241,1,100
451,176,95507,2,0,L|443:119,2,50
390,237,95917,2,0,L|408:297,2,50
304,239,96445,5,0,0:0:0:0:
287,155,96679,2,0,L|400:156,1,100
428,215,97148,1,0,0:0:0:0:
371,270,97382,1,0,0:0:0:0:
298,284,97617,1,0,0:0:0:0:
231,246,97851,1,0,0:0:0:0:
281,184,98085,1,0,0:0:0:0:
206,165,98320,1,0,0:0:0:0:
277,125,98555,1,0,0:0:0:0:
316,179,98789,2,0,L|219:251,1,100
171,211,99258,5,0,0:0:0:0:
181,287,99492,1,0,0:0:0:0:
275,297,99726,2,0,L|268:176,1,100
312,160,100195,1,0,0:0:0:0:
377,216,100430,1,0,0:0:0:0:
374,291,100664,1,0,0:0:0:0:
313,235,100898,2,0,L|224:319,1,100
187,327,101367,5,0,0:0:0:0:
119,281,101601,1,0,0:0:0:0:
186,237,101835,2,0,L|109:144,1,100
160,113,102304,1,0,0:0:0:0:
219,86,102539,1,0,0:0:0:0:
273,125,102773,1,0,0:0:0:0:
274,224,103007,2,0,L|217:190,2,50
248,288,103476,1,0,0:0:0:0:
326,277,103710,1,0,0:0:0:0:
329,189,103945,6,0,L|447:185,1,100
436,153,104414,1,0,0:0:0:0:
381,105,104648,1,0,0:0:0:0:
308,132,104882,2,0,L|199:132,1,100
170,192,105351,1,0,0:0:0:0:
156,252,105585,1,0,0:0:0:0:
220,286,105820,1,0,0:0:0:0:
298,304,106054,1,0,0:0:0:0:
370,281,106289,1,0,0:0:0:0:
310,225,106523,6,0,L|419:219,1,100
415,176,106992,2,0,L|409:117,2,50
339,164,107460,1,0,0:0:0:0:
296,229,107695,1,0,0:0:0:0:
248,164,107929,1,0,0:0:0:0:
228,234,108164,2,0,L|112:234,1,100
119,164,108632,1,0,0:0:0:0:
187,108,108867,1,0,0:0:0:0:
245,162,109101,6,0,L|359:161,1,100
365,234,109570,1,0,0:0:0:0:
431,192,109804,1,0,0:0:0:0:
404,122,110039,1,0,0:0:0:0:
326,157,110273,2,0,L|272:183,2,50
205,153,110742,1,0,0:0:0:0:
215,241,110976,1,0,0:0:0:0:
222,321,111210,2,0,L|340:317,1,100
399,313,111679,5,0,0:0:0:0:
373,242,111914,1,0,0:0:0:0:
315,192,112148,1,0,0:0:0:0:
235,150,112382,2,0,L|212:263,1,100
238,319,112851,2,0,L|340:299,1,100
283,243,113320,2,0,L|385:198,1,100
328,166,113789,2,0,L|417:100,1,100
426,177,114257,1,0,0:0:0:0:
384,231,114492,1,0,0:0:0:0:
304,265,114667,6,0,L|322:325,2,50
213,238,115195,2,0,L|287:160,1,100
289,157,115664,2,0,L|213:77,1,100
261,66,116367,5,0,0:0:0:0:
317,147,116602,1,0,0:0:0:0:
239,209,116836,1,0,0:0:0:0:
178,135,117070,1,0,0:0:0:0:
244,75,117305,1,0,0:0:0:0:
295,184,117539,1,0,0:0:0:0:
202,198,117774,1,0,0:0:0:0:
202,89,118007,1,0,0:0:0:0:
202,89,118242,5,0,0:0:0:0:
202,198,118476,1,0,0:0:0:0:
322,198,118710,1,0,0:0:0:0:
318,104,118945,1,0,0:0:0:0:
204,106,119179,1,0,0:0:0:0:
209,206,119414,1,0,0:0:0:0:
263,102,119648,1,0,0:0:0:0:
299,197,119882,1,0,0:0:0:0:
373,142,120117,5,0,0:0:0:0:
362,242,120351,1,0,0:0:0:0:
291,166,120585,1,0,0:0:0:0:
228,253,120820,1,0,0:0:0:0:
160,190,121054,5,0,0:0:0:0:
226,153,121289,1,0,0:0:0:0:
193,239,121523,1,0,0:0:0:0:
271,211,121757,1,0,0:0:0:0:
263,293,121992,5,0,0:0:0:0:
341,246,122226,1,0,0:0:0:0:
311,332,122460,1,0,0:0:0:0:
423,275,122695,1,0,0:0:0:0:
403,189,122929,5,0,0:0:0:0:
327,190,123164,1,0,0:0:0:0:
310,277,123398,1,0,0:0:0:0:
226,273,123632,1,0,0:0:0:0:
212,195,123867,5,0,0:0:0:0:
209,115,124101,1,0,0:0:0:0:
286,104,124335,1,0,0:0:0:0:
280,182,124570,1,0,0:0:0:0:
351,191,124804,1,0,0:0:0:0:
346,113,125039,1,0,0:0:0:0:
421,103,125273,1,0,0:0:0:0:
428,182,125507,1,0,0:0:0:0:
431,266,125742,5,0,0:0:0:0:
344,265,125976,1,0,0:0:0:0:
351,172,126210,1,0,0:0:0:0:
281,177,126445,1,0,0:0:0:0:
278,247,126679,1,0,0:0:0:0:
195,250,126914,1,0,0:0:0:0:
191,164,127148,5,0,0:0:0:0:
102,172,127382,1,0,0:0:0:0:
100,253,127617,1,0,0:0:0:0:
188,262,127851,1,0,0:0:0:0:
190,179,128085,1,0,0:0:0:0:
272,180,128320,1,0,0:0:0:0:
349,181,128554,5,0,0:0:0:0:
348,262,128789,1,0,0:0:0:0:
268,260,129023,1,0,0:0:0:0:
266,181,129257,1,0,0:0:0:0:
350,188,129492,1,0,0:0:0:0:
351,278,129726,1,0,0:0:0:0:
251,274,129960,5,0,0:0:0:0:
246,168,130195,1,0,0:0:0:0:
160,171,130429,1,0,0:0:0:0:
155,272,130664,1,0,0:0:0:0:
82,265,130898,1,0,0:0:0:0:
108,331,131132,1,0,0:0:0:0:
180,302,131367,2,0,P|194:176|231:127,1,175
219,138,132011,2,0,P|344:84|429:90,1,200
431,145,132714,5,0,0:0:0:0:
428,175,132948,1,0,0:0:0:0:
364,166,133710,2,0,L|356:296,1,125
352,278,134179,2,0,L|255:186,1,125
267,181,134648,2,0,L|393:179,1,125
424,168,135117,1,0,0:0:0:0:
331,204,135761,2,0,P|237:94|71:81,1,300
80,150,137461,5,0,0:0:0:0:
127,213,137695,1,0,0:0:0:0:
190,260,137930,1,0,0:0:0:0:
234,181,138164,1,0,0:0:0:0:
142,181,138398,1,0,0:0:0:0:
107,101,138867,2,0,P|238:71|282:91,1,175
230,159,139570,2,0,P|342:192|406:189,1,175
408,147,140214,1,0,0:0:0:0:
406,112,140449,1,0,0:0:0:0:
332,121,141210,5,0,0:0:0:0:
338,208,141445,1,0,0:0:0:0:
252,230,141679,1,0,0:0:0:0:
245,139,141914,1,0,0:0:0:0:
160,144,142148,1,0,0:0:0:0:
159,229,142617,2,0,L|47:122,1,150
60,104,143320,2,0,L|217:105,1,150
243,131,144023,2,0,L|157:259,1,150
114,213,144960,5,0,0:0:0:0:
208,210,145195,1,0,0:0:0:0:
199,277,145429,1,0,0:0:0:0:
287,283,145664,1,0,0:0:0:0:
285,202,145898,1,0,0:0:0:0:
203,197,146367,5,0,0:0:0:0:
209,109,146835,2,0,P|294:123|324:124,2,100
187,162,147539,1,0,0:0:0:0:
274,197,147773,1,0,0:0:0:0:
254,291,148007,1,0,0:0:0:0:
149,266,148242,1,0,0:0:0:0:
86,300,148476,2,0,L|104:360,2,50
49,225,148945,6,0,L|117:130,1,100
184,106,149414,1,0,0:0:0:0:
221,189,149648,2,0,L|339:186,1,100
340,113,150117,1,0,0:0:0:0:
413,154,150586,2,0,L|417:263,1,100
358,305,151055,1,0,0:0:0:0:
275,329,151289,1,0,0:0:0:0:
220,277,151523,2,0,L|304:195,1,100
329,150,152226,6,0,L|347:210,2,50
337,281,152695,2,0,L|459:280,1,100
452,217,153164,1,0,0:0:0:0:
403,152,153398,2,0,L|294:161,1,100
219,188,153867,1,0,0:0:0:0:
260,265,154101,2,0,L|342:190,1,100
351,142,154570,2,0,L|316:84,2,50
258,94,155039,5,0,0:0:0:0:
196,93,155273,1,0,0:0:0:0:
183,175,155508,2,0,L|297:176,1,100
368,210,155976,2,0,L|386:270,2,50
371,112,156445,2,0,L|248:114,1,100
216,137,156914,2,0,L|220:249,1,100
219,308,157383,5,0,0:0:0:0:
302,302,157617,1,0,0:0:0:0:
258,214,157851,2,0,L|354:145,1,100
393,110,158320,2,0,L|346:71,2,50
283,84,158789,1,0,0:0:0:0:
239,140,159023,2,0,L|240:253,1,100
336,253,159492,2,0,L|354:313,2,50
277,205,159960,6,0,L|361:135,1,100
397,89,160429,1,0,0:0:0:0:
320,76,160664,1,0,0:0:0:0:
311,160,160898,2,0,L|200:161,1,100
144,138,161367,1,0,0:0:0:0:
145,222,161835,5,0,0:0:0:0:
203,273,162069,1,0,0:0:0:0:
239,209,162304,2,0,L|275:113,1,75.0000028610231
247,105,162773,5,0,0:0:0:0:
163,110,163007,1,0,0:0:0:0:
150,200,163242,2,0,L|84:133,1,75.0000028610231
125,85,163710,5,0,0:0:0:0:
195,83,163945,1,0,0:0:0:0:
248,146,164121,2,0,L|188:208,1,75.0000028610231
146,153,164648,5,0,0:0:0:0:
214,67,164882,1,0,0:0:0:0:
135,26,165117,2,0,L|74:103,1,75.0000028610231
148,137,165585,5,0,0:0:0:0:
230,191,165820,1,0,0:0:0:0:
307,142,166054,2,0,L|247:85,1,75.0000028610231
178,113,166524,5,0,0:0:0:0:
167,198,166758,1,0,0:0:0:0:
92,191,166992,2,0,L|87:97,1,75.0000028610231
122,64,167460,5,0,0:0:0:0:
214,112,167695,1,0,0:0:0:0:
282,40,167929,2,0,L|185:42,1,75.0000028610231
201,116,168398,5,0,0:0:0:0:
277,134,168632,1,0,0:0:0:0:
277,222,168867,2,0,L|173:220,1,75.0000028610231
303,305,169335,6,0,L|155:266,1,150.000005722046
315,229,169804,2,0,L|166:193,1,150.000005722046
294,158,170273,2,0,L|141:124,1,150.000005722046
265,86,170742,2,0,L|111:50,1,150.000005722046
121,130,171210,2,0,L|273:83,1,150.000005722046
272,154,171679,2,0,L|420:97,1,150.000005722046
420,171,172148,2,0,L|279:226,1,150.000005722046
291,279,172617,2,0,L|122:224,1,150.000005722046
173,171,173085,2,0,L|330:219,1,150.000005722046
326,159,173554,2,0,L|157:97,1,150.000005722046
140,102,174023,6,0,L|143:261,1,150.000005722046
140,252,174492,2,0,L|141:75,1,150.000005722046
220,97,174960,2,0,L|222:251,1,150.000005722046
301,248,175429,2,0,L|306:93,1,150.000005722046
393,93,175898,2,0,L|387:249,1,150.000005722046
387,242,176367,2,0,L|386:85,1,150.000005722046
310,141,179589,2,0,P|308:150|268:116,1,100
219,104,180117,5,0,0:0:0:0:
151,111,180585,2,0,P|197:44|220:33,3,100
250,68,181523,5,0,0:0:0:0:
292,126,181757,1,0,0:0:0:0:
298,194,181992,1,0,0:0:0:0:
263,260,182226,2,0,L|220:306,2,50
204,211,182695,2,0,P|204:148|221:106,1,100
259,41,183164,1,0,0:0:0:0:
305,70,183398,5,0,0:0:0:0:
295,137,183632,1,0,0:0:0:0:
359,165,183867,2,0,L|328:275,1,100
302,326,184335,1,0,0:0:0:0:
227,289,184570,1,0,0:0:0:0:
186,224,184804,1,0,0:0:0:0:
190,123,185039,1,0,0:0:0:0:
271,142,185273,1,0,0:0:0:0:
259,215,185507,1,0,0:0:0:0:
209,187,185742,5,0,0:0:0:0:
189,252,185976,2,0,P|148:322|121:324,3,100
87,268,186914,1,0,0:0:0:0:
86,199,187148,1,0,0:0:0:0:
139,160,187382,1,0,0:0:0:0:
204,138,187617,5,0,0:0:0:0:
246,97,187851,2,0,L|301:101,2,50
374,130,188320,2,0,L|368:238,1,100
327,278,188789,1,0,0:0:0:0:
263,298,189023,2,0,P|208:267|197:235,2,100
299,311,189726,6,0,L|346:270,2,50
234,284,190195,1,0,0:0:0:0:
224,209,190429,1,0,0:0:0:0:
162,214,190663,1,0,0:0:0:0:
160,141,190898,1,0,0:0:0:0:
202,200,191132,2,0,L|88:203,1,100
106,266,191601,5,0,0:0:0:0:
162,316,191835,1,0,0:0:0:0:
237,268,192070,2,0,L|308:184,2,100
169,299,192773,1,0,0:0:0:0:
140,237,193007,1,0,0:0:0:0:
192,184,193242,1,0,0:0:0:0:
247,134,193476,6,0,L|307:241,1,100
299,311,193945,6,0,L|346:270,4,50
397,332,194531,2,0,L|451:288,1,50
435,301,194765,2,0,L|445:218,1,75
443,227,195117,2,0,L|347:179,1,100
290,161,195585,5,0,0:0:0:0:
220,163,195820,1,0,0:0:0:0:
202,239,196054,1,0,0:0:0:0:
259,277,196289,1,0,0:0:0:0:
321,234,196523,2,0,L|391:145,1,100
347,94,196992,1,0,0:0:0:0:
243,159,197226,6,0,L|290:118,2,50
277,229,197695,6,0,L|173:272,1,100
160,217,198164,1,0,0:0:0:0:
220,160,198398,2,0,L|129:109,1,100
93,183,198867,1,0,0:0:0:0:
113,256,199101,1,0,0:0:0:0:
189,255,199335,1,0,0:0:0:0:
243,205,199570,2,0,L|318:290,1,100
377,292,200039,1,0,0:0:0:0:
309,344,200273,1,0,0:0:0:0:
228,332,200507,5,0,0:0:0:0:
175,301,200742,1,0,0:0:0:0:
145,219,200976,1,0,0:0:0:0:
174,157,201210,1,0,0:0:0:0:
232,112,201445,2,0,P|288:192|291:209,2,100
167,52,202148,1,0,0:0:0:0:
136,133,202382,2,0,L|188:242,1,100
229,276,202851,1,0,0:0:0:0:
301,251,203085,5,0,0:0:0:0:
327,186,203320,1,0,0:0:0:0:
277,150,203554,1,0,0:0:0:0:
244,226,203789,2,0,L|143:197,1,100
88,176,204257,1,0,0:0:0:0:
85,252,204492,1,0,0:0:0:0:
164,303,204726,6,0,L|211:262,2,50
265,220,205195,6,0,L|325:308,1,100
379,281,205664,1,0,0:0:0:0:
384,217,205898,1,0,0:0:0:0:
361,162,206132,1,0,0:0:0:0:
302,174,206367,2,0,L|242:75,1,100
193,71,206835,1,0,0:0:0:0:
144,122,207070,1,0,0:0:0:0:
180,187,207304,1,0,0:0:0:0:
235,155,207539,6,0,L|347:134,1,100
393,157,208007,1,0,0:0:0:0:
387,222,208242,1,0,0:0:0:0:
274,257,208476,6,0,L|321:216,2,50
284,334,208945,2,0,L|180:328,1,100
177,327,209414,6,0,L|114:234,1,100
128,173,209883,1,0,0:0:0:0:
155,119,210117,1,0,0:0:0:0:
202,154,210351,1,0,0:0:0:0:
275,121,210585,2,0,L|328:225,1,100
357,260,211054,1,0,0:0:0:0:
298,313,211289,1,0,0:0:0:0:
216,307,211523,1,0,0:0:0:0:
181,243,211757,1,0,0:0:0:0:
235,195,211992,5,0,0:0:0:0:
270,138,212226,2,0,L|317:97,2,50
242,186,212695,2,0,L|350:205,1,100
356,270,213164,1,0,0:0:0:0:
285,269,213398,1,0,0:0:0:0:
303,180,213632,6,0,L|416:225,1,100
396,285,214101,1,0,0:0:0:0:
328,304,214335,1,0,0:0:0:0:
251,270,214570,1,0,0:0:0:0:
188,244,214804,1,0,0:0:0:0:
168,166,215039,1,0,0:0:0:0:
247,176,215273,1,0,0:0:0:0:
218,254,215507,1,0,0:0:0:0:
284,307,215742,1,0,0:0:0:0:
340,255,215976,6,0,P|295:188|261:178,1,100
221,188,216445,2,0,P|214:116|231:76,1,100
265,46,216914,2,0,L|331:77,2,50
206,62,217382,5,0,0:0:0:0:
183,135,217617,1,0,0:0:0:0:
211,198,217851,1,0,0:0:0:0:
250,233,218085,2,0,L|185:326,1,100
120,305,218554,1,0,0:0:0:0:
155,212,218789,6,0,L|40:247,1,100
76,316,219257,1,0,0:0:0:0:
137,278,219492,1,0,0:0:0:0:
209,223,219726,2,0,L|256:182,2,50
205,119,220195,5,0,0:0:0:0:
284,98,220429,2,0,L|283:211,1,100
225,219,220898,1,0,0:0:0:0:
275,279,221132,1,0,0:0:0:0:
299,202,221367,1,0,0:0:0:0:
357,263,221601,1,0,0:0:0:0:
441,249,221835,2,0,L|450:360,1,100
377,351,222305,1,0,0:0:0:0:
298,321,222539,2,0,L|226:224,1,100
224,167,223008,5,0,0:0:0:0:
145,161,223242,1,0,0:0:0:0:
150,240,223476,2,0,L|271:233,1,100
291,288,223945,1,0,0:0:0:0:
247,242,224180,1,0,0:0:0:0:
190,189,224414,1,0,0:0:0:0:
260,159,224648,2,0,L|176:70,1,100
214,51,225117,5,0,0:0:0:0:
295,71,225351,1,0,0:0:0:0:
324,156,225585,2,0,L|417:79,1,100
433,156,226054,1,0,0:0:0:0:
402,210,226289,1,0,0:0:0:0:
360,255,226523,1,0,0:0:0:0:
286,238,226757,2,0,L|311:188,2,50
299,311,227226,2,0,L|346:270,2,50
396,240,227695,6,0,L|400:358,1,100
331,348,228164,1,0,0:0:0:0:
254,332,228398,1,0,0:0:0:0:
177,301,228632,2,0,L|177:192,1,100
177,116,229101,1,0,0:0:0:0:
254,126,229335,1,0,0:0:0:0:
236,195,229570,1,0,0:0:0:0:
306,204,229804,1,0,0:0:0:0:
313,129,230039,1,0,0:0:0:0:
231,137,230273,6,0,L|237:246,1,100
230,241,230742,2,0,L|160:166,1,100
177,111,231210,1,0,0:0:0:0:
237,132,231445,1,0,0:0:0:0:
291,154,231679,1,0,0:0:0:0:
224,201,231914,2,0,L|224:85,1,100
278,64,232382,1,0,0:0:0:0:
197,61,232617,1,0,0:0:0:0:
151,138,232851,6,0,L|152:252,1,100
153,290,233320,1,0,0:0:0:0:
197,336,233554,1,0,0:0:0:0:
257,334,233789,1,0,0:0:0:0:
229,267,234023,6,0,L|332:198,1,100
345,155,234492,1,0,0:0:0:0:
355,103,234726,2,0,L|402:62,2,50
282,120,235195,1,0,0:0:0:0:
215,148,235429,5,0,0:0:0:0:
221,220,235664,1,0,0:0:0:0:
307,259,235898,1,0,0:0:0:0:
332,174,236132,2,0,L|219:151,1,100
225,164,236601,2,0,L|245:266,1,100
250,260,237070,2,0,L|295:362,1,100
348,337,237539,2,0,L|282:248,1,100
225,265,238007,1,0,0:0:0:0:
186,222,238242,1,0,0:0:0:0:
266,186,238476,6,0,L|313:145,2,50
323,95,238945,2,0,L|401:169,1,100
366,217,239414,2,0,L|286:293,1,100
